   10322.0000000000      -6.144671609129264E-003
   10322.0780000000      -6.142054807027439E-003
   10322.1560000000      -6.139410164834863E-003
   10322.2340000000      -6.136743688587468E-003
   10322.3120000000      -6.134055084366610E-003
   10322.3900000000      -6.131344052228954E-003
   10322.4680000000      -6.128610286022245E-003
   10322.5460000000      -6.125860688262014E-003
   10322.6240000000      -6.123080654517955E-003
   10322.7020000000      -6.120276935607223E-003
   10322.7800000000      -6.117449198837072E-003
   10322.8580000000      -6.114597104276828E-003
   10322.9360000000      -6.111720304521262E-003
   10323.0140000000      -6.108818444443332E-003
   10323.0920000000      -6.105890925557024E-003
   10323.1700000000      -6.102937845045100E-003
   10323.2480000000      -6.099958589841114E-003
   10323.3260000000      -6.096943516965411E-003
   10323.4040000000      -6.093910508296600E-003
   10323.4820000000      -6.090850120503646E-003
   10323.5600000000      -6.087761935913085E-003
   10323.6380000000      -6.084645288128823E-003
   10323.7160000000      -6.081489759487200E-003
   10323.7940000000      -6.078315284927329E-003
   10323.8720000000      -6.075111223388732E-003
   10323.9500000000      -6.071865796319545E-003
   10324.0280000000      -6.068600797335599E-003
   10324.1060000000      -6.065304737683030E-003
   10324.1840000000      -6.061964566179277E-003
   10324.2620000000      -6.058604448161597E-003
   10324.3400000000      -6.055198636356902E-003
   10324.4180000000      -6.051772217388621E-003
   10324.4960000000      -6.048298130923947E-003
   10324.5740000000      -6.044788748066562E-003
   10324.6520000000      -6.041258115414415E-003
   10324.7300000000      -6.037676296026109E-003
   10324.8080000000      -6.034057320573051E-003
   10324.8860000000      -6.030400184404323E-003
   10324.9640000000      -6.026704095157720E-003
   10325.0420000000      -6.022985739610339E-003
   10325.1200000000      -6.019209901691679E-003
   10325.1980000000      -6.015392581512682E-003
   10325.2760000000      -6.011512966628211E-003
   10325.3540000000      -6.007609045786524E-003
   10325.4320000000      -6.003660677223498E-003
   10325.5100000000      -5.999666797683077E-003
   10325.5880000000      -5.995626293382973E-003
   10325.6660000000      -5.991513668091860E-003
   10325.7440000000      -5.987375194729498E-003
   10325.8220000000      -5.983159556611162E-003
   10325.9000000000      -5.978889153712363E-003
   10325.9780000000      -5.974592394032823E-003
   10326.0560000000      -5.970209377605893E-003
   10326.1340000000      -5.965766222566001E-003
   10326.2120000000      -5.961260718259650E-003
   10326.2900000000      -5.956690476406821E-003
   10326.3680000000      -5.952052909431328E-003
   10326.4460000000      -5.947302559121646E-003
   10326.5240000000      -5.942518396425707E-003
   10326.6020000000      -5.937608337143929E-003
   10326.6800000000      -5.932609831233151E-003
   10326.7580000000      -5.927517308884255E-003
   10326.8360000000      -5.922324462563498E-003
   10326.9140000000      -5.917024110203443E-003
   10326.9920000000      -5.911531030934225E-003
   10327.0700000000      -5.905981607547613E-003
   10327.1480000000      -5.900102214403609E-003
   10327.2260000000      -5.894132860838525E-003
   10327.3040000000      -5.887838652143845E-003
   10327.3820000000      -5.881278578654351E-003
   10327.4600000000      -5.874228291010679E-003
   10327.5380000000      -5.866729341652000E-003
   10327.6160000000      -5.858120888362892E-003
   10327.6940000000      -5.848468167716581E-003
   10327.7720000000      -5.836292146433234E-003
   10327.8500000000      -5.820103305409847E-003
   10327.9280000000      -5.789505255588325E-003
   10328.0060000000      -5.657004298788605E-003
   10328.0840000000      -4.488716893929656E-003
   10328.1620000000      -4.227550438932261E-003
   10328.2400000000      -4.068376082521544E-003
   10328.3180000000      -3.930795367172833E-003
   10328.3960000000      -3.798913672927208E-003
   10328.4740000000      -3.675557904258068E-003
   10328.5520000000      -3.549806823601984E-003
   10328.6300000000      -3.421188118017482E-003
   10328.7080000000      -3.294069216985500E-003
   10328.7860000000      -3.162998770505136E-003
   10328.8640000000      -3.027732235069222E-003
   10328.9420000000      -2.888061766778799E-003
   10329.0200000000      -2.745757769309850E-003
   10329.0980000000      -2.600626488353903E-003
   10329.1760000000      -2.448232355369041E-003
   10329.2540000000      -2.292247937774538E-003
   10329.3320000000      -2.130600434628802E-003
   10329.4100000000      -1.963454060078305E-003
   10329.4880000000      -1.789920125503055E-003
   10329.5660000000      -1.612004272225816E-003
   10329.6440000000      -1.425658721043536E-003
   10329.7220000000      -1.234462281696169E-003
   10329.8000000000      -1.036281816132210E-003
   10329.8780000000      -8.290483243581451E-004
   10329.9560000000      -6.174014246396464E-004
   10330.0340000000      -3.967420507785709E-004
   10330.1120000000      -1.680593123560134E-004
   10330.1899999999       6.886555932651001E-005
   10330.2679999999       3.132371524002210E-004
   10330.3459999999       5.675679450441052E-004
   10330.4239999999       8.300143549458388E-004
   10330.5019999999       1.102941498801533E-003
   10330.5799999999       1.384679503039847E-003
   10330.6579999999       1.676467577894590E-003
   10330.7359999999       1.979784375102867E-003
   10330.8139999999       2.292823905549941E-003
   10330.8919999999       2.616977221167389E-003
   10330.9699999999       2.952177490990163E-003
   10331.0479999999       3.299822618586451E-003
   10331.1259999999       3.659666780497358E-003
   10331.2039999999       4.030689286576824E-003
   10331.2819999999       4.416417463894441E-003
   10331.3599999999       4.815591590773099E-003
   10331.4379999999       5.228530108170271E-003
   10331.5159999999       5.654570906864110E-003
   10331.5939999999       6.096973936739729E-003
   10331.6719999999       6.553983547478297E-003
   10331.7499999999       7.026401699506631E-003
   10331.8279999999       7.515785691385730E-003
   10331.9059999999       8.020833799982169E-003
   10331.9839999999       8.544612601099382E-003
   10332.0619999999       9.084569161857594E-003
   10332.1399999999       9.642896663829528E-003
   10332.2179999999       1.022184158606073E-002
   10332.2959999999       1.081866739959289E-002
   10332.3739999999       1.143631505136988E-002
   10332.4519999999       1.207501644108703E-002
   10332.5299999999       1.273420985611322E-002
   10332.6079999999       1.341522223534855E-002
   10332.6859999999       1.411909122436576E-002
   10332.7639999999       1.484617007387238E-002
   10332.8419999999       1.559704744405807E-002
   10332.9199999999       1.637375697603189E-002
   10332.9979999999       1.717453472683262E-002
   10333.0759999999       1.800228241492593E-002
   10333.1539999999       1.885601053044214E-002
   10333.2319999999       1.973744075253665E-002
   10333.3099999999       2.064812681444347E-002
   10333.3879999999       2.158718253805125E-002
   10333.4659999999       2.255638049166852E-002
   10333.5439999999       2.355606026396100E-002
   10333.6219999999       2.458813423833101E-002
   10333.6999999999       2.565315314374379E-002
   10333.7779999999       2.675144374421397E-002
   10333.8559999999       2.788422566592161E-002
   10333.9339999999       2.905281924602317E-002
   10334.0119999999       3.025692177759814E-002
   10334.0899999999       3.149874674487278E-002
   10334.1679999999       3.277894605006104E-002
   10334.2459999999       3.409978456012358E-002
   10334.3239999999       3.545928865740240E-002
   10334.4019999999       3.686117133430544E-002
   10334.4799999999       3.830586131528236E-002
   10334.5579999999       3.979493736254348E-002
   10334.6359999999       4.132728313954653E-002
   10334.7139999999       4.290741576067456E-002
   10334.7919999999       4.453382846613821E-002
   10334.8699999999       4.620902903401948E-002
   10334.9479999999       4.793400738464876E-002
   10335.0259999999       4.970983611523290E-002
   10335.1039999999       5.153896327176403E-002
   10335.1819999999       5.342014892456570E-002
   10335.2599999999       5.535807958392953E-002
   10335.3379999999       5.735122703597882E-002
   10335.4159999999       5.940236298815802E-002
   10335.4939999999       6.151224016449958E-002
   10335.5719999999       6.368356076437631E-002
   10335.6499999999       6.591642340194069E-002
   10335.7279999999       6.821312170593910E-002
   10335.8059999999       7.057434259186032E-002
   10335.8839999999       7.300406251970172E-002
   10335.9619999999       7.550004739125964E-002
   10336.0399999999       7.806685975286318E-002
   10336.1179999999       8.070487873941949E-002
   10336.1959999999       8.341578753638490E-002
   10336.2739999999       8.620176363791356E-002
   10336.3519999999       8.906396628785326E-002
   10336.4299999999       9.200485500421191E-002
   10336.5079999999       9.502598000153330E-002
   10336.5859999999       9.812825869288501E-002
   10336.6639999999       0.101314415569132     
   10336.7419999999       0.104586910619834     
   10336.8199999999       0.107946158052686     
   10336.8979999999       0.111394454451804     
   10336.9759999999       0.114934641717763     
   10337.0539999999       0.118568066925955     
   10337.1319999999       0.122296417328058     
   10337.2099999999       0.126121757036330     
   10337.2879999999       0.130047040755520     
   10337.3659999999       0.134073715287375     
   10337.4439999999       0.138203531353557     
   10337.5219999999       0.142438724138454     
   10337.5999999999       0.146782356043170     
   10337.6779999999       0.151235967353506     
   10337.7559999999       0.155801380149814     
   10337.8339999999       0.160480996355724     
   10337.9119999999       0.165277624887445     
   10337.9899999999       0.170193595346089     
   10338.0679999999       0.175230827892800     
   10338.1459999999       0.180391155466440     
   10338.2239999999       0.185677855442074     
   10338.3019999999       0.191093305524918     
   10338.3799999999       0.196639080165734     
   10338.4579999999       0.202317818800854     
   10338.5359999999       0.208132389772678     
   10338.6139999999       0.214085720271551     
   10338.6919999999       0.220181160805991     
   10338.7699999999       0.226418054464421     
   10338.8479999999       0.232800907011413     
   10338.9259999999       0.239332734492922     
   10339.0039999999       0.246015953841965     
   10339.0819999999       0.252852354842729     
   10339.1599999999       0.259844947966538     
   10339.2379999999       0.266996956796674     
   10339.3159999999       0.274310854264072     
   10339.3939999999       0.281788528142981     
   10339.4719999999       0.289433009393087     
   10339.5499999999       0.297247425461846     
   10339.6279999999       0.305234970713313     
   10339.7059999999       0.313398083763774     
   10339.7839999999       0.321738758279095     
   10339.8619999999       0.330260231424846     
   10339.9399999999       0.338965869652828     
   10340.0179999999       0.347858130566271     
   10340.0959999999       0.356939092957297     
   10340.1739999999       0.366211961749300     
   10340.2519999999       0.375679967524506     
   10340.3299999999       0.385346409612297     
   10340.4079999999       0.395213668869120     
   10340.4859999999       0.405283914208999     
   10340.5639999999       0.415560512901575     
   10340.6419999999       0.426045513471953     
   10340.7199999999       0.436743990642420     
   10340.7979999999       0.447657525634951     
   10340.8759999999       0.458788340527676     
   10340.9539999999       0.470139833971249     
   10341.0319999999       0.481715425546525     
   10341.1099999999       0.493517372743628     
   10341.1879999999       0.505547934911800     
   10341.2659999999       0.517810376599869     
   10341.3439999999       0.530307612040940     
   10341.4219999999       0.543043537122215     
   10341.4999999999       0.556019864135545     
   10341.5779999999       0.569238857237345     
   10341.6559999999       0.582703731692112     
   10341.7339999999       0.596417631518510     
   10341.8119999999       0.610383750799004     
   10341.8899999999       0.624603716959004     
   10341.9679999999       0.639080272725220     
   10342.0459999999       0.653816273741046     
   10342.1239999999       0.668814754091455     
   10342.2019999999       0.684078786328065     
   10342.2799999999       0.699609790291802     
   10342.3579999999       0.715410436021360     
   10342.4359999999       0.731483442765588     
   10342.5139999999       0.747831690240831     
   10342.5919999999       0.764458081353598     
   10342.6699999999       0.781363788198054     
   10342.7479999999       0.798551365205633     
   10342.8259999999       0.816023345357970     
   10342.9039999999       0.833782406789033     
   10342.9819999999       0.851831231566900     
   10343.0599999999       0.870170702899192     
   10343.1379999999       0.888803212489640     
   10343.2159999999       0.907731055079547     
   10343.2939999999       0.926956657712932     
   10343.3719999999       0.946482186075247     
   10343.4499999999       0.966308918318997     
   10343.5279999999       0.986438307178255     
   10343.6059999999        1.00687227331311     
   10343.6839999999        1.02761366683360     
   10343.7619999999        1.04866409945061     
   10343.8399999999        1.07002403863970     
   10343.9179999999        1.09169442058962     
   10343.9959999999        1.11367838050026     
   10344.0739999999        1.13597682641008     
   10344.1519999999        1.15858995286554     
   10344.2299999999        1.18152147771557     
   10344.3079999999        1.20477046595021     
   10344.3859999999        1.22833759627886     
   10344.4639999999        1.25222489513151     
   10344.5419999999        1.27643337360675     
   10344.6199999999        1.30096420534517     
   10344.6979999999        1.32581654887796     
   10344.7759999999        1.35099154137904     
   10344.8539999999        1.37648989951739     
   10344.9319999999        1.40231221966916     
   10345.0099999999        1.42845962650101     
   10345.0879999999        1.45492978867285     
   10345.1659999999        1.48172541691437     
   10345.2439999999        1.50884510964606     
   10345.3219999999        1.53628850899048     
   10345.3999999999        1.56405684891642     
   10345.4779999999        1.59214969743932     
   10345.5559999999        1.62056499488867     
   10345.6339999999        1.64930284840669     
   10345.7119999999        1.67836278795377     
   10345.7899999999        1.70774423792985     
   10345.8679999999        1.73744700862005     
   10345.9459999999        1.76746756843084     
   10346.0239999999        1.79780729198762     
   10346.1019999999        1.82846363059904     
   10346.1799999999        1.85943489581576     
   10346.2579999999        1.89072103552697     
   10346.3359999999        1.92231998712513     
   10346.4139999998        1.95422895630354     
   10346.4919999998        1.98644614693259     
   10346.5699999998        2.01896965489372     
   10346.6479999998        2.05179828917535     
   10346.7259999998        2.08492797590217     
   10346.8039999998        2.11835887655476     
   10346.8819999998        2.15208577070559     
   10346.9599999998        2.18610674526211     
   10347.0379999998        2.22041911265991     
   10347.1159999998        2.25502011530306     
   10347.1939999998        2.28990713738535     
   10347.2719999998        2.32507450404924     
   10347.3499999998        2.36052116796694     
   10347.4279999998        2.39624202009390     
   10347.5059999998        2.43223432215788     
   10347.5839999998        2.46849421276826     
   10347.6619999998        2.50501815165228     
   10347.7399999998        2.54179964325515     
   10347.8179999998        2.57883674626461     
   10347.8959999998        2.61612398068235     
   10347.9739999998        2.65365639088787     
   10348.0519999998        2.69143080804804     
   10348.1299999998        2.72944171778893     
   10348.2079999998        2.76768311285155     
   10348.2859999998        2.80614979667256     
   10348.3639999998        2.84483762708463     
   10348.4419999998        2.88374004363474     
   10348.5199999998        2.92285304575681     
   10348.5979999998        2.96217018136593     
   10348.6759999998        3.00168461604423     
   10348.7539999998        3.04139034345076     
   10348.8319999998        3.08128233207972     
   10348.9099999998        3.12135318417750     
   10348.9879999998        3.16159808660219     
   10349.0659999998        3.20200967130374     
   10349.1439999998        3.24258031638429     
   10349.2219999998        3.28330323151429     
   10349.2999999998        3.32417252942234     
   10349.3779999998        3.36518001397326     
   10349.4559999998        3.40631991709618     
   10349.5339999998        3.44758453878962     
   10349.6119999998        3.48896436220639     
   10349.6899999998        3.53045391121269     
   10349.7679999998        3.57204415644449     
   10349.8459999998        3.61372818710550     
   10349.9239999998        3.65549812222203     
   10350.0019999998        3.69734589989105     
   10350.0799999998        3.73926140237482     
   10350.1579999998        3.78123837650211     
   10350.2359999998        3.82326715701557     
   10350.3139999998        3.86533994539246     
   10350.3919999998        3.90744882191332     
   10350.4699999998        3.94958296998364     
   10350.5479999998        3.99173618985724     
   10350.6259999998        4.03389705407104     
   10350.7039999998        4.07605753693505     
   10350.7819999998        4.11820848122073     
   10350.8599999998        4.16034165867332     
   10350.9379999998        4.20244568726284     
   10351.0159999998        4.24451361547397     
   10351.0939999998        4.28653415334611     
   10351.1719999998        4.32849794439851     
   10351.2499999998        4.37039637777759     
   10351.3279999998        4.41221873747203     
   10351.4059999998        4.45395694351417     
   10351.4839999998        4.49560046217473     
   10351.5619999998        4.53713789375443     
   10351.6399999998        4.57856126064582     
   10351.7179999998        4.61985952623960     
   10351.7959999998        4.66102347899635     
   10351.8739999998        4.70204385460025     
   10351.9519999998        4.74290840318398     
   10352.0299999998        4.78360966319614     
   10352.1079999998        4.82413524205367     
   10352.1859999998        4.86447575846270     
   10352.2639999998        4.90462182809749     
   10352.3419999998        4.94456223690499     
   10352.4199999998        4.98428872046508     
   10352.4979999998        5.02378963435724     
   10352.5759999998        5.06305397518848     
   10352.6539999998        5.10207320701526     
   10352.7319999998        5.14083613970994     
   10352.8099999998        5.17933340999451     
   10352.8879999998        5.21755565369066     
   10352.9659999998        5.25549047253655     
   10353.0439999998        5.29313020302747     
   10353.1219999998        5.33046319960036     
   10353.1999999998        5.36747966081247     
   10353.2779999998        5.40417052184630     
   10353.3559999998        5.44052481005596     
   10353.4339999998        5.47653447852965     
   10353.5119999998        5.51218849558896     
   10353.5899999998        5.54747605885778     
   10353.6679999998        5.58238887663961     
   10353.7459999998        5.61691714863539     
   10353.8239999998        5.65105134058520     
   10353.9019999998        5.68478161574992     
   10353.9799999998        5.71810040304946     
   10354.0579999998        5.75099658888176     
   10354.1359999998        5.78346049902765     
   10354.2139999998        5.81548448825059     
   10354.2919999998        5.84705861000947     
   10354.3699999998        5.87817476932447     
   10354.4479999998        5.90882495116385     
   10354.5259999998        5.93899804183641     
   10354.6039999998        5.96868785782397     
   10354.6819999998        5.99788457631756     
   10354.7599999998        6.02658008983252     
   10354.8379999998        6.05476652074410     
   10354.9159999998        6.08243640340520     
   10354.9939999998        6.10958214286002     
   10355.0719999998        6.13619395743846     
   10355.1499999998        6.16226645618631     
   10355.2279999998        6.18779085261693     
   10355.3059999998        6.21276004023197     
   10355.3839999998        6.23716714928456     
   10355.4619999998        6.26100579968314     
   10355.5399999998        6.28426949233904     
   10355.6179999998        6.30694949099204     
   10355.6959999998        6.32904171558252     
   10355.7739999998        6.35053808822010     
   10355.8519999998        6.37143319726184     
   10355.9299999998        6.39172118736013     
   10356.0079999998        6.41139693524596     
   10356.0859999998        6.43045520606501     
   10356.1639999998        6.44888848447654     
   10356.2419999998        6.46669397957166     
   10356.3199999998        6.48386500224330     
   10356.3979999998        6.50039746950990     
   10356.4759999998        6.51628686055316     
   10356.5539999998        6.53152945220987     
   10356.6319999998        6.54612140456071     
   10356.7099999998        6.56005657017467     
   10356.7879999998        6.57333356868683     
   10356.8659999998        6.58594722732508     
   10356.9439999998        6.59789490461602     
   10357.0219999998        6.60917353068420     
   10357.0999999998        6.61978088741803     
   10357.1779999998        6.62971462965177     
   10357.2559999998        6.63897008337739     
   10357.3339999998        6.64754719704366     
   10357.4119999998        6.65544290380430     
   10357.4899999998        6.66265558146291     
   10357.5679999998        6.66918384950410     
   10357.6459999998        6.67502692269153     
   10357.7239999998        6.68018443103148     
   10357.8019999998        6.68465282216213     
   10357.8799999998        6.68843372317905     
   10357.9579999998        6.69152539580686     
   10358.0359999998        6.69392873188701     
   10358.1139999998        6.69564295724954     
   10358.1919999998        6.69666920250807     
   10358.2699999998        6.69700703747702     
   10358.3479999998        6.69665934070178     
   10358.4259999998        6.69562443167993     
   10358.5039999998        6.69390384452690     
   10358.5819999998        6.69149971971234     
   10358.6599999998        6.68841350291745     
   10358.7379999998        6.68464761714755     
   10358.8159999998        6.68020290080676     
   10358.8939999998        6.67508383338895     
   10358.9719999998        6.66928989592080     
   10359.0499999998        6.66282607991846     
   10359.1279999998        6.65569388703957     
   10359.2059999998        6.64789705199342     
   10359.2839999998        6.63943883513273     
   10359.3619999998        6.63032339366704     
   10359.4399999998        6.62055511646321     
   10359.5179999998        6.61013522837561     
   10359.5959999998        6.59907008787379     
   10359.6739999998        6.58736292105865     
   10359.7519999998        6.57501922222149     
   10359.8299999998        6.56204295832911     
   10359.9079999998        6.54843997698064     
   10359.9859999998        6.53421435415015     
   10360.0639999998        6.51937350724980     
   10360.1419999998        6.50392054420499     
   10360.2199999998        6.48786133626310     
   10360.2979999998        6.47120247261841     
   10360.3759999998        6.45394987837199     
   10360.4539999998        6.43610962424327     
   10360.5319999998        6.41768886450765     
   10360.6099999998        6.39869428516428     
   10360.6879999998        6.37913024576705     
   10360.7659999998        6.35900559102684     
   10360.8439999998        6.33832629882515     
   10360.9219999998        6.31710036299291     
   10360.9999999998        6.29533430036992     
   10361.0779999998        6.27303647412958     
   10361.1559999998        6.25021329687796     
   10361.2339999998        6.22687459064448     
   10361.3119999998        6.20302511023295     
   10361.3899999998        6.17867496782486     
   10361.4679999998        6.15383101359258     
   10361.5459999998        6.12850198266288     
   10361.6239999998        6.10269599765513     
   10361.7019999998        6.07642217210646     
   10361.7799999998        6.04968779220274     
   10361.8579999998        6.02250375655894     
   10361.9359999998        5.99487588072277     
   10362.0139999998        5.96681368719598     
   10362.0919999998        5.93832653179923     
   10362.1699999998        5.90942331505822     
   10362.2479999998        5.88011286954537     
   10362.3259999998        5.85040516951942     
   10362.4039999998        5.82030936807835     
   10362.4819999998        5.78983247176264     
   10362.5599999998        5.75898565388461     
   10362.6379999997        5.72777739587795     
   10362.7159999997        5.69621754192909     
   10362.7939999997        5.66431564015848     
   10362.8719999997        5.63208129910247     
   10362.9499999997        5.59952301461759     
   10363.0279999997        5.56665246579812     
   10363.1059999997        5.53347625140329     
   10363.1839999997        5.50000582195080     
   10363.2619999997        5.46624996643409     
   10363.3399999997        5.43221902509809     
   10363.4179999997        5.39792188147099     
   10363.4959999997        5.36336920105785     
   10363.5739999997        5.32856925823328     
   10363.6519999997        5.29353383529363     
   10363.7299999997        5.25826962246598     
   10363.8079999997        5.22278805546685     
   10363.8859999997        5.18709817665648     
   10363.9639999997        5.15120959640811     
   10364.0419999997        5.11513178371864     
   10364.1199999997        5.07887510702218     
   10364.1979999997        5.04244763489580     
   10364.2759999997        5.00586097766465     
   10364.3539999997        4.96912167335228     
   10364.4319999997        4.93224103012187     
   10364.5099999997        4.89522737517653     
   10364.5879999997        4.85809049744237     
   10364.6659999997        4.82083935889194     
   10364.7439999997        4.78348400789516     
   10364.8219999997        4.74603205965221     
   10364.8999999997        4.70849470615937     
   10364.9779999997        4.67087810519594     
   10365.0559999997        4.63319304018271     
   10365.1339999997        4.59544737128986     
   10365.2119999997        4.55765036110915     
   10365.2899999997        4.51981039778700     
   10365.3679999997        4.48193699384695     
   10365.4459999997        4.44403710105598     
   10365.5239999997        4.40612127126138     
   10365.6019999997        4.36819509730316     
   10365.6799999997        4.33026846464870     
   10365.7579999997        4.29234906155495     
   10365.8359999997        4.25444494153034     
   10365.9139999997        4.21656390451127     
   10365.9919999997        4.17871473779975     
   10366.0699999997        4.14090356202425     
   10366.1479999997        4.10314010607803     
   10366.2259999997        4.06542925117170     
   10366.3039999997        4.02777997591542     
   10366.3819999997        3.99019896561620     
   10366.4599999997        3.95269366901542     
   10366.5379999997        3.91527134420144     
   10366.6159999997        3.87793917726501     
   10366.6939999997        3.84070263310391     
   10366.7719999997        3.80357048695768     
   10366.8499999997        3.76654679192034     
   10366.9279999997        3.72963950542415     
   10367.0059999997        3.69285438873674     
   10367.0839999997        3.65619789595086     
   10367.1619999997        3.61967618837880     
   10367.2399999997        3.58329486939482     
   10367.3179999997        3.54706082305470     
   10367.3959999997        3.51097927700326     
   10367.4739999997        3.47505404900955     
   10367.5519999997        3.43929210117392     
   10367.6299999997        3.40369820600220     
   10367.7079999997        3.36827775613728     
   10367.7859999997        3.33303588846975     
   10367.8639999997        3.29797714679598     
   10367.9419999997        3.26310740350541     
   10368.0199999997        3.22842944925282     
   10368.0979999997        3.19394988393671     
   10368.1759999997        3.15967070334729     
   10368.2539999997        3.12559755379932     
   10368.3319999997        3.09173403893802     
   10368.4099999997        3.05808467248094     
   10368.4879999997        3.02465256538548     
   10368.5659999997        2.99144273594027     
   10368.6439999997        2.95845687958459     
   10368.7219999997        2.92570049276360     
   10368.7999999997        2.89317466427835     
   10368.8779999997        2.86088390696195     
   10368.9559999997        2.82883082312432     
   10369.0339999997        2.79701853898857     
   10369.1119999997        2.76545000615024     
   10369.1899999997        2.73412751453263     
   10369.2679999997        2.70305483789033     
   10369.3459999997        2.67223239606668     
   10369.4239999997        2.64166459066951     
   10369.5019999997        2.61135142701020     
   10369.5799999997        2.58129626321736     
   10369.6579999997        2.55150077988010     
   10369.7359999997        2.52196682127837     
   10369.8139999997        2.49269586256727     
   10369.8919999997        2.46369074375331     
   10369.9699999997        2.43495089701698     
   10370.0479999997        2.40647972770884     
   10370.1259999997        2.37827646419688     
   10370.2039999997        2.35034345085774     
   10370.2819999997        2.32268133421381     
   10370.3599999997        2.29529120023338     
   10370.4379999997        2.26817405598583     
   10370.5159999997        2.24133019874524     
   10370.5939999997        2.21476156981324     
   10370.6719999997        2.18846651776138     
   10370.7499999997        2.16244752860545     
   10370.8279999997        2.13670296279826     
   10370.9059999997        2.11123420492409     
   10370.9839999997        2.08604101927406     
   10371.0619999997        2.06112358509209     
   10371.1399999997        2.03648206090910     
   10371.2179999997        2.01211585422509     
   10371.2959999997        1.98802613920004     
   10371.3739999997        1.96421134693378     
   10371.4519999997        1.94067020253337     
   10371.5299999997        1.91740339613227     
   10371.6079999997        1.89441004259342     
   10371.6859999997        1.87168962991613     
   10371.7639999997        1.84924166530354     
   10371.8419999997        1.82706491260129     
   10371.9199999997        1.80515993012763     
   10371.9979999997        1.78352348793592     
   10372.0759999997        1.76215661944695     
   10372.1539999997        1.74105652456751     
   10372.2319999997        1.72022310837089     
   10372.3099999997        1.69965487407084     
   10372.3879999997        1.67935067936567     
   10372.4659999997        1.65930945255322     
   10372.5439999997        1.63952935132333     
   10372.6219999997        1.62001043899773     
   10372.6999999997        1.60074882567902     
   10372.7779999997        1.58174502913243     
   10372.8559999997        1.56299581126992     
   10372.9339999997        1.54450053079237     
   10373.0119999997        1.52625722965659     
   10373.0899999997        1.50826428130613     
   10373.1679999997        1.49052018645210     
   10373.2459999997        1.47302264400672     
   10373.3239999997        1.45577136167603     
   10373.4019999997        1.43876194188221     
   10373.4799999997        1.42199452531648     
   10373.5579999997        1.40546558662185     
   10373.6359999997        1.38917407716097     
   10373.7139999997        1.37311771919081     
   10373.7919999997        1.35729454653417     
   10373.8699999997        1.34170276292070     
   10373.9479999997        1.32633974679686     
   10374.0259999997        1.31120499144628     
   10374.1039999997        1.29629372913865     
   10374.1819999997        1.28160585493682     
   10374.2599999997        1.26713768632077     
   10374.3379999997        1.25288789891612     
   10374.4159999997        1.23885402414192     
   10374.4939999997        1.22503387932546     
   10374.5719999997        1.21142550509625     
   10374.6499999997        1.19802608166565     
   10374.7279999997        1.18483500114613     
   10374.8059999997        1.17184725877728     
   10374.8839999997        1.15906261275843     
   10374.9619999997        1.14647734328630     
   10375.0399999997        1.13408996431914     
   10375.1179999997        1.12189792876006     
   10375.1959999997        1.10989895053882     
   10375.2739999997        1.09809101076288     
   10375.3519999997        1.08647120090251     
   10375.4299999997        1.07503891064377     
   10375.5079999997        1.06378900598010     
   10375.5859999997        1.05272121317176     
   10375.6639999997        1.04183186585821     
   10375.7419999997        1.03111941788178     
   10375.8199999997        1.02058133451499     
   10375.8979999997        1.01021531852391     
   10375.9759999997        1.00001938047749     
   10376.0539999997       0.989990611557255     
   10376.1319999997       0.980128477593737     
   10376.2099999997       0.970427813383595     
   10376.2879999997       0.960888383578645     
   10376.3659999997       0.951506661567247     
   10376.4439999997       0.942281107350494     
   10376.5219999997       0.933209278197961     
   10376.5999999997       0.924288938725325     
   10376.6779999997       0.915518195433501     
   10376.7559999997       0.906894214768327     
   10376.8339999997       0.898416593880427     
   10376.9119999997       0.890080214791140     
   10376.9899999997       0.881884936056029     
   10377.0679999997       0.873827426814996     
   10377.1459999997       0.865906214003952     
   10377.2239999997       0.858119006140375     
   10377.3019999997       0.850463680789313     
   10377.3799999997       0.842938497610678     
   10377.4579999997       0.835540646194444     
   10377.5359999997       0.828268566236242     
   10377.6139999997       0.821121704981632     
   10377.6919999997       0.814094940473222     
   10377.7699999997       0.807188368642594     
   10377.8479999997       0.800398863291311     
   10377.9259999997       0.793725120823682     
   10378.0039999997       0.787165035374753     
   10378.0819999997       0.780716657056880     
   10378.1599999997       0.774378473816967     
   10378.2379999997       0.768147908763738     
   10378.3159999997       0.762025028030996     
   10378.3939999997       0.756004879743220     
   10378.4719999997       0.750087708074677     
   10378.5499999997       0.744270652253620     
   10378.6279999997       0.738552547406253     
   10378.7059999997       0.732931494726326     
   10378.7839999997       0.727405720972895     
   10378.8619999996       0.721973920214134     
   10378.9399999996       0.716633685779728     
   10379.0179999996       0.711385300096688     
   10379.0959999996       0.706223991970689     
   10379.1739999996       0.701150161707661     
   10379.2519999996       0.696161236953156     
   10379.3299999996       0.691255983829507     
   10379.4079999996       0.686433159802833     
   10379.4859999996       0.681690987295165     
   10379.5639999996       0.677027913379060     
   10379.6419999996       0.672442864349177     
   10379.7199999996       0.667933625572149     
   10379.7979999996       0.663500762748434     
   10379.8759999996       0.659139619421096     
   10379.9539999996       0.654850864242122     
   10380.0319999996       0.650632160705682     
   10380.1099999996       0.646482692515628     
   10380.1879999996       0.642401001338378     
   10380.2659999996       0.638385713839246     
   10380.3439999996       0.634435979078062     
   10380.4219999996       0.630549739303122     
   10380.4999999996       0.626727755446682     
   10380.5779999996       0.622965606079022     
   10380.6559999996       0.619264074464626     
   10380.7339999996       0.615621000376115     
   10380.8119999996       0.612035829912517     
   10380.8899999996       0.608507385070425     
   10380.9679999996       0.605034446432775     
   10381.0459999996       0.601615813940866     
   10381.1239999996       0.598250872239888     
   10381.2019999996       0.594937731040397     
   10381.2799999996       0.591677405830198     
   10381.3579999996       0.588465598147766     
   10381.4359999996       0.585303317086905     
   10381.5139999996       0.582188735113215     
   10381.5919999996       0.579121346940712     
   10381.6699999996       0.576100099274579     
   10381.7479999996       0.573123964947572     
   10381.8259999996       0.570192516387465     
   10381.9039999996       0.567303927760820     
   10381.9819999996       0.564457883378367     
   10382.0599999996       0.561655113513322     
   10382.1379999996       0.558891452811220     
   10382.2159999996       0.556168091857680     
   10382.2939999996       0.553483416760349     
   10382.3719999996       0.550837053418920     
   10382.4499999996       0.548228168548940     
   10382.5279999996       0.545655881375554     
   10382.6059999996       0.543119943978787     
   10382.6839999996       0.540618727641929     
   10382.7619999996       0.538153589231802     
   10382.8399999996       0.535720612134854     
   10382.9179999996       0.533320562506388     
   10382.9959999996       0.530953334925198     
   10383.0739999996       0.528617401135702     
   10383.1519999996       0.526312548614343     
   10383.2299999996       0.524038060079019     
   10383.3079999996       0.521793210462348     
   10383.3859999996       0.519577939868852     
   10383.4639999996       0.517390697283928     
   10383.5419999996       0.515232991812372     
   10383.6199999996       0.513101058914370     
   10383.6979999996       0.510996267846879     
   10383.7759999996       0.508917245331742     
   10383.8539999996       0.506863997758847     
   10383.9319999996       0.504835949510542     
   10384.0099999996       0.502832548481834     
   10384.0879999996       0.500853167929458     
   10384.1659999996       0.498897884572623     
   10384.2439999996       0.496965227155074     
   10384.3219999996       0.495056858746488     
   10384.3999999996       0.493169138065012     
   10384.4779999996       0.491303473360906     
   10384.5559999996       0.489458826220558     
   10384.6339999996       0.487634909831780     
   10384.7119999996       0.485831592018336     
   10384.7899999996       0.484048363132103     
   10384.8679999996       0.482284627357271     
   10384.9459999996       0.480540620100102     
   10385.0239999996       0.478814943856144     
   10385.1019999996       0.477109311832723     
   10385.1799999996       0.475420210079526     
   10385.2579999996       0.473749199255125     
   10385.3359999996       0.472095234714819     
   10385.4139999996       0.470458242544977     
   10385.4919999996       0.468838049211220     
   10385.5699999996       0.467234258981516     
   10385.6479999996       0.465646405477599     
   10385.7259999996       0.464074732378210     
   10385.8039999996       0.462518011940777     
   10385.8819999996       0.460977863222266     
   10385.9599999996       0.459450929670759     
   10386.0379999996       0.457938894907862     
   10386.1159999996       0.456440677677017     
   10386.1939999996       0.454956088369268     
   10386.2719999996       0.453485188708211     
   10386.3499999996       0.452027320948297     
   10386.4279999996       0.450582113955370     
   10386.5059999996       0.449148984975197     
   10386.5839999996       0.447725302039691     
   10386.6619999996       0.446309747747647     
   10386.7399999996       0.444879980715209     
   10386.8179999996       0.442831612943876     
   10386.8959999996       0.440855008380838     
   10386.9739999996       0.439434344814985     
   10387.0519999996       0.438084355839184     
   10387.1299999996       0.436759994653226     
   10387.2079999996       0.435461652136055     
   10387.2859999996       0.434176997384891     
   10387.3639999996       0.432909065457289     
   10387.4419999996       0.431653261841427     
   10387.5199999996       0.430406308725674     
   10387.5979999996       0.429171428996584     
   10387.6759999996       0.427948218754937     
   10387.7539999996       0.426731517871196     
   10387.8319999996       0.425527742539126     
   10387.9099999996       0.424330396334849     
   10387.9879999996       0.423141267067728     
   10388.0659999996       0.421962906616848     
   10388.1439999996       0.420791550261949     
   10388.2219999996       0.419627882171604     
   10388.2999999996       0.418475159135635     
   10388.3779999996       0.417326913089007     
   10388.4559999996       0.416187712709670     
   10388.5339999996       0.415055758235065     
   10388.6119999996       0.413929255916428     
   10388.6899999996       0.412811451342620     
   10388.7679999996       0.411700601058807     
   10388.8459999996       0.410597683546686     
   10388.9239999996       0.409501052903902     
   10389.0019999996       0.408410439540776     
   10389.0799999996       0.407328882686821     
   10389.1579999996       0.406251376896934     
   10389.2359999996       0.405181621954451     
   10389.3139999996       0.404116884482299     
   10389.3919999996       0.403059512895751     
   10389.4699999996       0.402008089869652     
   10389.5479999996       0.400963384751976     
   10389.6259999996       0.399924550239691     
   10389.7039999996       0.398891951269151     
   10389.7819999996       0.397864653204198     
   10389.8599999996       0.396844546264646     
   10389.9379999996       0.395829431560457     
   10390.0159999996       0.394819346127432     
   10390.0939999996       0.393815343949154     
   10390.1719999996       0.392816544896552     
   10390.2499999996       0.391824981094634     
   10390.3279999996       0.390837360962646     
   10390.4059999996       0.389855255967573     
   10390.4839999996       0.388880394919679     
   10390.5619999996       0.387908593979711     
   10390.6399999996       0.386943791987832     
   10390.7179999996       0.385983825844422     
   10390.7959999996       0.385029351864945     
   10390.8739999996       0.384080182713343     
   10390.9519999996       0.383134536567192     
   10391.0299999996       0.382194882389273     
   10391.1079999996       0.381260276456949     
   10391.1859999996       0.380329486937401     
   10391.2639999996       0.379405061655533     
   10391.3419999996       0.378486177206507     
   10391.4199999996       0.377570481248497     
   10391.4979999996       0.376661616933617     
   10391.5759999996       0.375754692751563     
   10391.6539999996       0.374853985644192     
   10391.7319999996       0.373958244545844     
   10391.8099999996       0.373065981791542     
   10391.8879999996       0.372179209181619     
   10391.9659999996       0.371297108090376     
   10392.0439999996       0.370418349013579     
   10392.1219999996       0.369545781499260     
   10392.1999999996       0.368676864061303     
   10392.2779999996       0.367811335410172     
   10392.3559999996       0.366952322430720     
   10392.4339999996       0.366096589284860     
   10392.5119999996       0.365245793388164     
   10392.5899999996       0.364397748813482     
   10392.6679999996       0.363554743115431     
   10392.7459999996       0.362715705780681     
   10392.8239999996       0.361880386432915     
   10392.9019999996       0.361050819708454     
   10392.9799999996       0.360224583801687     
   10393.0579999996       0.359402048788461     
   10393.1359999996       0.358584695996066     
   10393.2139999996       0.357771202536252     
   10393.2919999996       0.356959856794991     
   10393.3699999996       0.356153875352579     
   10393.4479999996       0.355352217741232     
   10393.5259999996       0.354553668963053     
   10393.6039999996       0.353758632446070     
   10393.6819999996       0.352968873644738     
   10393.7599999996       0.352181313694432     
   10393.8379999996       0.351399561981244     
   10393.9159999996       0.350620523719490     
   10393.9939999996       0.349846708613237     
   10394.0719999996       0.349074877966332     
   10394.1499999996       0.348306584603668     
   10394.2279999996       0.347543287213775     
   10394.3059999996       0.346781980837966     
   10394.3839999996       0.346025579176382     
   10394.4619999996       0.345273384051669     
   10394.5399999996       0.344523689899536     
   10394.6179999996       0.343778772067778     
   10394.6959999996       0.343036253410762     
   10394.7739999996       0.342298102759969     
   10394.8519999996       0.341563862023606     
   10394.9299999996       0.340832310312582     
   10395.0079999996       0.340104619402700     
   10395.0859999996       0.339380067570172     
   10395.1639999995       0.338659324362077     
   10395.2419999995       0.337941669596114     
   10395.3199999995       0.337227068997157     
   10395.3979999995       0.336516998311663     
   10395.4759999995       0.335810904545944     
   10395.5539999995       0.335105545694254     
   10395.6319999995       0.334405597644518     
   10395.7099999995       0.333709903831182     
   10395.7879999995       0.333014720617857     
   10395.8659999995       0.332324545218293     
   10395.9439999995       0.331637944104846     
   10396.0219999995       0.330954496409755     
   10396.0999999995       0.330272439073578     
   10396.1779999995       0.329595369487880     
   10396.2559999995       0.328921737274785     
   10396.3339999995       0.328252277948796     
   10396.4119999995       0.327584631445346     
   10396.4899999995       0.326918606906235     
   10396.5679999995       0.326258612375194     
   10396.6459999995       0.325600902604550     
   10396.7239999995       0.324946028893572     
   10396.8019999995       0.324293779875238     
   10396.8799999995       0.323644364151132     
   10396.9579999995       0.322999117760985     
   10397.0359999995       0.322356624899142     
   10397.1139999995       0.321716649764932     
   10397.1919999995       0.321081235674798     
   10397.2699999995       0.320448007120070     
   10397.3479999995       0.319817351375669     
   10397.4259999995       0.319190304699958     
   10397.5039999995       0.318566059389362     
   10397.5819999995       0.317945227068299     
   10397.6599999995       0.317325906624172     
   10397.7379999995       0.316709876525547     
   10397.8159999995       0.316097487438317     
   10397.8939999995       0.315488457638156     
   10397.9719999995       0.314882022397142     
   10398.0499999995       0.314279037350296     
   10398.1279999995       0.313677609316117     
   10398.2059999995       0.313079505958541     
   10398.2839999995       0.312485160902036     
   10398.3619999995       0.311892463986651     
   10398.4399999995       0.311302566256650     
   10398.5179999995       0.310716018493683     
   10398.5959999995       0.310132391534893     
   10398.6739999995       0.309551477901877     
   10398.7519999995       0.308972912127635     
   10398.8299999995       0.308396740502173     
   10398.9079999995       0.307824994820548     
   10398.9859999995       0.307254832218723     
   10399.0639999995       0.306686916420895     
   10399.1419999995       0.306122350812513     
   10399.2199999995       0.305560434650507     
   10399.2979999995       0.305001947483325     
   10399.3759999995       0.304445151887311     
   10399.4539999995       0.303890565611458     
   10399.5319999995       0.303338583366973     
   10399.6099999995       0.302790012874861     
   10399.6879999995       0.302244014597376     
   10399.7659999995       0.301701573710341     
   10399.8439999995       0.301159836115143     
   10399.9219999995       0.300620703357837     
   10399.9999999995       0.300085298762306     
   10400.0779999995       0.299552481192163     
   10400.1559999995       0.299021623994984     
   10400.2339999995       0.298492416126469     
   10400.3119999995       0.297965848599500     
   10400.3899999995       0.297442234801243     
   10400.4679999995       0.296921167357446     
   10400.5459999995       0.296401707244651     
   10400.6239999995       0.295886070260104     
   10400.7019999995       0.295372853112166     
   10400.7799999995       0.294861266807541     
   10400.8579999995       0.294352558402680     
   10400.9359999995       0.293844981446402     
   10401.0139999995       0.293341162682175     
   10401.0919999995       0.292838544880729     
   10401.1699999995       0.292338645416349     
   10401.2479999995       0.291840876440289     
   10401.3259999995       0.291344631628141     
   10401.4039999995       0.290852445501162     
   10401.4819999995       0.290361015830267     
   10401.5599999995       0.289873607585784     
   10401.6379999995       0.289386954318086     
   10401.7159999995       0.288901756239690     
   10401.7939999995       0.288420929936486     
   10401.8719999995       0.287940464090623     
   10401.9499999995       0.287462681149371     
   10402.0279999995       0.286986774524155     
   10402.1059999995       0.286513719521814     
   10402.1839999995       0.286041311137640     
   10402.2619999995       0.285571522291966     
   10402.3399999995       0.285104411522202     
   10402.4179999995       0.284640471814778     
   10402.4959999995       0.284176817824544     
   10402.5739999995       0.283714487399024     
   10402.6519999995       0.283255382906907     
   10402.7299999995       0.282797989183408     
   10402.8079999995       0.282342666342743     
   10402.8859999995       0.281888981854196     
   10402.9639999995       0.281436329141414     
   10403.0419999995       0.280986062618130     
   10403.1199999995       0.280538366449557     
   10403.1979999995       0.280092557317885     
   10403.2759999995       0.279647885333703     
   10403.3539999995       0.279205806508969     
   10403.4319999995       0.278765718438325     
   10403.5099999995       0.278326844799557     
   10403.5879999995       0.277889534303291     
   10403.6659999995       0.277454622805425     
   10403.7439999995       0.277020700269689     
   10403.8219999995       0.276587714210996     
   10403.8999999995       0.276157143013807     
   10403.9779999995       0.275728540141519     
   10404.0559999995       0.275302083406369     
   10404.1339999995       0.274876253357481     
   10404.2119999995       0.274452854182488     
   10404.2899999995       0.274031168395579     
   10404.3679999995       0.273610121345379     
   10404.4459999995       0.273191419462226     
   10404.5239999995       0.272774368411557     
   10404.6019999995       0.272357894978116     
   10404.6799999995       0.271942600415217     
   10404.7579999995       0.271529240361943     
   10404.8359999995       0.271117703038168     
   10404.9139999995       0.270708068906337     
   10404.9919999995       0.270298772374437     
   10405.0699999995       0.269891905107688     
   10405.1479999995       0.269486410534334     
   10405.2259999995       0.269081449955894     
   10405.3039999995       0.268678473768917     
   10405.3819999995       0.268277042021397     
   10405.4599999995       0.267876212758949     
   10405.5379999995       0.267475895269940     
   10405.6159999995       0.267077606502722     
   10405.6939999995       0.266681207928604     
   10405.7719999995       0.266285536577529     
   10405.8499999995       0.265891888831240     
   10405.9279999995       0.265498249491478     
