   9425.00000000000        3.58732058931435     
   9425.13600000000        3.58722668914469     
   9425.27200000000        3.58713290834090     
   9425.40800000000        3.58703924878860     
   9425.54400000000        3.58694571241294     
   9425.68000000000        3.58685229880148     
   9425.81600000000        3.58675901476191     
   9425.95200000000        3.58666585992167     
   9426.08800000000        3.58657283637462     
   9426.22400000000        3.58647993639144     
   9426.36000000000        3.58638718181389     
   9426.49600000000        3.58629456268661     
   9426.63200000001        3.58620208612248     
   9426.76800000001        3.58610975201259     
   9426.90400000001        3.58601756273907     
   9427.04000000001        3.58592552073674     
   9427.17600000001        3.58583362605326     
   9427.31200000001        3.58574188616497     
   9427.44800000001        3.58565030118232     
   9427.58400000001        3.58555887376567     
   9427.72000000001        3.58546760410395     
   9427.85600000001        3.58537651138717     
   9427.99200000001        3.58528557346484     
   9428.12800000001        3.58519480437882     
   9428.26400000001        3.58510420710884     
   9428.40000000001        3.58501378214311     
   9428.53600000001        3.58492353777893     
   9428.67200000001        3.58483347459317     
   9428.80800000001        3.58474359585508     
   9428.94400000001        3.58465390491163     
   9429.08000000001        3.58456440261164     
   9429.21600000001        3.58447509767823     
   9429.35200000001        3.58438600403177     
   9429.48800000001        3.58429709971215     
   9429.62400000001        3.58420839853896     
   9429.76000000001        3.58411990972556     
   9429.89600000002        3.58403163452596     
   9430.03200000002        3.58394357699832     
   9430.16800000002        3.58385575267019     
   9430.30400000002        3.58376814349725     
   9430.44000000002        3.58368076480829     
   9430.57600000002        3.58359362108688     
   9430.71200000002        3.58350672896818     
   9430.84800000002        3.58342006958425     
   9430.98400000002        3.58333365934046     
   9431.12000000002        3.58324750320196     
   9431.25600000002        3.58316161920194     
   9431.39200000002        3.58307598725575     
   9431.52800000002        3.58299062513021     
   9431.66400000002        3.58290555472993     
   9431.80000000002        3.58282074664649     
   9431.93600000002        3.58273622829922     
   9432.07200000002        3.58265201995742     
   9432.20800000002        3.58256809396292     
   9432.34400000002        3.58248447038425     
   9432.48000000002        3.58240117967409     
   9432.61600000002        3.58231818987553     
   9432.75200000002        3.58223554104990     
   9432.88800000002        3.58215320969010     
   9433.02400000002        3.58207123710490     
   9433.16000000003        3.58198959320671     
   9433.29600000003        3.58190832089930     
   9433.43200000003        3.58182739535605     
   9433.56800000003        3.58174686113414     
   9433.70400000003        3.58166668346242     
   9433.84000000003        3.58158691808360     
   9433.97600000003        3.58150752907281     
   9434.11200000003        3.58142856821933     
   9434.24800000003        3.58134999843867     
   9434.38400000003        3.58127188018020     
   9434.52000000003        3.58119419818162     
   9434.65600000003        3.58111693631529     
   9434.79200000003        3.58104015844733     
   9434.92800000003        3.58096384911096     
   9435.06400000003        3.58088799162866     
   9435.20000000003        3.58081265399655     
   9435.33600000003        3.58073782037582     
   9435.47200000003        3.58066350015250     
   9435.60800000003        3.58058971293806     
   9435.74400000003        3.58051644133475     
   9435.88000000003        3.58044375064986     
   9436.01600000003        3.58037163480789     
   9436.15200000003        3.58030010531774     
   9436.28800000004        3.58022917425900     
   9436.42400000004        3.58015886438120     
   9436.56000000004        3.58008918876329     
   9436.69600000004        3.58002016113723     
   9436.83200000004        3.57995180611527     
   9436.96800000004        3.57988413858335     
   9437.10400000004        3.57981717417584     
   9437.24000000004        3.57975093961165     
   9437.37600000004        3.57968545186238     
   9437.51200000004        3.57962072875926     
   9437.64800000004        3.57955679941863     
   9437.78400000004        3.57949368322723     
   9437.92000000004        3.57943144207898     
   9438.05600000004        3.57937002640393     
   9438.19200000004        3.57930949843800     
   9438.32800000004        3.57924992674988     
   9438.46400000004        3.57919125791412     
   9438.60000000004        3.57913355719353     
   9438.73600000004        3.57907691235043     
   9438.87200000004        3.57902125356164     
   9439.00800000004        3.57896671153500     
   9439.14400000004        3.57891322379302     
   9439.28000000004        3.57886093121755     
   9439.41600000004        3.57880981482818     
   9439.55200000005        3.57875986087239     
   9439.68800000005        3.57871122386438     
   9439.82400000005        3.57866389594968     
   9439.96000000005        3.57861791921593     
   9440.09600000005        3.57857333818155     
   9440.23200000005        3.57853021110729     
   9440.36800000005        3.57848858356630     
   9440.50400000005        3.57844851943532     
   9440.64000000005        3.57841007377608     
   9440.77600000005        3.57837330503025     
   9440.91200000005        3.57833838233262     
   9441.04800000005        3.57830518183898     
   9441.18400000005        3.57827398168977     
   9441.32000000005        3.57824464632868     
   9441.45600000005        3.57821748634066     
   9441.59200000005        3.57819248174027     
   9441.72800000005        3.57816972521431     
   9441.86400000005        3.57814932821245     
   9442.00000000005        3.57813139337496     
   9442.13600000005        3.57811604804014     
   9442.27200000005        3.57810359369777     
   9442.40800000005        3.57809383125912     
   9442.54400000005        3.57808728628183     
   9442.68000000005        3.57808395924899     
   9442.81600000006        3.57808403253512     
   9442.95200000006        3.57808772673923     
   9443.08800000006        3.57809560541194     
   9443.22400000006        3.57810768992739     
   9443.36000000006        3.57812475882652     
   9443.49600000006        3.57814639501773     
   9443.63200000006        3.57817467403049     
   9443.76800000006        3.57820870711615     
   9443.90400000006        3.57825175033352     
   9444.04000000006        3.57830541355114     
   9444.17600000006        3.57837359419513     
   9444.31200000006        3.57846688270155     
   9444.44800000006        3.57862919926420     
   9444.58400000006        3.57931923225831     
   9444.72000000006        3.58272253176909     
   9444.85600000006        3.58389220262337     
   9444.99200000006        3.58498046672797     
   9445.12800000006        3.58613436600267     
   9445.26400000006        3.58740931581237     
   9445.40000000006        3.58881959344978     
   9445.53600000006        3.59039628612408     
   9445.67200000006        3.59216841394478     
   9445.80800000006        3.59415207622048     
   9445.94400000006        3.59637315963417     
   9446.08000000007        3.59886566011040     
   9446.21600000007        3.60165942542102     
   9446.35200000007        3.60478743923798     
   9446.48800000007        3.60828008870400     
   9446.62400000007        3.61218254455107     
   9446.76000000007        3.61653769025894     
   9446.89600000007        3.62139200916024     
   9447.03200000007        3.62679176251544     
   9447.16800000007        3.63280147690560     
   9447.30400000007        3.63947187527852     
   9447.44000000007        3.64687215449941     
   9447.57600000007        3.65507208251406     
   9447.71200000007        3.66414689942721     
   9447.84800000007        3.67417340508952     
   9447.98400000007        3.68524726469115     
   9448.12000000007        3.69745716867519     
   9448.25600000007        3.71089858194385     
   9448.39200000007        3.72568291645568     
   9448.52800000007        3.74192671451030     
   9448.66400000007        3.75974279575322     
   9448.80000000007        3.77926405381388     
   9448.93600000007        3.80062485280132     
   9449.07200000007        3.82396983454817     
   9449.20800000008        3.84944877263373     
   9449.34400000008        3.87722207173587     
   9449.48000000008        3.90745524007105     
   9449.61600000008        3.94032450862581     
   9449.75200000008        3.97600800270653     
   9449.88800000008        4.01470284969916     
   9450.02400000008        4.05660467923593     
   9450.16000000008        4.10191382050947     
   9450.29600000008        4.15084931587242     
   9450.43200000008        4.20362366096163     
   9450.56800000008        4.26046727544953     
   9450.70400000008        4.32160386927127     
   9450.84000000008        4.38727542970870     
   9450.97600000008        4.45771376761723     
   9451.11200000008        4.53316458549494     
   9451.24800000008        4.61387564699831     
   9451.38400000008        4.70008778243266     
   9451.52000000008        4.79204996280929     
   9451.65600000008        4.89000761182813     
   9451.79200000008        4.99420658771311     
   9451.92800000008        5.10488208566868     
   9452.06400000008        5.22227152122570     
   9452.20000000008        5.34660307853727     
   9452.33600000008        5.47809674428095     
   9452.47200000009        5.61696274937950     
   9452.60800000009        5.76339991328513     
   9452.74400000009        5.91759360633023     
   9452.88000000009        6.07971379577725     
   9453.01600000009        6.24991342369812     
   9453.15200000009        6.42832631510824     
   9453.28800000009        6.61506184076361     
   9453.42400000009        6.81021558652951     
   9453.56000000009        7.01384980592376     
   9453.69600000009        7.22600237550955     
   9453.83200000009        7.44668251727503     
   9453.96800000009        7.67586589150473     
   9454.10400000009        7.91350643168573     
   9454.24000000009        8.15951370264217     
   9454.37600000009        8.41376554632324     
   9454.51200000009        8.67610085001916     
   9454.64800000009        8.94632936247111     
   9454.78400000009        9.22421258037300     
   9454.92000000009        9.50947314437436     
   9455.05600000009        9.80180208355897     
   9455.19200000009        10.1008369073186     
   9455.32800000009        10.4061878160195     
   9455.46400000009        10.7174134640469     
   9455.60000000009        11.0340319601501     
   9455.73600000010        11.3555314937048     
   9455.87200000010        11.6813474882227     
   9456.00800000010        12.0108894002688     
   9456.14400000010        12.3435189277452     
   9456.28000000010        12.6785714047484     
   9456.41600000010        13.0153409780396     
   9456.55200000010        13.3530958654396     
   9456.68800000010        13.6910755815396     
   9456.82400000010        14.0284874103164     
   9456.96000000010        14.3645245978509     
   9457.09600000010        14.6983494309248     
   9457.23200000010        15.0291171595107     
   9457.36800000010        15.3559681508498     
   9457.50400000010        15.6780274351382     
   9457.64000000010        15.9944223194226     
   9457.77600000010        16.3042720768562     
   9457.91200000010        16.6067038022053     
   9458.04800000010        16.9008491106326     
   9458.18400000010        17.1858566343335     
   9458.32000000010        17.4608796137376     
   9458.45600000010        17.7251023718489     
   9458.59200000010        17.9777298332337     
   9458.72800000010        18.2179917813954     
   9458.86400000011        18.4451554474092     
   9459.00000000011        18.6585222864843     
   9459.13600000011        18.8574371484601     
   9459.27200000011        19.0412876231261     
   9459.40800000011        19.2095048576094     
   9459.54400000011        19.3615751523673     
   9459.68000000011        19.4970357130397     
   9459.81600000011        19.6154819874239     
   9459.95200000011        19.7165671293922     
   9460.08800000011        19.8000043342142     
   9460.22400000011        19.8655645450448     
   9460.36000000011        19.9130860493431     
   9460.49600000011        19.9424690300985     
   9460.63200000011        19.9536802661163     
   9460.76800000011        19.9467472590561     
   9460.90400000011        19.9217621797778     
   9461.04000000011        19.8788805103888     
   9461.17600000011        19.8183219730818     
   9461.31200000011        19.7403634009148     
   9461.44800000011        19.6453432678176     
   9461.58400000011        19.5336526201872     
   9461.72000000011        19.4057394312895     
   9461.85600000011        19.2621051220933     
   9461.99200000011        19.1032971090515     
   9462.12800000012        18.9299082073336     
   9462.26400000012        18.7425719904885     
   9462.40000000012        18.5419636030030     
   9462.53600000012        18.3287895857576     
   9462.67200000012        18.1037872607191     
   9462.80800000012        17.8677192455670     
   9462.94400000012        17.6213737600056     
   9463.08000000012        17.3655537257470     
   9463.21600000012        17.1010736348999     
   9463.35200000012        16.8287671285130     
   9463.48800000012        16.5494636137072     
   9463.62400000012        16.2639960935938     
   9463.76000000012        15.9731976002241     
   9463.89600000012        15.6778943882905     
   9464.03200000012        15.3789009412382     
   9464.16800000012        15.0770179078445     
   9464.30400000012        14.7730320737026     
   9464.44000000012        14.4677094102512     
   9464.57600000012        14.1617918144629     
   9464.71200000012        13.8559934617591     
   9464.84800000012        13.5510100227856     
   9464.98400000012        13.2474979444853     
   9465.12000000012        12.9460848572764     
   9465.25600000012        12.6473678265842     
   9465.39200000013        12.3519051716573     
   9465.52800000013        12.0602207305394     
   9465.66400000013        11.7728008561634     
   9465.80000000013        11.4901004210822     
   9465.93600000013        11.2125281496742     
   9466.07200000013        10.9404616085379     
   9466.20800000013        10.6742377903484     
   9466.34400000013        10.4141569300468     
   9466.48000000013        10.1604797023777     
   9466.61600000013        9.91343958886645     
   9466.75200000013        9.67322529842141     
   9466.88800000013        9.43999603699708     
   9467.02400000013        9.21387774842538     
   9467.16000000013        8.99496415550545     
   9467.29600000013        8.78332070192236     
   9467.43200000013        8.57898120036531     
   9467.56800000013        8.38195378906359     
   9467.70400000013        8.19221845603656     
   9467.84000000013        8.00973942033935     
   9467.97600000013        7.83444924500032     
   9468.11200000013        7.66626565208408     
   9468.24800000013        7.50508593110684     
   9468.38400000013        7.35079103757040     
   9468.52000000014        7.20324825065645     
   9468.65600000014        7.06230572854284     
   9468.79200000014        6.92780744481655     
   9468.92800000014        6.79958278561383     
   9469.06400000014        6.67745202953435     
   9469.20000000014        6.56122576143079     
   9469.33600000014        6.45071751619806     
   9469.47200000014        6.34572750175904     
   9469.60800000014        6.24605402975908     
   9469.74400000014        6.15149945079741     
   9469.88000000014        6.06185622510734     
   9470.01600000014        5.97692219059380     
   9470.15200000014        5.89649602507667     
   9470.28800000014        5.82037519173974     
   9470.42400000014        5.74836263535927     
   9470.56000000014        5.68026197012137     
   9470.69600000014        5.61588336359283     
   9470.83200000014        5.55503744904641     
   9470.96800000014        5.49754357880590     
   9471.10400000014        5.44322461506676     
   9471.24000000014        5.39190785125100     
   9471.37600000014        5.34342919472462     
   9471.51200000014        5.29762588380500     
   9471.64800000014        5.25434648961145     
   9471.78400000015        5.21344427467995     
   9471.92000000015        5.17477367484406     
   9472.05600000015        5.13820518886295     
   9472.19200000015        5.10360593238409     
   9472.32800000015        5.07085638691812     
   9472.46400000015        5.03984073513525     
   9472.60000000015        5.01044486928598     
   9472.73600000015        4.98257048431197     
   9472.87200000015        4.95611407910725     
   9473.00800000015        4.93098645907773     
   9473.14400000015        4.90710036323588     
   9473.28000000015        4.88436994064790     
   9473.41600000015        4.86272384312038     
   9473.55200000015        4.84208500139251     
   9473.68800000015        4.82238939559889     
   9473.82400000015        4.80357240596709     
   9473.96000000015        4.78557542115092     
   9474.09600000015        4.76834462285578     
   9474.23200000015        4.75182714777977     
   9474.36800000015        4.73597703492299     
   9474.50400000015        4.72074879923648     
   9474.64000000015        4.70610212460157     
   9474.77600000015        4.69199926575989     
   9474.91200000015        4.67840306731666     
   9475.04800000016        4.66528197613326     
   9475.18400000016        4.65260514571071     
   9475.32000000016        4.64033958522802     
   9475.45600000016        4.62846105568799     
   9475.59200000016        4.61692475192593     
   9475.72800000016        4.60562456234104     
   9475.86400000016        4.59235628881413     
   9476.00000000016        4.58121162973155     
   9476.13600000016        4.57114376181027     
   9476.27200000016        4.56145772196644     
   9476.40800000016        4.55203785039836     
   9476.54400000016        4.54285179579672     
   9476.68000000016        4.53387841848825     
   9476.81600000016        4.52511410688718     
   9476.95200000016        4.51652649767508     
   9477.08800000016        4.50812041958044     
   9477.22400000016        4.49988917660645     
   9477.36000000016        4.49181861724321     
   9477.49600000016        4.48390229611220     
   9477.63200000016        4.47614015438846     
   9477.76800000016        4.46852518300788     
   9477.90400000016        4.46104647950077     
   9478.04000000016        4.45370544874913     
   9478.17600000017        4.44649270823729     
   9478.31200000017        4.43941206876845     
   9478.44800000017        4.43245370344733     
   9478.58400000017        4.42561361397893     
   9478.72000000017        4.41888981559005     
   9478.85600000017        4.41227720102577     
   9478.99200000017        4.40577306914367     
   9479.12800000017        4.39937338612407     
   9479.26400000017        4.39308312093901     
   9479.40000000017        4.38688640509016     
   9479.53600000017        4.38079421430970     
   9479.67200000017        4.37478990448746     
   9479.80800000017        4.36888360188465     
   9479.94400000017        4.36306620413186     
   9480.08000000017        4.35733577323508     
   9480.21600000017        4.35169315245019     
   9480.35200000017        4.34613120116930     
   9480.48800000017        4.34065268558026     
   9480.62400000017        4.33525125347644     
   9480.76000000017        4.32992803230099     
   9480.89600000017        4.32468095333159     
   9481.03200000017        4.31951170386891     
   9481.16800000017        4.31441039700051     
   9481.30400000017        4.30937984794184     
   9481.44000000018        4.30441977057511     
   9481.57600000018        4.29952665322175     
   9481.71200000018        4.29469990903136     
   9481.84800000018        4.28993595295983     
   9481.98400000018        4.28523778610234     
   9482.12000000018        4.28060197921160     
   9482.25600000018        4.27602288506278     
   9482.39200000018        4.27150494474490     
   9482.52800000018        4.26704410436075     
   9482.66400000018        4.26264049023425     
   9482.80000000018        4.25829192606750     
   9482.93600000018        4.25399939488189     
   9483.07200000018        4.24975938922133     
   9483.20800000018        4.24557107513954     
   9483.34400000018        4.24143307902462     
   9483.48000000018        4.23734815225012     
   9483.61600000018        4.23330955380561     
   9483.75200000018        4.22932126699195     
   9483.88800000018        4.22537913794858     
   9484.02400000018        4.22148278838939     
   9484.16000000018        4.21763066997306     
   9484.29600000018        4.21382600849494     
   9484.43200000018        4.21006268409894     
   9484.56800000018        4.20634474585845     
   9484.70400000019        4.20266779120113     
   9484.84000000019        4.19903431592001     
   9484.97600000019        4.19543805676119     
   9485.11200000019        4.19188424806837     
   9485.24800000019        4.18836712173983     
   9485.38400000019        4.18489082557670     
   9485.52000000019        4.18145322691436     
   9485.65600000019        4.17805088998466     
   9485.79200000019        4.17468357763567     
   9485.92800000019        4.17135658717434     
   9486.06400000019        4.16806044029444     
   9486.20000000019        4.16480131689817     
   9486.33600000019        4.16157694350162     
   9486.47200000019        4.15838454939923     
   9486.60800000019        4.15522544495813     
   9486.74400000019        4.15209780387469     
   9486.88000000019        4.14900407401256     
   9487.01600000019        4.14594083004764     
   9487.15200000019        4.14290848827606     
   9487.28800000019        4.13990642577682     
   9487.42400000019        4.13693468299711     
   9487.56000000019        4.13398979030297     
   9487.69600000019        4.13107696601667     
   9487.83200000019        4.12819132167751     
   9487.96800000020        4.12533399406680     
   9488.10400000020        4.12250162538383     
   9488.24000000020        4.11970086451061     
   9488.37600000020        4.11692474895405     
   9488.51200000020        4.11417326541821     
   9488.64800000020        4.11144850285373     
   9488.78400000020        4.10875319899267     
   9488.92000000020        4.10607691575286     
   9489.05600000020        4.10343075072425     
   9489.19200000020        4.10080569020760     
   9489.32800000020        4.09820514265891     
   9489.46400000020        4.09562771352583     
   9489.60000000020        4.09307536106068     
   9489.73600000020        4.09054557088229     
   9489.87200000020        4.08803783914468     
   9490.00800000020        4.08555261389397     
   9490.14400000020        4.08308873235098     
   9490.28000000020        4.08064709429857     
   9490.41600000020        4.07822631913091     
   9490.55200000020        4.07582664158476     
   9490.68800000020        4.07344836812495     
   9490.82400000020        4.07109195865098     
   9490.96000000020        4.06875424334860     
   9491.09600000021        4.06643686304204     
   9491.23200000021        4.06413555145384     
   9491.36800000021        4.06185793790072     
   9491.50400000021        4.05959882666663     
   9491.64000000021        4.05735915807664     
   9491.77600000021        4.05513574585542     
   9491.91200000021        4.05293206546969     
   9492.04800000021        4.05074717114270     
   9492.18400000021        4.04857963283190     
   9492.32000000021        4.04642846081592     
   9492.45600000021        4.04429539491965     
   9492.59200000021        4.04218128844985     
   9492.72800000021        4.04007988645637     
   9492.86400000021        4.03799893283908     
   9493.00000000021        4.03593202808148     
   9493.13600000021        4.03388303989257     
   9493.27200000021        4.03185019174278     
   9493.40800000021        4.02983412714997     
   9493.54400000021        4.02783126117084     
   9493.68000000021        4.02584476117330     
   9493.81600000021        4.02387553722069     
   9493.95200000021        4.02191825806896     
   9494.08800000021        4.01997789457952     
   9494.22400000021        4.01805129231443     
   9494.36000000022        4.01614126529450     
   9494.49600000022        4.01424424690832     
   9494.63200000022        4.01236116045589     
   9494.76800000022        4.01049305518678     
   9494.90400000022        4.00863775874835     
   9495.04000000022        4.00679587809758     
   9495.17600000022        4.00496771460454     
   9495.31200000022        4.00315342252140     
   9495.44800000022        4.00135082462811     
   9495.58400000022        3.99956425364166     
   9495.72000000022        3.99778872286941     
   9495.85600000022        3.99602490423027     
   9495.99200000022        3.99427668508079     
   9496.12800000022        3.99253808049090     
   9496.26400000022        3.99081269461768     
   9496.40000000022        3.98909859439152     
   9496.53600000022        3.98739952149084     
   9496.67200000022        3.98570931356278     
   9496.80800000022        3.98403058321136     
   9496.94400000022        3.98236713488114     
   9497.08000000022        3.98071082025479     
   9497.21600000022        3.97906828213596     
   9497.35200000022        3.97743549010934     
   9497.48800000022        3.97581674496056     
   9497.62400000023        3.97420648743707     
   9497.76000000023        3.97260754479913     
   9497.89600000023        3.97101939646061     
   9498.03200000023        3.96944019027675     
   9498.16800000023        3.96787342481598     
   9498.30400000023        3.96631785221489     
   9498.44000000023        3.96477203287604     
   9498.57600000023        3.96323520434258     
   9498.71200000023        3.96170857965080     
   9498.84800000023        3.96019342560367     
   9498.98400000023        3.95868665860538     
   9499.12000000023        3.95719031774055     
   9499.25600000023        3.95570166322724     
   9499.39200000023        3.95422766046847     
   9499.52800000023        3.95275794398892     
   9499.66400000023        3.95129736955778     
   9499.80000000023        3.94984925028970     
   9499.93600000023        3.94840905527810     
   9500.07200000023        3.94697824189294     
   9500.20800000023        3.94555552382164     
   9500.34400000023        3.94414325943054     
   9500.48000000023        3.94273828659216     
   9500.61600000023        3.94134135182459     
   9500.75200000024        3.93995579874780     
   9500.88800000024        3.93857652443073     
   9501.02400000024        3.93720468991099     
   9501.16000000024        3.93584447717257     
   9501.29600000024        3.93449123401435     
   9501.43200000024        3.93314411945501     
   9501.56800000024        3.93180762631703     
   9501.70400000024        3.93047841263570     
   9501.84000000024        3.92915508707832     
   9501.97600000024        3.92784300875154     
   9502.11200000024        3.92653636187730     
   9502.24800000024        3.92523601904464     
   9502.38400000024        3.92394882592622     
   9502.52000000024        3.92266397624553     
   9502.65600000024        3.92139003352110     
   9502.79200000024        3.92012246500384     
   9502.92800000024        3.91886022456323     
   9503.06400000024        3.91760878334263     
   9503.20000000024        3.91636053900477     
   9503.33600000024        3.91512204113414     
   9503.47200000024        3.91389056958903     
   9503.60800000024        3.91266369826467     
   9503.74400000024        3.91144918507642     
   9503.88000000024        3.91023687622623     
   9504.01600000025        3.90903318563561     
   9504.15200000025        3.90783572618580     
   9504.28800000025        3.90664427178306     
   9504.42400000025        3.90546114676276     
   9504.56000000025        3.90428124102477     
   9504.69600000025        3.90311364922760     
   9504.83200000025        3.90194743710120     
   9504.96800000025        3.90078782074552     
   9505.10400000025        3.89963806905634     
   9505.24000000025        3.89849005764350     
   9505.37600000025        3.89735247823448     
   9505.51200000025        3.89621836876373     
   9505.64800000025        3.89509443554558     
   9505.78400000025        3.89397165524836     
   9505.92000000025        3.89285746705244     
   9506.05600000025        3.89174783427160     
   9506.19200000025        3.89064498002928     
   9506.32800000025        3.88954690551604     
   9506.46400000025        3.88845535470898     
   9506.60000000025        3.88736869762659     
   9506.73600000025        3.88628926646927     
   9506.87200000025        3.88521427130996     
   9507.00800000025        3.88414453053730     
   9507.14400000025        3.88308199576948     
   9507.28000000026        3.88202411231424     
   9507.41600000026        3.88097101105508     
   9507.55200000026        3.87992439121176     
   9507.68800000026        3.87888218301381     
   9507.82400000026        3.87784654016125     
   9507.96000000026        3.87681348551859     
   9508.09600000026        3.87579022553258     
   9508.23200000026        3.87476699721673     
   9508.36800000026        3.87375201021445     
   9508.50400000026        3.87273996182795     
   9508.64000000026        3.87173391857044     
   9508.77600000026        3.87073364568660     
   9508.91200000026        3.86973665745659     
   9509.04800000026        3.86874497314083     
   9509.18400000026        3.86775986118506     
   9509.32000000026        3.86677764049383     
   9509.45600000026        3.86580101614557     
   9509.59200000026        3.86483062431511     
   9509.72800000026        3.86386108254540     
   9509.86400000026        3.86290018884979     
   9510.00000000026        3.86193996679017     
   9510.13600000026        3.86098636064903     
   9510.27200000026        3.86003930427699     
   9510.40800000027        3.85909414404923     
   9510.54400000027        3.85815452756127     
   9510.68000000027        3.85721709527723     
   9510.81600000027        3.85628738472469     
   9510.95200000027        3.85535870103297     
   9511.08800000027        3.85443649532264     
   9511.22400000027        3.85351853774631     
   9511.36000000027        3.85260485733147     
   9511.49600000027        3.85169328368366     
   9511.63200000027        3.85078809302050     
   9511.76800000027        3.84988534631645     
   9511.90400000027        3.84898711126465     
   9512.04000000027        3.84809382591113     
   9512.17600000027        3.84720447019071     
   9512.31200000027        3.84631869063747     
   9512.44800000027        3.84543728817731     
   9512.58400000027        3.84455779331316     
   9512.72000000027        3.84368509920400     
   9512.85600000027        3.84281493686844     
   9512.99200000027        3.84194699208026     
   9513.12800000027        3.84108548428672     
   9513.26400000027        3.84022696920559     
   9513.40000000027        3.83937231448221     
   9513.53600000027        3.83852095633487     
   9513.67200000028        3.83767261038257     
   9513.80800000028        3.83682930167376     
   9513.94400000028        3.83598952180618     
   9514.08000000028        3.83515109695161     
   9514.21600000028        3.83431934815126     
   9514.35200000028        3.83348967319394     
   9514.48800000028        3.83266472912495     
   9514.62400000028        3.83184123558336     
   9514.76000000028        3.83102270827232     
   9514.89600000028        3.83020707059249     
   9515.03200000028        3.82939577927625     
   9515.16800000028        3.82858769189342     
   9515.30400000028        3.82778216738779     
   9515.44000000028        3.82697923276279     
   9515.57600000028        3.82618269862434     
   9515.71200000028        3.82538515391961     
   9515.84800000028        3.82459392324685     
   9515.98400000028        3.82380800008694     
   9516.12000000028        3.82302152510459     
   9516.25600000028        3.82223899950406     
   9516.39200000028        3.82146124674421     
   9516.52800000028        3.82068287088760     
   9516.66400000028        3.81991230618222     
   9516.80000000028        3.81914329232407     
   9516.93600000029        3.81837552520110     
   9517.07200000029        3.81761434599148     
   9517.20800000029        3.81685442617208     
   9517.34400000029        3.81609504613878     
   9517.48000000029        3.81534268671599     
   9517.61600000029        3.81459183121938     
   9517.75200000029        3.81384321720611     
   9517.88800000029        3.81309788017194     
   9518.02400000029        3.81235562452368     
   9518.16000000029        3.81161943808707     
   9518.29600000029        3.81088072708506     
   9518.43200000029        3.81014776812793     
   9518.56800000029        3.80941723657717     
   9518.70400000029        3.80868843223150     
   9518.84000000029        3.80796422607843     
   9518.97600000029        3.80724285347749     
   9519.11200000029        3.80652177396872     
   9519.24800000029        3.80580708618442     
   9519.38400000029        3.80509182792926     
   9519.52000000029        3.80438139750287     
   9519.65600000029        3.80367425955640     
   9519.79200000029        3.80296760044737     
   9519.92800000029        3.80226376563898     
   9520.06400000029        3.80156407508448     
   9520.20000000030        3.80086364062060     
   9520.33600000030        3.80016849459266     
   9520.47200000030        3.79947821804426     
   9520.60800000030        3.79878792800087     
   9520.74400000030        3.79809869598856     
   9520.88000000030        3.79741614026425     
   9521.01600000030        3.79673421477197     
   9521.15200000030        3.79605324509746     
   9521.28800000030        3.79537593932469     
   9521.42400000030        3.79470054225833     
   9521.56000000030        3.79403082709945     
   9521.69600000030        3.79336021355963     
   9521.83200000030        3.79269240313378     
   9521.96800000030        3.79202777579355     
   9522.10400000030        3.79136596566053     
   9522.24000000030        3.79070654250523     
   9522.37600000030        3.79004886794914     
   9522.51200000030        3.78939217869860     
   9522.64800000030        3.78874104569882     
   9522.78400000030        3.78809108768850     
   9522.92000000030        3.78744098798907     
   9523.05600000030        3.78679702853416     
   9523.19200000030        3.78615258998369     
   9523.32800000031        3.78551146276975     
   9523.46400000031        3.78487222064152     
   9523.60000000031        3.78423628528524     
   9523.73600000031        3.78359903012380     
   9523.87200000031        3.78296856242872     
   9524.00800000031        3.78233881687044     
   9524.14400000031        3.78170959046363     
   9524.28000000031        3.78108548878698     
   9524.41600000031        3.78046184271485     
   9524.55200000031        3.77984106246129     
   9524.68800000031        3.77922092827901     
   9524.82400000031        3.77860396388246     
   9524.96000000031        3.77798750345921     
   9525.09600000031        3.77737517716070     
   9525.23200000031        3.77676374434088     
   9525.36800000031        3.77615705223867     
   9525.50400000031        3.77555055885751     
   9525.64000000031        3.77494364873785     
   9525.77600000031        3.77434039842948     
   9525.91200000031        3.77373896927152     
   9526.04800000031        3.77314041695862     
   9526.18400000031        3.77254409209370     
   9526.32000000031        3.77194890188739     
   9526.45600000031        3.77135365795424     
   9526.59200000032        3.77076531146518     
   9526.72800000032        3.77017645369117     
   9526.86400000032        3.76958738389817     
   9527.00000000032        3.76900394190097     
   9527.13600000032        3.76842037641960     
   9527.27200000032        3.76783838790897     
   9527.40800000032        3.76725791567786     
   9527.54400000032        3.76667980997820     
   9527.68000000032        3.76610399245026     
   9527.81600000032        3.76553031900238     
   9527.95200000032        3.76495864383962     
   9528.08800000032        3.76438666539225     
   9528.22400000032        3.76382050264676     
   9528.36000000032        3.76325296300854     
   9528.49600000032        3.76268879846635     
   9528.63200000032        3.76212658339549     
   9528.76800000032        3.76156329404833     
   9528.90400000032        3.76100537775036     
   9529.04000000032        3.76044701344190     
   9529.17600000032        3.75989130776208     
   9529.31200000032        3.75933661766841     
   9529.44800000032        3.75878662164564     
   9529.58400000032        3.75823647728580     
   9529.72000000032        3.75768623734817     
   9529.85600000033        3.75713942737339     
   9529.99200000033        3.75659287847771     
   9530.12800000033        3.75605144026857     
   9530.26400000033        3.75550921031357     
   9530.40000000033        3.75496890302100     
   9530.53600000033        3.75443303478782     
   9530.67200000033        3.75389402382864     
   9530.80800000033        3.75335839060107     
   9530.94400000033        3.75282366710260     
   9531.08000000033        3.75229293221330     
   9531.21600000033        3.75176207806987     
   9531.35200000033        3.75123435396237     
   9531.48800000033        3.75070755954100     
   9531.62400000033        3.75018008407665     
   9531.76000000033        3.74965872506097     
   9531.89600000033        3.74913369405057     
   9532.03200000033        3.74861267839000     
   9532.16800000033        3.74809307219390     
   9532.30400000033        3.74757550768718     
   9532.44000000033        3.74705907374929     
   9532.57600000033        3.74654344201526     
   9532.71200000033        3.74603003601267     
   9532.84800000033        3.74551777783635     
   9532.98400000034        3.74500713873586     
   9533.12000000034        3.74449768364095     
   9533.25600000034        3.74398935716911     
   9533.39200000034        3.74348270910364     
   9533.52800000034        3.74297746771918     
   9533.66400000034        3.74247374399514     
   9533.80000000034        3.74197243886997     
   9533.93600000034        3.74146961164565     
   9534.07200000034        3.74097030942671     
   9534.20800000034        3.74047464382749     
   9534.34400000034        3.73997681331430     
   9534.48000000034        3.73948059054217     
   9534.61600000034        3.73898627431324     
   9534.75200000034        3.73849546602887     
   9534.88800000034        3.73800201772818     
   9535.02400000034        3.73751335707409     
   9535.16000000034        3.73702537009988     
   9535.29600000034        3.73653740153419     
   9535.43200000034        3.73605449223414     
   9535.56800000034        3.73556968811352     
   9535.70400000034        3.73508649318521     
   9535.84000000034        3.73460233180441     
   9535.97600000034        3.73412459416197     
   9536.11200000034        3.73364613503278     
   9536.24800000035        3.73316833150213     
   9536.38400000035        3.73269336572163     
   9536.52000000035        3.73221824024843     
   9536.65600000035        3.73174697525192     
   9536.79200000035        3.73127518244567     
   9536.92800000035        3.73080284753999     
   9537.06400000035        3.73033411358077     
   9537.20000000035        3.72986866959802     
   9537.33600000035        3.72940095153437     
   9537.47200000035        3.72893667827100     
   9537.60800000035        3.72847197807215     
   9537.74400000035        3.72800971953562     
   9537.88000000035        3.72754605608359     
   9538.01600000035        3.72708808124616     
   9538.15200000035        3.72662958663686     
   9538.28800000035        3.72617026834958     
   9538.42400000035        3.72571676642084     
   9538.56000000035        3.72526139311782     
   9538.69600000035        3.72480741543046     
   9538.83200000035        3.72435555686591     
   9538.96800000035        3.72390192018867     
   9539.10400000035        3.72345140573141     
   9539.24000000035        3.72300344948348     
   9539.37600000035        3.72255329550843     
   9539.51200000036        3.72210628967369     
   9539.64800000036        3.72166249273517     
   9539.78400000036        3.72121693874439     
   9539.92000000036        3.72077064871919     
   9540.05600000036        3.72032800034756     
   9540.19200000036        3.71988708254366     
   9540.32800000036        3.71944373205727     
   9540.46400000036        3.71900522575158     
   9540.60000000036        3.71856637315709     
   9540.73600000036        3.71812765881314     
   9540.87200000036        3.71769050100172     
   9541.00800000036        3.71725639121233     
   9541.14400000036        3.71682158709941     
   9541.28000000036        3.71638808487195     
   9541.41600000036        3.71595398703942     
   9541.55200000036        3.71552247554061     
   9541.68800000036        3.71509247008593     
   9541.82400000036        3.71466143869820     
   9541.96000000036        3.71423320451142     
   9542.09600000036        3.71380450654768     
   9542.23200000036        3.71338047800259     
   9542.36800000036        3.71295515856445     
   9542.50400000036        3.71252853967574     
   9542.64000000037        3.71210499335912     
   9542.77600000037        3.71168411676609     
   9542.91200000037        3.71126173302137     
   9543.04800000037        3.71084254133220     
   9543.18400000037        3.71042313386684     
   9543.32000000037        3.71000490372218     
   9543.45600000037        3.70959050790053     
   9543.59200000037        3.70917239519800     
   9543.72800000037        3.70875808298325     
   9543.86400000037        3.70834469864338     
   9544.00000000037        3.70793224519826     
   9544.13600000037        3.70752049786208     
   9544.27200000037        3.70711063015156     
   9544.40800000037        3.70670143113413     
   9544.54400000037        3.70629175747709     
   9544.68000000037        3.70588497620818     
   9544.81600000037        3.70548134476726     
   9544.95200000037        3.70507492205103     
   9545.08800000037        3.70467163107164     
   9545.22400000037        3.70427055979582     
   9545.36000000037        3.70386830300213     
   9545.49600000037        3.70346791120939     
   9545.63200000037        3.70306689259418     
   9545.76800000037        3.70266888271089     
   9545.90400000038        3.70227118024262     
   9546.04000000038        3.70187387133971     
   9546.17600000038        3.70147801542139     
   9546.31200000038        3.70108285262230     
   9546.44800000038        3.70068814120839     
   9546.58400000038        3.70029746710900     
   9546.72000000038        3.69990356668477     
   9546.85600000038        3.69951234750710     
   9546.99200000038        3.69912126435262     
   9547.12800000038        3.69872948453969     
   9547.26400000038        3.69834041875780     
   9547.40000000038        3.69795302396936     
   9547.53600000038        3.69756461080168     
   9547.67200000038        3.69717731999673     
   9547.80800000038        3.69678954768759     
   9547.94400000038        3.69640660204894     
   9548.08000000038        3.69602177803937     
   9548.21600000038        3.69563516799263     
   9548.35200000038        3.69525269006024     
   9548.48800000038        3.69486936914094     
   9548.62400000038        3.69448611003978     
   9548.76000000038        3.69410589106672     
   9548.89600000038        3.69372575249400     
   9549.03200000038        3.69334455857131     
   9549.16800000039        3.69296763365248     
   9549.30400000039        3.69258873638105     
   9549.44000000039        3.69220844001530     
   9549.57600000039        3.69183160588361     
   9549.71200000039        3.69145610182958     
   9549.84800000039        3.69107927186022     
   9549.98400000039        3.69070414619749     
   9550.12000000039        3.69033013219864     
   9550.25600000039        3.68995679382034     
   9550.39200000039        3.68958425172223     
   9550.52800000039        3.68921296265474     
   9550.66400000039        3.68884250022746     
   9550.80000000039        3.68847231116686     
   9550.93600000039        3.68810208114434     
   9551.07200000039        3.68773556940493     
   9551.20800000039        3.68736783507501     
   9551.34400000039        3.68700196217448     
   9551.48000000039        3.68663642976502     
   9551.61600000039        3.68627020134191     
   9551.75200000039        3.68590681928922     
   9551.88800000039        3.68554683724670     
   9552.02400000039        3.68518373353629     
   9552.16000000039        3.68482315517780     
   9552.29600000039        3.68446322923654     
   9552.43200000040        3.68410589063421     
   9552.56800000040        3.68374837035186     
   9552.70400000040        3.68339022637030     
   9552.84000000040        3.68303487902842     
   9552.97600000040        3.68267964852301     
   9553.11200000040        3.68232332960699     
   9553.24800000040        3.68197295712163     
   9553.38400000040        3.68162094896451     
   9553.52000000040        3.68126919525751     
   9553.65600000040        3.68091757419787     
   9553.79200000040        3.68056985538130     
   9553.92800000040        3.68021923320343     
   9554.06400000040        3.67987124372450     
   9554.20000000040        3.67952403334481     
   9554.33600000040        3.67917436635307     
   9554.47200000040        3.67882811262871     
   9554.60800000040        3.67848384628144     
   9554.74400000040        3.67813811259517     
   9554.88000000040        3.67779368307135     
   9555.01600000040        3.67744791461076     
   9555.15200000040        3.67710682660791     
   9555.28800000040        3.67676392930642     
   9555.42400000040        3.67641912664806     
   9555.56000000041        3.67607797280488     
   9555.69600000041        3.67573666355914     
   9555.83200000041        3.67539524712764     
   9555.96800000041        3.67505500144280     
   9556.10400000041        3.67471492292697     
   9556.24000000041        3.67437396306432     
   9556.37600000041        3.67403382388155     
   9556.51200000041        3.67369752641225     
   9556.64800000041        3.67335635193221     
   9556.78400000041        3.67301855925232     
   9556.92000000041        3.67268139515200     
   9557.05600000041        3.67234257471557     
   9557.19200000041        3.67200570084213     
   9557.32800000041        3.67166938915546     
   9557.46400000041        3.67133325012292     
   9557.60000000041        3.67099733179882     
   9557.73600000041        3.67065948067199     
   9557.87200000041        3.67032853104670     
   9558.00800000041        3.66999477755077     
   9558.14400000041        3.66966154104211     
   9558.28000000041        3.66932708739759     
   9558.41600000041        3.66899613864881     
   9558.55200000041        3.66866398115288     
   9558.68800000041        3.66833366080438     
   9558.82400000042        3.66800380100079     
   9558.96000000042        3.66767175758902     
   9559.09600000042        3.66734311681930     
   9559.23200000042        3.66701805095366     
   9559.36800000042        3.66668937117288     
   9559.50400000042        3.66636350047459     
   9559.64000000042        3.66603842494059     
   9559.77600000042        3.66571473937440     
   9559.91200000042        3.66539068424042     
   9560.04800000042        3.66506860677792     
   9560.18400000042        3.66474449481571     
   9560.32000000042        3.66442379845736     
   9560.45600000042        3.66410355428101     
   9560.59200000042        3.66378470832898     
   9560.72800000042        3.66346673604783     
   9560.86400000042        3.66314868419602     
   9561.00000000042        3.66283166498961     
   9561.13600000042        3.66251800812542     
   9561.27200000042        3.66220320428201     
   9561.40800000042        3.66188726820737     
   9561.54400000042        3.66157447822462     
   9561.68000000042        3.66126228244785     
   9561.81600000042        3.66094807464490     
   9561.95200000042        3.66063675715281     
   9562.08800000043        3.66032834163896     
   9562.22400000043        3.66001801176062     
   9562.36000000043        3.65970904597162     
   9562.49600000043        3.65940098995730     
   9562.63200000043        3.65909329338583     
   9562.76800000043        3.65878569362812     
   9562.90400000043        3.65847903516026     
   9563.04000000043        3.65817034804993     
   9563.17600000043        3.65786399776303     
   9563.31200000043        3.65755786293272     
   9563.44800000043        3.65725319536285     
   9563.58400000043        3.65694820950096     
   9563.72000000043        3.65664216692559     
   9563.85600000043        3.65633751897231     
   9563.99200000043        3.65603526635801     
   9564.12800000043        3.65573100889791     
   9564.26400000043        3.65542465770768     
   9564.40000000043        3.65512059627934     
   9564.53600000043        3.65481731269035     
   9564.67200000043        3.65451253492238     
   9564.80800000043        3.65421048106590     
   9564.94400000043        3.65390598662451     
   9565.08000000043        3.65360264387890     
   9565.21600000044        3.65329992462559     
   9565.35200000044        3.65299964410620     
   9565.48800000044        3.65269425545335     
   9565.62400000044        3.65239193553279     
   9565.76000000044        3.65208984194442     
   9565.89600000044        3.65178719270671     
   9566.03200000044        3.65148554566331     
   9566.16800000044        3.65118304136446     
   9566.30400000044        3.65088336284677     
   9566.44000000044        3.65058234839074     
   9566.57600000044        3.65028182349782     
   9566.71200000044        3.64997908509837     
   9566.84800000044        3.64968263604402     
   9566.98400000044        3.64938367365172     
