Y(1s) scans

(+ 8153.76 16133.39 11988.83 8722.19 8402.55 10489.94 1950.47 8160.85
10318.119999999999 6563.35 10019.12 8736.31)
109638.88

(+ 8153.76 16133.39 11988.83 8722.19 8402.55 10489.94 1950.47 8160.85
10318.119999999999 6563.35 8968.33 8736.31 5778.9)
114366.99

Y(1s) cont

(+ 8715.53 13450.36 10924.96 34440.81 25049.43 34946.45 27723.03
22594.510000000002 27937.559999999998 6805.639999999999 19921.41
1054.33)
233564.02

(+ 8715.53 13450.36 10924.96 34440.81 25049.43 34946.45 27723.03
22594.510000000002 27937.559999999998 6805.639999999999 19921.41
1054.33 2309.1)
235873.12

Y(3s) scans

(+ 9592.67 11614.77 9781.5 7391.43 23962.35 15615.220000000001
8387.81)
86345.75

Y(3s) cont

(+ 11958.779999999999 7607.62 6976.98 21141.010000000002 17876.32
25558.57 7135.599999999999)
98254.88


