001. January 16 Scan

(+ 469.81 274.96 990.30 806.66 1014.63 1093.95 575.64 779.70 0.00
796.49 927.15 424.47)
8153.76

002. January 16 Peak Point

(+ 12.00 1149.15 1372.36 1379.89 1420.47 385.73 1491.64 654.99 )
7866.2300000000005

003. January 16 Continuum Point

(+ 1834.96 2112.30 1407.12 152.19 1718.33 1490.63)
8715.53

004. January 30 Continuum Point

(+ 866.25 2001.59 2063.21 2090.88 1956.33 2103.04 1044.38 1324.68)
13450.36

005. January 30 Scan

(+ 1303.23 1552.08 1158.77 1517.89 1453.37 1758.16 1537.32 971.92
1417.07 1160.63 438.27 1864.68)
16133.39

006. January 30 Peak Point

(+ 2209.01 2238.08 2124.14 1406.96 2303.32 2213.21 2292.03 2260.05
2238.03 2031.67 2210.66 2214.00 434.88 1893.07 1654.52 2167.53 1909.86
1413.73 304.41 2228.11 2121.86 2047.64 2429.18 2129.01 2012.03 2344.19
2261.40 1439.92 2206.27 2211.04 2373.70 2555.62 2616.05 75.15 2256.71
2351.21 2555.53 )
73733.78

007. February 6 Continuum Point

(+ 784.47 1538.74 1801.81 1832.19 1744.16 1761.29 1462.30 )
10924.96

008. February 6 Scan

(+ 1537.73 1336.55 1368.30 1265.75 1076.66 1205.51 992.36 1184.79
2021.18 )
11988.83

009. February 6 Continuum Point

(+ 545.23 3504.33 1049.97 93.34 2234.38 2283.56 101.12 77.56 1573.86
2386.49 2355.56 2314.85 2341.70 2454.47 2296.99 2276.47 2296.90
2206.03 2048.00)
34440.81

010. February 6 Peak Point

(+ 1086.00 2115.29 2342.90 577.42 2570.52 2523.97 2601.07 2359.37
2554.93 2307.48 2445.70 2423.81 2638.96 678.25 984.00 2547.75 2600.85
2028.30 105.40 562.66 1146.58 2878.25 3000.88 2787.42 1616.38 1298.66
1049.45 1505.89 1222.52 2903.51 2989.34 3002.36 3037.97 2736.90
3154.82 2989.32 3036.85 2603.10)
81014.83

011. February 14 Continuum Point

(+ 1517.81 2308.71 945.48 893.84 645.73 2029.12 1833.78 2051.07
2136.08 2032.71 2135.89 2143.51 2313.75 2061.95)
25049.43

012. February 14 Peak Point

(+ 586.55 1763.34 1969.34 1658.90 19.59 1594.88 867.70 1098.55 2180.27
1114.79 912.03 2.00 2443.92 2405.15 2100.05 2100.00 2255.21 2276.93
2277.51 2405.40 2425.70 2463.18 2393.56 2808.88 2460.88 286.90 624.60
348.08 643.48 544.03 191.92 830.05 775.75 210.41 156.33 2207.95
2610.38 2738.11 2671.78 2468.77 2768.05 2804.33 2819.42 2804.66 38.41
1562.90)
74690.62

013. February 20 Scan (more is coming...)

(+ 1207.62 1266.27 1072.66 1167.67 1015.59 1109.12 612.00 1271.26)
8722.19

014. February 20 Peak Point (more is coming...)

(+ 736.25)
736.25

015. February 20 Scan

(+ 2810.25 749.04 696.00 660.05 5.12 642.55 717.73 1122.00 999.81)
8402.55

016. February 20 Continuum Point

(+ 1771.26 2184.14 2228.52 483.94 91.62 277.94 1197.26 208.88 2152.41
2230.14 1971.48 2253.62 2145.70 2231.78 1191.10 1094.66 2229.21
2294.27 2286.63 2204.38 2217.51)
34946.45

017. February 20 Peak Point

(+ 390.06 21.12 2021.01 1315.48 971.84 1980.05 2242.11 2169.73 2108.16
627.01 2234.55 2234.55 1247.62 2008.99 196.69 2194.33 2168.85 2064.27
1413.15 2131.56 2473.84 2683.78 2626.63 2706.27 2599.32 2387.95 495.59
2542.03 2134.27 1000.99 2289.23 1876.93 2520.33 1.56 2463.59 2604.16
2571.89)
67719.49

018. February 28 Scan (more is coming...)

(+ 1379.67 1176.27 145.18 610.74 1484.11 1386.25 1154.79 1063.04
2089.89)
10489.94

019. February 28 Continuum Point

(+ 775.92 1499.01 1674.44 1749.15 92.71 641.75 10.90 1886.88 450.11
2095.40 2170.82 2163.59 1957.42 1216.74 2099.75 1623.51 1695.95 347.31
1545.12 2026.55)
27723.03

020. February 28 Scan

(+ 1950.47)
1950.47

021. February 28 Peak Point

(+ 2192.16 2258.16 2374.71 664.60 1169.15 2399.51 2407.32 2392.38
2207.32 389.48 1015.23 2224.52 951.18 2345.86 2348.85 2427.26 2368.00
2816.68 2685.12 2723.67 2508.71 2669.53 86.03 2137.15 2812.22 2740.14
33.64 2236.49 2739.12 2295.62 1363.78 2529.01 1218.47 2549.29 2490.90
2652.49 2852.60)
76276.35

022. March 6 Scan

(+ 611.84 655.34 1124.63 908.90 853.48 933.42 911.29 1066.44 1095.51)
8160.85

023. March 6 Continuum Point

(+ 1578.93 567.89 332.55 1752.99 40.79 364.55 47.10 2075.15 1972.88
1943.07 1934.47 1580.52 1203.10 1792.19 1965.59 1953.67 202.66
1286.41)
22594.510000000002

024. March 6 Peak Point

(+ 451.48 2331.32 2347.84 1891.70 2075.75 180.03 959.75 1683.53
2256.14 2007.32 2243.04 2228.79 1842.33 2140.44 2114.41 2185.23
2118.36 1584.36 628.85 2776.68 2632.05 2821.95 819.70 2170.68 2828.63
2844.08 2768.63 1928.41 922.19 319.84 918.27 1179.29 975.56 907.53
1407.70)
61491.86

025. March 14 Scan

(+ 1132.60 1490.74 1048.00 664.58 1659.62 1504.44 1192.74 387.04
1238.36)
10318.119999999999

026. March 14 Continuum Point

(+ 1376.33 2038.85 1765.86 1983.59 2041.62 2100.77 2039.95 107.37
1086.25 2116.41 1610.05 1972.55 1779.07 20.00 658.60 4.27 1884.19
81.18 1146.90 2123.75)
27937.559999999998

027. March 14 Peak Point

(+ 2176.25 2335.26 2373.07 2366.60 2407.10 2423.21 1513.34 191.92
574.00 2384.99 2175.12 2441.04 2424.85 2197.37 920.38 2335.67 2261.53
2334.82 218.93 2165.26 2792.27 2734.88 2874.66 2792.22 2814.77 2761.48
2804.85 2621.81 2698.85 2799.59 2871.01 2828.85 2717.62 2794.93)
77128.5

028. March 21 Continuum Point

(+ 647.04 1337.15 742.52 651.15 1217.78 1206.60 883.56 90.85 28.99)
6805.639999999999

029. March 21 Peak Point

(+ 528.22 1246.25 1037.97 0.00 1377.59 2163.12 2094.58 2199.37 2266.77
1603.81 2174.25 2122.19 1548.25 10.63 20.88 1543.07 1847.34 2146.22
2204.52 2210.03 2196.30 2125.73 2151.56 1356.25 1997.95 1795.07
2166.90 1935.75 2028.60 2132.38 2209.42 1196.03 1206.93 2298.05
2481.12)
59623.1

030. March 21 High-energy tail point

(+ 361.92 1717.34 1508.49 1523.01 625.86 1050.96 1131.67 1253.62
1236.47 1230.74 1151.23 1226.82)
14018.13

031. April 02 Scan

(+ 745.10 1072.19 848.08 930.25 76.44 670.30 1064.58 1156.41)
6563.35

032. April 02 Peak Point (more is coming...)

(+ 1603.62 1523.04 1657.04 1668.90 2327.18)
8779.779999999999

033. April 02 Continuum Point

(+ 1104.11 1975.67 124.33 217.15 408.44 28.08 1559.48 201.18 1998.77
2061.15 2003.45 363.73 1986.14 1985.67 1945.51 1958.55)
19921.41

034. April 02 Peak Point

(+ 2622.47 65.15 240.90 1058.25 1871.84 2035.45 1924.71 1964.93
1958.00 2025.97 1764.03 1987.75 707.89 1864.25 1851.48 1850.66 2164.33
2141.01 2354.36 2361.45 139.48 948.77 2299.51 2432.05 2336.33 2350.08
2288.03 52.74 70.16 1903.86 2407.59 2447.62 1486.96 605.92 2478.11)
59062.090000000004

035. April 08 Scan (more is coming...)

(+ 929.53 1276.74 980.60 1364.77 1266.99 1036.25 1181.70 931.75)
8968.33

036. April 08 Peak Point (more is coming...)

(+ 1050.79)
1050.79

037. April 08 Scan (more is coming...)

(+ 774.05 682.68 611.89 746.11 931.42 235.92 0.19 943.51 905.07 185.94
796.93 1019.37 903.23)
8736.31

038. April 08 Continuum Point (more is coming...)

(+ 1054.33)
1054.33

039. April 08 Peak Point (more is coming...)

(+ 1330.14)
1330.14

040. April 08 Scan

(+ 1268.47 1220.00 1140.27 1009.01 1141.15)
5778.9

041. April 08 Peak Point (more is coming...)

(+ 1539.10)
1539.1

042. April 08 Continuum Point
(+ 2309.10)
2309.1

043. April 08 Peak Point

(+ 1973.37 1865.84 1971.67 4.22 152.69 1984.77 1863.29 1686.74 992.85
1473.32 17.75 0.03 1675.70 1836.03 1808.08 1602.47 2128.25 1756.74
1988.60 2010.63 1730.77 1110.60 394.63 863.84 1988.38 1910.77 1818.93
1726.00 2026.74 2234.22 1959.48 2133.97 2243.67 2118.52 2163.23
2139.75 2152.27 2097.97 2464.85)
64071.63

**************************************************************************

038. November 29 Scan

(+ 1275.34 1176.58 1167.51 197.67 1102.25 1556.08 1548.25 1568.99)
9592.67

039. November 29 Continuum Point

(+ 1260.93 1162.79 433.70 1149.53 1380.27 1253.62 675.37 181.67
1284.27 1325.32 524.52 1326.79)
11958.779999999999

040. November 29 Peak Point

(+ 1446.96 1622.33 1403.89 1175.21 0.14 345.56 1348.99 1611.51 2067.95
2021.23 1953.56 2001.70 2015.21 152.27 1465.67 634.36 2160.96 846.85
1521.42 476.30 1971.89 2111.62 1974.49 2187.07 2193.07 1222.68 176.44
181.43 1546.05 879.89 1086.82 2568.11 1539.70 272.00 2600.49 9.89
2194.60 286.99 1818.25)
53093.55

041. December 6 Scan

(+ 173.29 465.07 427.07 961.21 1393.75 1435.07 1370.71 1472.11 1420.05
1414.14 1082.30)
11614.77

042. December 6 Peak Point (more is coming...)

(+ 2030.36)
2030.36

043. December 6 Continuum Point

(+ 1566.41 1766.36 236.16 1180.88 1068.66 10.00 110.77 1668.38)
7607.62

044. December 6 Peak Point

(+ 1564.63 1113.12 1246.96 1309.84 1594.44 1956.00 172.47 1948.55
2005.29 47.70 1671.04 255.07 1070.27 18.00 1285.64 2048.49 535.26
15.75 588.14 1860.68 1515.64 1895.37 2011.75 2139.97 2016.44 2088.16
2102.82 2042.96 1670.25 2097.29 489.86 3.26 1982.79 1859.18 1736.16
1929.07 2105.95 2303.70 2205.56 201.97 2032.03 1648.33)
60385.85

045. December 13 Scan

(+ 1046.88 1371.86 1807.15 5.64 1064.00 968.66 1243.53 1413.89 859.89)
9781.5

046. December 13 Peak Point (more is coming...)

(+ 289.86)
289.86

047. December 13 Continuum Point

(+ 804.93 1743.56 1654.41 904.66 1869.42)
6976.98

048. December 13 Peak Point

(+ 2001.89 991.62 716.77 2232.25 554.49 1173.75 2235.78 426.93 42.77
1577.37 2091.64 1924.49 1655.75 2087.78 1524.27 38.25 952.33 512.38
1733.18 2095.26 2274.38 2262.30 0.00 1425.29 2315.12 367.89 2358.77
2188.41 1970.00 2004.49 17.07 1778.36 1698.36 2124.27 2235.15 32.55
488.85 1873.59 2222.52 2453.56 2461.86)
61121.74

049. December 20 Scan

(+ 848.85
1504.33
1390.66
1445.04

1440.14

762.41)
7391.43

050. December 20 Continuum Point

(+ 1652.36 1743.40 8.63 988.38 1893.26 1934.63 1904.71 1886.96 1673.23
1892.88 697.67 1790.90 1688.99 939.34 445.67)
21141.010000000002

051. December 20 Peak Point

(+ 289.64 672.22 2038.00 112.11 2069.21 1266.71 1035.78 2106.55
2024.16 2199.95 2095.62 2043.95 2100.55 1612.79 401.07 2582.79 2632.90
2419.42 2701.51 2687.37 2292.60 190.55 2727.15 2639.75 2693.92 85.70
1407.40)
47129.37

052. December 25 Scan

(+ 1300.44 1359.97 1310.11 1316.03 1250.77 1224.85 1148.49 1177.73
164.63 2.08 1172.30 1401.59 1346.05 1329.78 0.14 846.82 888.33 873.78
1192.30 1140.71 1136.90 1112.63 1265.92)
23962.35

053. December 25 High-energy tail point

(+ 61.86 1065.89 947.42 1703.45 1679.67 1738.11 1751.51 1323.95
1202.96)
11474.82

054. December 25 Peak Point (more is coming...)

(+ 366.90 1348.41 107.10 450.00)
2272.41

055. December 25 Continuum Point

(+ 1722.74 1676.33 1687.73 7.10 1439.01 711.48 779.10 177.59 1331.51
20.93 424.63 111.70 0.00 1753.34 1848.08 1803.18 1806.14 575.73)
17876.32

056. December 25 Peak Point

(+ 1779.12 1926.08 34.52 643.89 2348.63 2360.99 2337.12 1923.32
2260.11 2366.49 2362.00 205.18 1020.33 1697.01 2218.30 161.26 532.47
2277.23 2268.79 573.59 674.22 4.16 860.44 0.00 1322.11 2172.85 2376.52
2021.84 10.38 1107.62 902.49 1209.34 2354.08 2183.48 1582.22 2406.38
2078.36 1277.67 907.81 748.27 17.73 1662.41 1188.60 123.42 173.40
2292.27 2333.70)
65288.2

057. January 3 Scan

(+ 1222.71 1395.10 1474.66 1365.95 1372.38 48.25 1151.89 1272.85
953.70 1296.14 1326.19 1340.05 285.62 1109.73)
15615.220000000001

058. January 3 Continuum Point

(+ 1386.41 51.42 1085.59 616.38 1600.85 1897.92 1658.47 1689.97
1794.00 1672.63 1622.60 1930.88 1855.18 1849.42 1551.15 0.00 397.92
1230.55 1667.23)
25558.57

059. January 3 Peak Point

(+ 2120.47 1834.00 2068.05 1921.07 922.08 2348.25 2142.38 2309.23
2372.58 2343.48 2295.73 2223.48 1328.71 2284.77 2316.66 2335.29
2354.00 2072.47 977.18 2334.38 2799.84 2795.07 2717.45 2770.05 2744.11
2593.78 950.25 1489.42 294.63 5.78 2491.32 2615.48 2480.74)
67652.18000000001

060. January 10 Scan

(+ 797.59 145.62 974.66 540.19 967.86 950.79 984.77 971.07 1063.23
992.03)
8387.81

061. January 10 Peak Point (more is coming...)

(+ 201.15)
201.15

062. January 10 Continuum Point

(+ 1367.62 660.05 61.70 76.77 228.36 1530.55 1699.51 1511.04)
7135.599999999999

063. January 10 Peak Point

(+ 1177.15 2089.26 2098.47 2191.29 2310.85 2039.26 2161.59 2083.84
2040.41 2119.53 0.00 881.45 676.88 2156.14 1370.16 2246.99 2233.78
2093.64 2261.53 2254.93 1711.64 1872.41 2235.97 2228.27 2263.81
2082.30 2101.64 1503.92 710.63 2560.00 2478.14 2365.62 2513.78 2537.75
2497.86)
68150.89

