   10322.0000000000        3.18639166934047     
   10322.0780000000        3.18634422226503     
   10322.1560000000        3.18629678024179     
   10322.2340000000        3.18624934501162     
   10322.3120000000        3.18620191490500     
   10322.3900000000        3.18615449170212     
   10322.4680000000        3.18610707457939     
   10322.5460000000        3.18605966270630     
   10322.6240000000        3.18601225806774     
   10322.7020000000        3.18596485947883     
   10322.7800000000        3.18591746626917     
   10322.8580000000        3.18587008028096     
   10322.9360000000        3.18582270066533     
   10323.0140000000        3.18577532656228     
   10323.0920000000        3.18572795985016     
   10323.1700000000        3.18568059966507     
   10323.2480000000        3.18563324512975     
   10323.3260000000        3.18558589816238     
   10323.4040000000        3.18553855788234     
   10323.4820000000        3.18549122339330     
   10323.5600000000        3.18544389665713     
   10323.6380000000        3.18539657677470     
   10323.7160000000        3.18534926282872     
   10323.7940000000        3.18530195701000     
   10323.8720000000        3.18525465803789     
   10323.9500000000        3.18520736615150     
   10324.0280000000        3.18516008041420     
   10324.1060000000        3.18511280288246     
   10324.1840000000        3.18506553261829     
   10324.2620000000        3.18501826865937     
   10324.3400000000        3.18497101312005     
   10324.4180000000        3.18492376503732     
   10324.4960000000        3.18487652447591     
   10324.5740000000        3.18482929044775     
   10324.6520000000        3.18478206512780     
   10324.7300000000        3.18473484752826     
   10324.8080000000        3.18468763771736     
   10324.8860000000        3.18464043467734     
   10324.9640000000        3.18459324065225     
   10325.0420000000        3.18454605462567     
   10325.1200000000        3.18449887685691     
   10325.1980000000        3.18445170704519     
   10325.2760000000        3.18440454432529     
   10325.3540000000        3.18435739102184     
   10325.4320000000        3.18431024608607     
   10325.5100000000        3.18426310959492     
   10325.5880000000        3.18421598162636     
   10325.6660000000        3.18416886108821     
   10325.7440000000        3.18412175040068     
   10325.8220000000        3.18407464847588     
   10325.9000000000        3.18402755539617     
   10325.9780000000        3.18398047124506     
   10326.0560000000        3.18393339610724     
   10326.1340000000        3.18388632883937     
   10326.2120000000        3.18383927198267     
   10326.2900000000        3.18379222440016     
   10326.3680000000        3.18374518618138     
   10326.4460000000        3.18369815741716     
   10326.5240000000        3.18365113819960     
   10326.6020000000        3.18360412862212     
   10326.6800000000        3.18355712877949     
   10326.7580000000        3.18351013745474     
   10326.8360000000        3.18346315736453     
   10326.9140000000        3.18341618730138     
   10326.9920000000        3.18336922756330     
   10327.0700000000        3.18332227785776     
   10327.1480000000        3.18327533848483     
   10327.2260000000        3.18322840954933     
   10327.3040000000        3.18318149115767     
   10327.3820000000        3.18313458341783     
   10327.4600000000        3.18308768643938     
   10327.5380000000        3.18304080033356     
   10327.6160000000        3.18299392521323     
   10327.6940000000        3.18294706119298     
   10327.7720000000        3.18290020838914     
   10327.8500000000        3.18285336691977     
   10327.9280000000        3.18280653690475     
   10328.0060000000        3.18275971846580     
   10328.0840000000        3.18271291172647     
   10328.1620000000        3.18266611681224     
   10328.2400000000        3.18261933385054     
   10328.3180000000        3.18257256297074     
   10328.3960000000        3.18252580430425     
   10328.4740000000        3.18247905798454     
   10328.5520000000        3.18243232414716     
   10328.6300000000        3.18238560292980     
   10328.7080000000        3.18233889447233     
   10328.7860000000        3.18229219891684     
   10328.8640000000        3.18224551640769     
   10328.9420000000        3.18219884709156     
   10329.0200000000        3.18215219111746     
   10329.0980000000        3.18210554863684     
   10329.1760000000        3.18205891980358     
   10329.2540000000        3.18201230477409     
   10329.3320000000        3.18196570370730     
   10329.4100000000        3.18191911858838     
   10329.4880000000        3.18187254596052     
   10329.5660000000        3.18182598778897     
   10329.6440000000        3.18177944424346     
   10329.7220000000        3.18173291549659     
   10329.8000000000        3.18168640172382     
   10329.8780000000        3.18163990310358     
   10329.9560000000        3.18159342179162     
   10330.0340000000        3.18154695405617     
   10330.1120000000        3.18150050202797     
   10330.1899999999        3.18145406589796     
   10330.2679999999        3.18140764586034     
   10330.3459999999        3.18136124420638     
   10330.4239999999        3.18131485698710     
   10330.5019999999        3.18126848646456     
   10330.5799999999        3.18122213284691     
   10330.6579999999        3.18117579854239     
   10330.7359999999        3.18112947941560     
   10330.8139999999        3.18108317784187     
   10330.8919999999        3.18103689631583     
   10330.9699999999        3.18099063056783     
   10331.0479999999        3.18094438305661     
   10331.1259999999        3.18089815401789     
   10331.2039999999        3.18085194609772     
   10331.2819999999        3.18080575477968     
   10331.3599999999        3.18075958512222     
   10331.4379999999        3.18071343252685     
   10331.5159999999        3.18066729965275     
   10331.5939999999        3.18062118932514     
   10331.6719999999        3.18057509674686     
   10331.7499999999        3.18052902469634     
   10331.8279999999        3.18048297613693     
   10331.9059999999        3.18043694604677     
   10331.9839999999        3.18039094009318     
   10332.0619999999        3.18034495312842     
   10332.1399999999        3.18029899097504     
   10332.2179999999        3.18025304834676     
   10332.2959999999        3.18020713123565     
   10332.3739999999        3.18016123420337     
   10332.4519999999        3.18011536342676     
   10332.5299999999        3.18006951330094     
   10332.6079999999        3.18002369020392     
   10332.6859999999        3.17997788834867     
   10332.7639999999        3.17993211433201     
   10332.8419999999        3.17988636541205     
   10332.9199999999        3.17984063869115     
   10332.9979999999        3.17979494106609     
   10333.0759999999        3.17974926968355     
   10333.1539999999        3.17970362150676     
   10333.2319999999        3.17965800377757     
   10333.3099999999        3.17961241351213     
   10333.3879999999        3.17956684727210     
   10333.4659999999        3.17952131317487     
   10333.5439999999        3.17947580784470     
   10333.6219999999        3.17943032789595     
   10333.6999999999        3.17938488141926     
   10333.7779999999        3.17933946510246     
   10333.8559999999        3.17929407943234     
   10333.9339999999        3.17924872490694     
   10334.0119999999        3.17920340203599     
   10334.0899999999        3.17915810704031     
   10334.1679999999        3.17911284897695     
   10334.2459999999        3.17906762416647     
   10334.3239999999        3.17902243316886     
   10334.4019999999        3.17897727655775     
   10334.4799999999        3.17893215492086     
   10334.5579999999        3.17888706886052     
   10334.6359999999        3.17884201899410     
   10334.7139999999        3.17879700595457     
   10334.7919999999        3.17875203039104     
   10334.8699999999        3.17870709296928     
   10334.9479999999        3.17866219982358     
   10335.0259999999        3.17861734089400     
   10335.1039999999        3.17857252196378     
   10335.1819999999        3.17852774427960     
   10335.2599999999        3.17848300834667     
   10335.3379999999        3.17843832110430     
   10335.4159999999        3.17839367121835     
   10335.4939999999        3.17834906549851     
   10335.5719999999        3.17830451145154     
   10335.6499999999        3.17825999684493     
   10335.7279999999        3.17821552903200     
   10335.8059999999        3.17817111619352     
   10335.8839999999        3.17812674501755     
   10335.9619999999        3.17808243119517     
   10336.0399999999        3.17803816063184     
   10336.1179999999        3.17799394998210     
   10336.1959999999        3.17794979267666     
   10336.2739999999        3.17790568094816     
   10336.3519999999        3.17786163358900     
   10336.4299999999        3.17781764316047     
   10336.5079999999        3.17777371094974     
   10336.5859999999        3.17772982834556     
   10336.6639999999        3.17768601626295     
   10336.7419999999        3.17764226652464     
   10336.8199999999        3.17759858062040     
   10336.8979999999        3.17755496009871     
   10336.9759999999        3.17751141861897     
   10337.0539999999        3.17746793428655     
   10337.1319999999        3.17742452041448     
   10337.2099999999        3.17738117882936     
   10337.2879999999        3.17733792551324     
   10337.3659999999        3.17729473503188     
   10337.4439999999        3.17725163867238     
   10337.5219999999        3.17720860790126     
   10337.5999999999        3.17716567753631     
   10337.6779999999        3.17712283446155     
   10337.7559999999        3.17708008151167     
   10337.8339999999        3.17703742170064     
   10337.9119999999        3.17699485824056     
   10337.9899999999        3.17695239456320     
   10338.0679999999        3.17691005946061     
   10338.1459999999        3.17686780819580     
   10338.2239999999        3.17682569812405     
   10338.3019999999        3.17678367784716     
   10338.3799999999        3.17674181343567     
   10338.4579999999        3.17670011970660     
   10338.5359999999        3.17665853304025     
   10338.6139999999        3.17661709588263     
   10338.6919999999        3.17657586789264     
   10338.7699999999        3.17653482144087     
   10338.8479999999        3.17649403660506     
   10338.9259999999        3.17645348627666     
   10339.0039999999        3.17641320013760     
   10339.0819999999        3.17637331836975     
   10339.1599999999        3.17633382720697     
   10339.2379999999        3.17629496789163     
   10339.3159999999        3.17625720840229     
   10339.3939999999        3.17622065689743     
   10339.4719999999        3.17618733525045     
   10339.5499999999        3.17616257531968     
   10339.6279999999        3.17619477427520     
   10339.7059999999        3.17684978648342     
   10339.7839999999        3.17698689106722     
   10339.8619999999        3.17706907484472     
   10339.9399999999        3.17713930522347     
   10340.0179999999        3.17720837058720     
   10340.0959999999        3.17728031064442     
   10340.1739999999        3.17735619771112     
   10340.2519999999        3.17743694486630     
   10340.3299999999        3.17752466206179     
   10340.4079999999        3.17761845996246     
   10340.4859999999        3.17772028001008     
   10340.5639999999        3.17782935208674     
   10340.6419999999        3.17794749693096     
   10340.7199999999        3.17807522876131     
   10340.7979999999        3.17821309134954     
   10340.8759999999        3.17836061390276     
   10340.9539999999        3.17851948780368     
   10341.0319999999        3.17869011385270     
   10341.1099999999        3.17887353936376     
   10341.1879999999        3.17906913467972     
   10341.2659999999        3.17927986484745     
   10341.3439999999        3.17950423207493     
   10341.4219999999        3.17974413363164     
   10341.4999999999        3.18000052574863     
   10341.5779999999        3.18027419340933     
   10341.6559999999        3.18056577547790     
   10341.7339999999        3.18087640394866     
   10341.8119999999        3.18120702182664     
   10341.8899999999        3.18155801405069     
   10341.9679999999        3.18193175340692     
   10342.0459999999        3.18232808824487     
   10342.1239999999        3.18274938760961     
   10342.2019999999        3.18319569015692     
   10342.2799999999        3.18366879028703     
   10342.3579999999        3.18417003332017     
   10342.4359999999        3.18470143698854     
   10342.5139999999        3.18526311389207     
   10342.5919999999        3.18585692762007     
   10342.6699999999        3.18648501699233     
   10342.7479999999        3.18714784950265     
   10342.8259999999        3.18784853093472     
   10342.9039999999        3.18858834672025     
   10342.9819999999        3.18936885512505     
   10343.0599999999        3.19019185340283     
   10343.1379999999        3.19105861891132     
   10343.2159999999        3.19197280290089     
   10343.2939999999        3.19293459167156     
   10343.3719999999        3.19394806109310     
   10343.4499999999        3.19501432530625     
   10343.5279999999        3.19613520119167     
   10343.6059999999        3.19731366984038     
   10343.6839999999        3.19855308355270     
   10343.7619999999        3.19985425162544     
   10343.8399999999        3.20122170560805     
   10343.9179999999        3.20265620892690     
   10343.9959999999        3.20416195151751     
   10344.0739999999        3.20574098339508     
   10344.1519999999        3.20739747581244     
   10344.2299999999        3.20913303070843     
   10344.3079999999        3.21095167511093     
   10344.3859999999        3.21285648518608     
   10344.4639999999        3.21485076923822     
   10344.5419999999        3.21693819669705     
   10344.6199999999        3.21912258185358     
   10344.6979999999        3.22140713440547     
   10344.7759999999        3.22379515751374     
   10344.8539999999        3.22629106110944     
   10344.9319999999        3.22889925621533     
   10345.0099999999        3.23162280143278     
   10345.0879999999        3.23446606999800     
   10345.1659999999        3.23743404737374     
   10345.2439999999        3.24053069413665     
   10345.3219999999        3.24376061516652     
   10345.3999999999        3.24712804276378     
   10345.4779999999        3.25063781747025     
   10345.5559999999        3.25429492572634     
   10345.6339999999        3.25810349960473     
   10345.7119999999        3.26206922845518     
   10345.7899999999        3.26619696648680     
   10345.8679999999        3.27049261136334     
   10345.9459999999        3.27495964777966     
   10346.0239999999        3.27960497955262     
   10346.1019999999        3.28443366454768     
   10346.1799999999        3.28945090962433     
   10346.2579999999        3.29466283466654     
   10346.3359999999        3.30007529969086     
   10346.4139999998        3.30569313085347     
   10346.4919999998        3.31152296484591     
   10346.5699999998        3.31757060560287     
   10346.6479999998        3.32384197626125     
   10346.7259999998        3.33034386236425     
   10346.8039999998        3.33708091854615     
   10346.8819999998        3.34406134509455     
   10346.9599999998        3.35128973053298     
   10347.0379999998        3.35877322151825     
   10347.1159999998        3.36651780804321     
   10347.1939999998        3.37453066447498     
   10347.2719999998        3.38281745082394     
   10347.3499999998        3.39138512639204     
   10347.4279999998        3.40023971630018     
   10347.5059999998        3.40938919555554     
   10347.5839999998        3.41883786777691     
   10347.6619999998        3.42859402006571     
   10347.7399999998        3.43866347164199     
   10347.8179999998        3.44905277967812     
   10347.8959999998        3.45976875041514     
   10347.9739999998        3.47081754812579     
   10348.0519999998        3.48220605958380     
   10348.1299999998        3.49394057427631     
   10348.2079999998        3.50602693108487     
   10348.2859999998        3.51847195792974     
   10348.3639999998        3.53128224744168     
   10348.4419999998        3.54446308487989     
   10348.5199999998        3.55802074848183     
   10348.5979999998        3.57196172584652     
   10348.6759999998        3.58629150240637     
   10348.7539999998        3.60101561903792     
   10348.8319999998        3.61613968183724     
   10348.9099999998        3.63166966749684     
   10348.9879999998        3.64761049990796     
   10349.0659999998        3.66396708981179     
   10349.1439999998        3.68074443341228     
   10349.2219999998        3.69794781586959     
   10349.2999999998        3.71558141295631     
   10349.3779999998        3.73364932912894     
   10349.4559999998        3.75215576306598     
   10349.5339999998        3.77110490732366     
   10349.6119999998        3.79050041149544     
   10349.6899999998        3.81034540085269     
   10349.7679999998        3.83064265418416     
   10349.8459999998        3.85139550349624     
   10349.9239999998        3.87260644507528     
   10350.0019999998        3.89427717461871     
   10350.0799999998        3.91640966678654     
   10350.1579999998        3.93900568730548     
   10350.2359999998        3.96206668617914     
   10350.3139999998        3.98559342377249     
   10350.3919999998        4.00958616968166     
   10350.4699999998        4.03404444711028     
   10350.5479999998        4.05896876924368     
   10350.6259999998        4.08435831763695     
   10350.7039999998        4.11021147186394     
   10350.7819999998        4.13652689153599     
   10350.8599999998        4.16330292386415     
   10350.9379999998        4.19053702766691     
   10351.0159999998        4.21822584793093     
   10351.0939999998        4.24636622326685     
   10351.1719999998        4.27495457745972     
   10351.2499999998        4.30398689349549     
   10351.3279999998        4.33345821494716     
   10351.4059999998        4.36336281532481     
   10351.4839999998        4.39369519402431     
   10351.5619999998        4.42444942201915     
   10351.6399999998        4.45561852566463     
   10351.7179999998        4.48719478056317     
   10351.7959999998        4.51917059401860     
   10351.8739999998        4.55153786947873     
   10351.9519999998        4.58428802716975     
   10352.0299999998        4.61741141718361     
   10352.1079999998        4.65089772407533     
   10352.1859999998        4.68473680605535     
   10352.2639999998        4.71891722265219     
   10352.3419999998        4.75342879181962     
   10352.4199999998        4.78825874067850     
   10352.4979999998        4.82339414354444     
   10352.5759999998        4.85882225078216     
   10352.6539999998        4.89452981812497     
   10352.7319999998        4.93050240961148     
   10352.8099999998        4.96672508010965     
   10352.8879999998        5.00318297577250     
   10352.9659999998        5.03986055266961     
   10353.0439999998        5.07674237431769     
   10353.1219999998        5.11381124752747     
   10353.1999999998        5.15104983873505     
   10353.2779999998        5.18844092614166     
   10353.3559999998        5.22596681517291     
   10353.4339999998        5.26360942779379     
   10353.5119999998        5.30134935124861     
   10353.5899999998        5.33916743276276     
   10353.6679999998        5.37704420690169     
   10353.7459999998        5.41495995923330     
   10353.8239999998        5.45289466299395     
   10353.9019999998        5.49082698669536     
   10353.9799999998        5.52873602648557     
   10354.0579999998        5.56660061887307     
   10354.1359999998        5.60439943783387     
   10354.2139999998        5.64211093046456     
   10354.2919999998        5.67971229710582     
   10354.3699999998        5.71718134877091     
   10354.4479999998        5.75449570446740     
   10354.5259999998        5.79163292376926     
   10354.6039999998        5.82857029616201     
   10354.6819999998        5.86528453166471     
   10354.7599999998        5.90175226341059     
   10354.8379999998        5.93795060236792     
   10354.9159999998        5.97385641694179     
   10354.9939999998        6.00944703121995     
   10355.0719999998        6.04469836671375     
   10355.1499999998        6.07958709740694     
   10355.2279999998        6.11409010510321     
   10355.3059999998        6.14818493128978     
   10355.3839999998        6.18184853246423     
   10355.4619999998        6.21505735848858     
   10355.5399999998        6.24778832262264     
   10355.6179999998        6.28001984789745     
   10355.6959999998        6.31172930662884     
   10355.7739999998        6.34289393306955     
   10355.8519999998        6.37349335258890     
   10355.9299999998        6.40350476579614     
   10356.0079999998        6.43290669293177     
   10356.0859999998        6.46167884008941     
   10356.1639999998        6.48980073988147     
   10356.2419999998        6.51725233240706     
   10356.3199999998        6.54401338123264     
   10356.3979999998        6.57006449469049     
   10356.4759999998        6.59538693083323     
   10356.5539999998        6.61996298118408     
   10356.6319999998        6.64377479605230     
   10356.7099999998        6.66680377935523     
   10356.7879999998        6.68903474404050     
   10356.8659999998        6.71045072100970     
   10356.9439999998        6.73103603338210     
   10357.0219999998        6.75077663267661     
   10357.0999999998        6.76965820041682     
   10357.1779999998        6.78766618036633     
   10357.2559999998        6.80478803573892     
   10357.3339999998        6.82101149884228     
   10357.4119999998        6.83632566606433     
   10357.4899999998        6.85071969942472     
   10357.5679999998        6.86418225265695     
   10357.6459999998        6.87670552065442     
   10357.7239999998        6.88828022664322     
   10357.8019999998        6.89889846166895     
   10357.8799999998        6.90855414493000     
   10357.9579999998        6.91724088285822     
   10358.0359999998        6.92495272976064     
   10358.1139999998        6.93168520679792     
   10358.1919999998        6.93743467093330     
   10358.2699999998        6.94219879528085     
   10358.3479999998        6.94597446840210     
   10358.4259999998        6.94876197905235     
   10358.5039999998        6.95055933378308     
   10358.5819999998        6.95136740284922     
   10358.6599999998        6.95118750240218     
   10358.7379999998        6.95002181734023     
   10358.8159999998        6.94787351558702     
   10358.8939999998        6.94474486513537     
   10358.9719999998        6.94064172765920     
   10359.0499999998        6.93556846398914     
   10359.1279999998        6.92953170599121     
   10359.2059999998        6.92253829491673     
   10359.2839999998        6.91459611313895     
   10359.3619999998        6.90571215003911     
   10359.4399999998        6.89589689694514     
   10359.5179999998        6.88515931018808     
   10359.5959999998        6.87351052868344     
   10359.6739999998        6.86096194338368     
   10359.7519999998        6.84752539127230     
   10359.8299999998        6.83321290904883     
   10359.9079999998        6.81803773956593     
   10359.9859999998        6.80201445855297     
   10360.0639999998        6.78515692495501     
   10360.1419999998        6.76748118332019     
   10360.2199999998        6.74900248424984     
   10360.2979999998        6.72973648591960     
   10360.3759999998        6.70969993851050     
   10360.4539999998        6.68891074810418     
   10360.5319999998        6.66738599987648     
   10360.6099999998        6.64514484013431     
   10360.6879999998        6.62220542161644     
   10360.7659999998        6.59858623109601     
   10360.8439999998        6.57430670325537     
   10360.9219999998        6.54938723817654     
   10360.9999999998        6.52384729163500     
   10361.0779999998        6.49770813324898     
   10361.1559999998        6.47099024900013     
   10361.2339999998        6.44371338488600     
   10361.3119999998        6.41589995368728     
   10361.3899999998        6.38757055432755     
   10361.4679999998        6.35874728511287     
   10361.5459999998        6.32945189364502     
   10361.6239999998        6.29970620843971     
   10361.7019999998        6.26953102015360     
   10361.7799999998        6.23894951235951     
   10361.8579999998        6.20798298137624     
   10361.9359999998        6.17665390394064     
   10362.0139999998        6.14498474876881     
   10362.0919999998        6.11299631082141     
   10362.1699999998        6.08071211187367     
   10362.2479999998        6.04815255900925     
   10362.3259999998        6.01534002328680     
   10362.4039999998        5.98229614484175     
   10362.4819999998        5.94904230979700     
   10362.5599999998        5.91560076661225     
   10362.6379999997        5.88199198287679     
   10362.7159999997        5.84823653124454     
   10362.7939999997        5.81435523392465     
   10362.8719999997        5.78036914564578     
   10362.9499999997        5.74629786044746     
   10363.0279999997        5.71216228101664     
   10363.1059999997        5.67798159440490     
   10363.1839999997        5.64377419867033     
   10363.2619999997        5.60956018733614     
   10363.3399999997        5.57535754408106     
   10363.4179999997        5.54118499193557     
   10363.4959999997        5.50706087113492     
   10363.5739999997        5.47300140307921     
   10363.6519999997        5.43902524069598     
   10363.7299999997        5.40514773059566     
   10363.8079999997        5.37138559074984     
   10363.8859999997        5.33775511452846     
   10363.9639999997        5.30427109243638     
   10364.0419999997        5.27094961661943     
   10364.1199999997        5.23780432720238     
   10364.1979999997        5.20484878649359     
   10364.2759999997        5.17209753129056     
   10364.3539999997        5.13956306572585     
   10364.4319999997        5.10725848845458     
   10364.5099999997        5.07519641054756     
   10364.5879999997        5.04338717081682     
   10364.6659999997        5.01184338502544     
   10364.7439999997        4.98057482128729     
   10364.8219999997        4.94959183035864     
   10364.8999999997        4.91890468780386     
   10364.9779999997        4.88852204405648     
   10365.0559999997        4.85845376119425     
   10365.1339999997        4.82870742888981     
   10365.2119999997        4.79929026655569     
   10365.2899999997        4.77021044468385     
   10365.3679999997        4.74147474752753     
   10365.4459999997        4.71308960913403     
   10365.5239999997        4.68506078034552     
   10365.6019999997        4.65739485671364     
   10365.6799999997        4.63009582963100     
   10365.7579999997        4.60316805128505     
   10365.8359999997        4.57661657177652     
   10365.9139999997        4.55044460401009     
   10365.9919999997        4.52465597297047     
   10366.0699999997        4.49925407272468     
   10366.1479999997        4.47424002293421     
   10366.2259999997        4.44961735349565     
   10366.3039999997        4.42538700598122     
   10366.3819999997        4.40155048070731     
   10366.4599999997        4.37810896966287     
   10366.5379999997        4.35506347869977     
   10366.6159999997        4.33241450529914     
   10366.6939999997        4.31016085287016     
   10366.7719999997        4.28830347918736     
   10366.8499999997        4.26684094161658     
   10366.9279999997        4.24577239271319     
   10367.0059999997        4.22509673769425     
   10367.0839999997        4.20481279592131     
   10367.1619999997        4.18491895064451     
   10367.2399999997        4.16541190469552     
   10367.3179999997        4.14629074329945     
   10367.3959999997        4.12755184950707     
   10367.4739999997        4.10919285292560     
   10367.5519999997        4.09121078852747     
   10367.6299999997        4.07360281509667     
   10367.7079999997        4.05636571134663     
   10367.7859999997        4.03949462494056     
   10367.8639999997        4.02298718078435     
   10367.9419999997        4.00683842315223     
   10368.0199999997        3.99104466924443     
   10368.0979999997        3.97560170680592     
   10368.1759999997        3.96050554377069     
   10368.2539999997        3.94575187601700     
   10368.3319999997        3.93133479783450     
   10368.4099999997        3.91725086968951     
   10368.4879999997        3.90349460230144     
   10368.5659999997        3.89006117637182     
   10368.6439999997        3.87694572047446     
   10368.7219999997        3.86414356455760     
   10368.7999999997        3.85164976735117     
   10368.8779999997        3.83945784902242     
   10368.9559999997        3.82756384264101     
   10369.0339999997        3.81596185321818     
   10369.1119999997        3.80464666192536     
   10369.1899999997        3.79361304544996     
   10369.2679999997        3.78285597226033     
   10369.3459999997        3.77237051925263     
   10369.4239999997        3.76214975651316     
   10369.5019999997        3.75218964836150     
   10369.5799999997        3.74248406567538     
   10369.6579999997        3.73302829398864     
   10369.7359999997        3.72381653696995     
   10369.8139999997        3.71484399775777     
   10369.8919999997        3.70610486261819     
   10369.9699999997        3.69759518145327     
   10370.0479999997        3.68930818648167     
   10370.1259999997        3.68123893537949     
   10370.2039999997        3.67338274678485     
   10370.2819999997        3.66573444456619     
   10370.3599999997        3.65828935911743     
   10370.4379999997        3.65104181251706     
   10370.5159999997        3.64398820653555     
   10370.5939999997        3.63712191506060     
   10370.6719999997        3.63043950278254     
   10370.7499999997        3.62393541010056     
   10370.8279999997        3.61760534265490     
   10370.9059999997        3.61144467549227     
   10370.9839999997        3.60544925285475     
   10371.0619999997        3.59961501544214     
   10371.1399999997        3.59393600759508     
   10371.2179999997        3.58840922297264     
   10371.2959999997        3.58302978721518     
   10371.3739999997        3.57779412013960     
   10371.4519999997        3.57269771071846     
   10371.5299999997        3.56773712074376     
   10371.6079999997        3.56290784119411     
   10371.6859999997        3.55820731100937     
   10371.7639999997        3.55363038510176     
   10371.8419999997        3.54917352563471     
   10371.9199999997        3.54483360296976     
   10371.9979999997        3.54060706598952     
   10372.0759999997        3.53649043463343     
   10372.1539999997        3.53248085697684     
   10372.2319999997        3.52857517432380     
   10372.3099999997        3.52476887973076     
   10372.3879999997        3.52106004845331     
   10372.4659999997        3.51744506925838     
   10372.5439999997        3.51392136260105     
   10372.6219999997        3.51048610601065     
   10372.6999999997        3.50713659584492     
   10372.7779999997        3.50386960937696     
   10372.8559999997        3.50068379734276     
   10372.9339999997        3.49757478150959     
   10373.0119999997        3.49454137169829     
   10373.0899999997        3.49158042225932     
   10373.1679999997        3.48868992756793     
   10373.2459999997        3.48586752606685     
   10373.3239999997        3.48311142226652     
   10373.4019999997        3.48041876855146     
   10373.4799999997        3.47778886645038     
   10373.5579999997        3.47521799576415     
   10373.6359999997        3.47270464796076     
   10373.7139999997        3.47024722243225     
   10373.7919999997        3.46784386601497     
   10373.8699999997        3.46549269825555     
   10373.9479999997        3.46319252285090     
   10374.0259999997        3.46094170116330     
   10374.1039999997        3.45873732805981     
   10374.1819999997        3.45657894263582     
   10374.2599999997        3.45446457487197     
   10374.3379999997        3.45239301888244     
   10374.4159999997        3.45036298058531     
   10374.4939999997        3.44837316059177     
   10374.5719999997        3.44642168553394     
   10374.6499999997        3.44450856152951     
   10374.7279999997        3.44263083542552     
   10374.8059999997        3.44078842683720     
   10374.8839999997        3.43897970193153     
   10374.9619999997        3.43720404570464     
   10375.0399999997        3.43545991944484     
   10375.1179999997        3.43374697736911     
   10375.1959999997        3.43206338822682     
   10375.2739999997        3.43040951518415     
   10375.3519999997        3.42878268538803     
   10375.4299999997        3.42718317222119     
   10375.5079999997        3.42560972452407     
   10375.5859999997        3.42406159123274     
   10375.6639999997        3.42253794406416     
   10375.7419999997        3.42103846151749     
   10375.8199999997        3.41956163105116     
   10375.8979999997        3.41810792907886     
   10375.9759999997        3.41667503284954     
   10376.0539999997        3.41526325946518     
   10376.1319999997        3.41387123462919     
   10376.2099999997        3.41249837277419     
   10376.2879999997        3.41114297003503     
   10376.3659999997        3.40980220693110     
   10376.4439999997        3.40845804207812     
   10376.5219999997        3.40659337336733     
   10376.5999999997        3.40515143862015     
   10376.6779999997        3.40388180757115     
   10376.7559999997        3.40265200197697     
   10376.8339999997        3.40144653557668     
   10376.9119999997        3.40025963370604     
   10376.9899999997        3.39909157409531     
   10377.0679999997        3.39793840172571     
   10377.1459999997        3.39679908459988     
   10377.2239999997        3.39567294539857     
   10377.3019999997        3.39455893063896     
   10377.3799999997        3.39345667620442     
   10377.4579999997        3.39236688145338     
   10377.5359999997        3.39128796915555     
   10377.6139999997        3.39022136402010     
   10377.6919999997        3.38916371504639     
   10377.7699999997        3.38811807796988     
   10377.8479999997        3.38708189285580     
   10377.9259999997        3.38605561383469     
   10378.0039999997        3.38503984632661     
   10378.0819999997        3.38403241565500     
   10378.1599999997        3.38303549159967     
   10378.2379999997        3.38204686530433     
   10378.3159999997        3.38106779297776     
   10378.3939999997        3.38009825191283     
   10378.4719999997        3.37913650471379     
   10378.5499999997        3.37818434518259     
   10378.6279999997        3.37723945866080     
   10378.7059999997        3.37630265444873     
   10378.7839999997        3.37537516319755     
   10378.8619999996        3.37445432811291     
   10378.9399999996        3.37354302856766     
   10379.0179999996        3.37263946433956     
   10379.0959999996        3.37174204752618     
   10379.1739999996        3.37085295292383     
   10379.2519999996        3.36997107590286     
   10379.3299999996        3.36909640133093     
   10379.4079999996        3.36822924497353     
   10379.4859999996        3.36736896632006     
   10379.5639999996        3.36651597911469     
   10379.6419999996        3.36566935576655     
   10379.7199999996        3.36483029246618     
   10379.7979999996        3.36399748880238     
   10379.8759999996        3.36317156853075     
   10379.9539999996        3.36235186845687     
   10380.0319999996        3.36153858534094     
   10380.1099999996        3.36073187654565     
   10380.1879999996        3.35993171948971     
   10380.2659999996        3.35913727943670     
   10380.3439999996        3.35834955296814     
   10380.4219999996        3.35756735890130     
   10380.4999999996        3.35679091480665     
   10380.5779999996        3.35602081835844     
   10380.6559999996        3.35525657468876     
   10380.7339999996        3.35449737046950     
   10380.8119999996        3.35374454746699     
   10380.8899999996        3.35299739282449     
   10380.9679999996        3.35225523845137     
   10381.0459999996        3.35151917568587     
   10381.1239999996        3.35078835155462     
   10381.2019999996        3.35006301590468     
   10381.2799999996        3.34934241727042     
   10381.3579999996        3.34862753063099     
   10381.4359999996        3.34791768240711     
   10381.5139999996        3.34721297549005     
   10381.5919999996        3.34651270754190     
   10381.6699999996        3.34581831841697     
   10381.7479999996        3.34512841509910     
   10381.8259999996        3.34444397286559     
   10381.9039999996        3.34376390639110     
   10381.9819999996        3.34308796988840     
   10382.0599999996        3.34241744693356     
   10382.1379999996        3.34175145421306     
   10382.2159999996        3.34109005761277     
   10382.2939999996        3.34043322218617     
   10382.3719999996        3.33978149662213     
   10382.4499999996        3.33913389160697     
   10382.5279999996        3.33849006645937     
   10382.6059999996        3.33785094544345     
   10382.6839999996        3.33721604712741     
   10382.7619999996        3.33658579608690     
   10382.8399999996        3.33595935427766     
   10382.9179999996        3.33533743493741     
   10382.9959999996        3.33471925363578     
   10383.0739999996        3.33410626924871     
   10383.1519999996        3.33349649766601     
   10383.2299999996        3.33289077612198     
   10383.3079999996        3.33228839143123     
   10383.3859999996        3.33169037514276     
   10383.4639999996        3.33109626276192     
   10383.5419999996        3.33050640735443     
   10383.6199999996        3.32992012982086     
   10383.6979999996        3.32933777975364     
   10383.7759999996        3.32875789571446     
   10383.8539999996        3.32818293785993     
   10383.9319999996        3.32761095609637     
   10384.0099999996        3.32704270690970     
   10384.0879999996        3.32647822775824     
   10384.1659999996        3.32591695069834     
   10384.2439999996        3.32536006630420     
   10384.3219999996        3.32480542881458     
   10384.3999999996        3.32425502675274     
   10384.4779999996        3.32370734876275     
   10384.5559999996        3.32316336944290     
   10384.6339999996        3.32262230951994     
   10384.7119999996        3.32208411426806     
   10384.7899999996        3.32155002865226     
   10384.8679999996        3.32101781257512     
   10384.9459999996        3.32049031706472     
   10385.0239999996        3.31996542189767     
   10385.1019999996        3.31944341208667     
   10385.1799999996        3.31892413226987     
   10385.2579999996        3.31840814566645     
   10385.3359999996        3.31789487867716     
   10385.4139999996        3.31738462746559     
   10385.4919999996        3.31687717036102     
   10385.5699999996        3.31637263004039     
   10385.6479999996        3.31587151704204     
   10385.7259999996        3.31537252719806     
   10385.8039999996        3.31487651668581     
   10385.8819999996        3.31438305473380     
   10385.9599999996        3.31389217284337     
   10386.0379999996        3.31340396249088     
   10386.1159999996        3.31291813029256     
   10386.1939999996        3.31243531864712     
   10386.2719999996        3.31195508228305     
   10386.3499999996        3.31147813997576     
   10386.4279999996        3.31100171008373     
   10386.5059999996        3.31052917373534     
   10386.5839999996        3.31005885104348     
   10386.6619999996        3.30959095046866     
   10386.7399999996        3.30912508027740     
   10386.8179999996        3.30866130078095     
   10386.8959999996        3.30820024920831     
   10386.9739999996        3.30774114329775     
   10387.0519999996        3.30728516331614     
   10387.1299999996        3.30683039487187     
   10387.2079999996        3.30637850370415     
   10387.2859999996        3.30592846513521     
   10387.3639999996        3.30548038297876     
   10387.4419999996        3.30503422034004     
   10387.5199999996        3.30459045658286     
   10387.5979999996        3.30414906236812     
   10387.6759999996        3.30370941953645     
   10387.7539999996        3.30327231555481     
   10387.8319999996        3.30283620875056     
   10387.9099999996        3.30240272375065     
   10387.9879999996        3.30197084389283     
   10388.0659999996        3.30154064747427     
   10388.1439999996        3.30111219180740     
   10388.2219999996        3.30068591270619     
   10388.2999999996        3.30026175399785     
   10388.3779999996        3.29983909514424     
   10388.4559999996        3.29941873999659     
   10388.5339999996        3.29899920399849     
   10388.6119999996        3.29858205425233     
   10388.6899999996        3.29816628850997     
   10388.7679999996        3.29775195592480     
   10388.8459999996        3.29733921895949     
   10388.9239999996        3.29692845920723     
   10389.0019999996        3.29651934572583     
   10389.0799999996        3.29611196118284     
   10389.1579999996        3.29570557178973     
   10389.2359999996        3.29530164317933     
   10389.3139999996        3.29489891813689     
   10389.3919999996        3.29449796685924     
   10389.4699999996        3.29409805340543     
   10389.5479999996        3.29369930532509     
   10389.6259999996        3.29330198724877     
   10389.7039999996        3.29290637695104     
   10389.7819999996        3.29251234663624     
   10389.8599999996        3.29211915554500     
   10389.9379999996        3.29172836623516     
   10390.0159999996        3.29133882744295     
   10390.0939999996        3.29095047442341     
   10390.1719999996        3.29056311248379     
   10390.2499999996        3.29017676961616     
   10390.3279999996        3.28979182349835     
   10390.4059999996        3.28940849513587     
   10390.4839999996        3.28902693543172     
   10390.5619999996        3.28864598383732     
   10390.6399999996        3.28826684785611     
   10390.7179999996        3.28788821282994     
   10390.7959999996        3.28751145308720     
   10390.8739999996        3.28713590766848     
   10390.9519999996        3.28676105659799     
   10391.0299999996        3.28638713612708     
   10391.1079999996        3.28601456240301     
   10391.1859999996        3.28564345932122     
   10391.2639999996        3.28527398628269     
   10391.3419999996        3.28490499141863     
   10391.4199999996        3.28453772965793     
   10391.4979999996        3.28417089053363     
   10391.5759999996        3.28380613265194     
   10391.6539999996        3.28344179169595     
   10391.7319999996        3.28307849717318     
   10391.8099999996        3.28271589352326     
   10391.8879999996        3.28235526868069     
   10391.9659999996        3.28199525281890     
   10392.0439999996        3.28163633352253     
   10392.1219999996        3.28127931576873     
   10392.1999999996        3.28092298128626     
   10392.2779999996        3.28056675495253     
   10392.3559999996        3.28021216006428     
   10392.4339999996        3.27985884915278     
   10392.5119999996        3.27950648556048     
   10392.5899999996        3.27915494806848     
   10392.6679999996        3.27880411470641     
   10392.7459999996        3.27845472689718     
   10392.8239999996        3.27810641628293     
   10392.9019999996        3.27776013254371     
   10392.9799999996        3.27741385842372     
   10393.0579999996        3.27706828739794     
   10393.1359999996        3.27672386350299     
   10393.2139999996        3.27638107112688     
   10393.2919999996        3.27603890914418     
   10393.3699999996        3.27569754803402     
   10393.4479999996        3.27535768584047     
   10393.5259999996        3.27501823340897     
   10393.6039999996        3.27467987581697     
   10393.6819999996        3.27434399800059     
   10393.7599999996        3.27400801902529     
   10393.8379999996        3.27367319034573     
   10393.9159999996        3.27333861041412     
   10393.9939999996        3.27300549909364     
   10394.0719999996        3.27267393006774     
   10394.1499999996        3.27234296427418     
   10394.2279999996        3.27201307572062     
   10394.3059999996        3.27168452608883     
   10394.3839999996        3.27135703232598     
   10394.4619999996        3.27103016937077     
   10394.5399999996        3.27070449355250     
   10394.6179999996        3.27038006992293     
   10394.6959999996        3.27005633217721     
   10394.7739999996        3.26973315050933     
   10394.8519999996        3.26941198915400     
   10394.9299999996        3.26909128610961     
   10395.0079999996        3.26877205189508     
   10395.0859999996        3.26845393728900     
   10395.1639999995        3.26813730930096     
   10395.2419999995        3.26782059232129     
   10395.3199999995        3.26750549878551     
   10395.3979999995        3.26719167214835     
   10395.4759999995        3.26687863820584     
   10395.5539999995        3.26656647314058     
   10395.6319999995        3.26625601662503     
   10395.7099999995        3.26594566950540     
   10395.7879999995        3.26563730042251     
   10395.8659999995        3.26532982110498     
   10395.9439999995        3.26502450202049     
   10396.0219999995        3.26471891790828     
   10396.0999999995        3.26441526157185     
   10396.1779999995        3.26411164238183     
   10396.2559999995        3.26380968481460     
   10396.3339999995        3.26350901318866     
   10396.4119999995        3.26320958422241     
   10396.4899999995        3.26291075381588     
   10396.5679999995        3.26261307206945     
   10396.6459999995        3.26231718538922     
   10396.7239999995        3.26202292293774     
   10396.8019999995        3.26172929777820     
   10396.8799999995        3.26143681544693     
   10396.9579999995        3.26114511372014     
   10397.0359999995        3.26085412254763     
   10397.1139999995        3.26056532764672     
   10397.1919999995        3.26027728791179     
   10397.2699999995        3.25999072238457     
   10397.3479999995        3.25970544597495     
   10397.4259999995        3.25942081500007     
   10397.5039999995        3.25913793532878     
   10397.5819999995        3.25885631190426     
   10397.6599999995        3.25857563839613     
   10397.7379999995        3.25829636237684     
   10397.8159999995        3.25801814166950     
   10397.8939999995        3.25774071981509     
   10397.9719999995        3.25746522206575     
   10398.0499999995        3.25719003288646     
   10398.1279999995        3.25691700880762     
   10398.2059999995        3.25664491744628     
   10398.2839999995        3.25637499508573     
   10398.3619999995        3.25610495662527     
   10398.4399999995        3.25583702359022     
   10398.5179999995        3.25556928416688     
   10398.5959999995        3.25530346219804     
   10398.6739999995        3.25503892476315     
   10398.7519999995        3.25477570850424     
   10398.8299999995        3.25451382610943     
   10398.9079999995        3.25425288377063     
   10398.9859999995        3.25399282705057     
   10399.0639999995        3.25373526279551     
   10399.1419999995        3.25347840326653     
   10399.2199999995        3.25322253178521     
   10399.2979999995        3.25296841622746     
   10399.3759999995        3.25271483327364     
   10399.4539999995        3.25246232987874     
   10399.5319999995        3.25221193852235     
   10399.6099999995        3.25196236402656     
   10399.6879999995        3.25171470012665     
   10399.7659999995        3.25146770427002     
   10399.8439999995        3.25122159206039     
   10399.9219999995        3.25097827566517     
   10399.9999999995        3.25073462863591     
   10400.0779999995        3.25049296732433     
   10400.1559999995        3.25025241425897     
   10400.2339999995        3.25001313515323     
   10400.3119999995        3.24977531527784     
   10400.3899999995        3.24953795696256     
   10400.4679999995        3.24930187048609     
   10400.5459999995        3.24906811935182     
   10400.6239999995        3.24883487908166     
   10400.7019999995        3.24860396266882     
   10400.7799999995        3.24837325569174     
   10400.8579999995        3.24814355523829     
   10400.9359999995        3.24791563090899     
   10401.0139999995        3.24768813002023     
   10401.0919999995        3.24746246545218     
   10401.1699999995        3.24723802465693     
   10401.2479999995        3.24701469580884     
   10401.3259999995        3.24679314726776     
   10401.4039999995        3.24657164575223     
   10401.4819999995        3.24635225565430     
   10401.5599999995        3.24613394214842     
   10401.6379999995        3.24591642425797     
   10401.7159999995        3.24570052384159     
   10401.7939999995        3.24548548970426     
   10401.8719999995        3.24527101271896     
   10401.9499999995        3.24505855934995     
   10402.0279999995        3.24484657755008     
   10402.1059999995        3.24463644261076     
   10402.1839999995        3.24442719126250     
   10402.2619999995        3.24421908704072     
   10402.3399999995        3.24401255906262     
   10402.4179999995        3.24380600878637     
   10402.4959999995        3.24360075042048     
   10402.5739999995        3.24339712243927     
   10402.6519999995        3.24319440596417     
   10402.7299999995        3.24299261847709     
   10402.8079999995        3.24279196238361     
   10402.8859999995        3.24259246987307     
   10402.9639999995        3.24239371175618     
   10403.0419999995        3.24219566482503     
   10403.1199999995        3.24199993613179     
   10403.1979999995        3.24180440016044     
   10403.2759999995        3.24160974104710     
   10403.3539999995        3.24141616828246     
   10403.4319999995        3.24122366885938     
   10403.5099999995        3.24103129064432     
   10403.5879999995        3.24084024608737     
   10403.6659999995        3.24065054298309     
   10403.7439999995        3.24046190200503     
   10403.8219999995        3.24027393023834     
   10403.8999999995        3.24008666271159     
   10403.9779999995        3.23990028424593     
   10404.0559999995        3.23971505257354     
   10404.1339999995        3.23953027761028     
   10404.2119999995        3.23934671758375     
   10404.2899999995        3.23916369349185     
   10404.3679999995        3.23898164178377     
   10404.4459999995        3.23880028770491     
   10404.5239999995        3.23861895627024     
   10404.6019999995        3.23843980950612     
   10404.6799999995        3.23826046805877     
   10404.7579999995        3.23808292379780     
   10404.8359999995        3.23790520208754     
   10404.9139999995        3.23772846249207     
   10404.9919999995        3.23755228628984     
   10405.0699999995        3.23737602548130     
   10405.1479999995        3.23720138639330     
   10405.2259999995        3.23702700198309     
   10405.3039999995        3.23685354326111     
   10405.3819999995        3.23668046897407     
   10405.4599999995        3.23650874714123     
   10405.5379999995        3.23633686404310     
   10405.6159999995        3.23616640016873     
   10405.6939999995        3.23599504014208     
   10405.7719999995        3.23582467559569     
   10405.8499999995        3.23565539340979     
   10405.9279999995        3.23548642778941     
