129535
129536
129538
129539
129540
129541
129545
129549
129550
129551
129552
129553
129564
129566
129567
129568
129572
129573
129574
129575
129576
129579
129580
129582
129591
129607
129611
129617
129618
129619
129620
129623
129626
129629
129630
129631
129632
129633
129635
129637
129638
129641
129643
129644
129645
129646
129648
129649
129651
129652
129653
129655
129656
129659
129660
129731
129732
129733
129734
129737
129738
129739
129740
129741
129742
129743
129752
129753
129754
129756
129757
129758
129760
129761
129762
129763
129764
129768
129769
129771
129772
129773
129774
129775
129778
129780
129781
129783
129784
129786
129787
129788
129789
129790
129791
129792
129795
129796
129797
129798
129799
129800
129803
129804
129805
129806
129808
129809
129811
129812
129813
129814
129817
129818
129819
129820
129824
129831
129833
129834
129835
129836
129837
129841
