peak1:

123853
124684

egrep '(123853|124684)' peak1.dat > peak1.lottery
0.996757 1.62096e-05

cont1:

123817
125176

egrep '(123817|125176)' cont1.dat > cont1.lottery
0.993173 8.80344e-05

peak2:

126870
129572
126563
127317
129630
130473

egrep '(126870|129572|126563|127317|129630|130473)' peak2.dat > peak2.lottery
0.996149 2.923e-05

cont2:

126488
130427
126473
126835
129848
129071

egrep '(126488|130427|126473|126835|129848|129071)' cont2.dat > cont2.lottery
0.993578 6.42895e-05

peak3:

122133
122832
121972
122136
122143
122831
123043
122816
122137
122132
122147
121969
122576
122647
122829
123044

egrep '(122133|122832|121972|122136|122143|122831|123043|122816|122137|122132|122147|121969|122576|122647|122829|123044)' peak3.dat > peak3.lottery
0.993728 4.35095e-05

cont3:

122091
122430
122080
122081
121904
122587
122800
122418
121906
122083
121899
122081
122586
122594
122802
122429

egrep '(122091|122430|122080|122081|121904|122587|122800|122418|121906|122083|121899|122081|122586|122594|122802|122429)' cont3.dat > cont3.lottery
0.992071 0.000142253
