126252 0.991693 0.00162233
126253 0.992533 0.00206322
126254 0.991435 0.00174085
126255 0.993289 0.00178762
126256 0.994323 0.00151296
126257 0.993775 0.00113301
126258 0.992938 0.00128479
126259 0.991197 0.00195971
126260 0.9941 0.00102404
126263 0.990467 0.00300018
126265 0.996258 0.000718769
126266 0.993572 0.000820403
126268 0.99444 0.000855536
126273 0.995087 0.00163358
126471 0.993949 0.00114011
126472 0.992692 0.000972987
126473 0.991376 0.00104904
126475 0.992279 0.00133886
126476 0.995759 0.00133826
126477 0.994065 0.00085413
126478 0.995323 0.000756974
126479 0.992826 0.000963839
126480 0.992955 0.0010133
126483 0.993014 0.00101543
126485 0.993849 0.000894454
126487 0.991099 0.00120584
126488 0.99379 0.000955264
126490 0.992644 0.000988221
126492 0.993155 0.000895729
126494 0.993019 0.00129183
126651 0.996183 0.00219948
126652 0.993438 0.00103411
126653 0.994544 0.000839576
126656 0.993942 0.000880989
126657 0.995045 0.000812587
126658 0.994485 0.000972261
126662 0.993909 0.00105706
126664 0.991614 0.00102792
126665 0.994678 0.000828935
126666 0.994393 0.000842932
126667 0.994539 0.000821032
126668 0.993939 0.000881376
126669 0.993783 0.000885412
126670 0.993285 0.000937122
126673 0.992815 0.00114638
126832 0.992999 0.000967493
126834 0.994118 0.000855423
126835 0.993676 0.000882761
126836 0.994065 0.000872447
126837 0.992713 0.000978972
126838 0.992949 0.001498
126839 0.992532 0.00102197
126842 0.992591 0.00111278
126845 0.992881 0.00113592
126846 0.992951 0.000930381
126847 0.992607 0.000984255
126851 0.992924 0.00120922
126853 0.993141 0.000913449
126854 0.993041 0.00091852
126855 0.992954 0.000921899
126856 0.99373 0.000875217
127417 0.993327 0.00251373
127418 0.993767 0.00234856
127420 0.993892 0.00107645
127421 0.993018 0.00110009
127422 0.993817 0.00101334
127423 0.993884 0.000976323
127424 0.993521 0.00104763
127425 0.993607 0.00139057
127442 0.992584 0.00121468
127443 0.993212 0.00101985
127444 0.993727 0.000942732
127619 0.992426 0.00116429
127620 0.994302 0.000828793
127621 0.993108 0.000934655
127622 0.994185 0.000811865
127623 0.993117 0.000825788
127625 0.994133 0.000862526
127626 0.993565 0.00087285
127627 0.991523 0.00110836
127630 0.993332 0.00112333
127631 0.994901 0.000775606
127635 0.991893 0.00149935
127637 0.994462 0.000797097
127638 0.994839 0.000857907
127641 0.992633 0.00189518
127642 0.990415 0.0019471
127643 0.993496 0.000844006
127644 0.994538 0.000794531
127645 0.994236 0.000821054
127646 0.994727 0.000802039
127647 0.992357 0.000974849
127650 0.994385 0.000908352
127651 0.994962 0.000749131
127652 0.995434 0.000729491
127654 0.993205 0.00105758
127657 0.993567 0.000856882
127659 0.993011 0.000984941
127661 0.993383 0.00120406
127662 0.992293 0.000863775
127663 0.994008 0.000771218
127667 0.994376 0.00136013
127668 0.993156 0.000839528
127670 0.99359 0.000942088
127673 0.993809 0.000796797
127677 0.993466 0.000940028
127678 0.993467 0.000833738
127680 0.993801 0.000784815
127681 0.992998 0.000839999
127682 0.992413 0.000878642
127683 0.993411 0.000808401
127684 0.992981 0.00083009
127685 0.994079 0.000788875
127690 0.995198 0.00080977
127692 0.996399 0.000784367
127694 0.993909 0.00129462
127695 0.995273 0.000907548
127698 0.993265 0.000958925
127700 0.993465 0.000814177
127701 0.993445 0.000810382
127702 0.992147 0.000897249
127703 0.994927 0.000688614
127710 0.993877 0.000854775
127712 0.991948 0.00160386
127721 0.992757 0.000838917
127722 0.993008 0.000864229
127723 0.992095 0.00098422
127951 0.99486 0.00128166
127955 0.995189 0.00181401
129065 0.992595 0.000819747
129066 0.992921 0.000831307
129069 0.993363 0.00190959
129070 0.992389 0.000842422
129071 0.993533 0.000781696
129072 0.992628 0.000826361
129073 0.992999 0.00079502
129080 0.993316 0.000942131
129519 0.993243 0.00254522
129522 0.997849 0.00214845
129524 0.995076 0.00141794
129526 0.993976 0.00173375
129527 0.992817 0.00164201
129529 0.993617 0.00129876
129531 0.995434 0.00110491
129672 0.993166 0.00124342
129673 0.991189 0.00219297
129674 0.993567 0.00213745
129675 0.995895 0.0014483
129676 0.991146 0.00220374
129678 0.995066 0.00164064
129680 0.993881 0.00133117
129681 0.991859 0.00191104
129685 0.994098 0.00115409
129687 0.992758 0.00123747
129689 0.994036 0.00114437
129691 0.992812 0.00168819
129692 0.99236 0.0014647
129693 0.990299 0.00189332
129707 0.994385 0.00168824
129708 0.995464 0.00136456
129709 0.991113 0.00176952
129710 0.994904 0.00146727
129711 0.993317 0.00178007
129712 0.995437 0.000769546
129713 0.994675 0.000850406
129714 0.993844 0.00091485
129715 0.995318 0.000767893
129716 0.992899 0.000870939
129719 0.992736 0.00120626
129723 0.991995 0.00162749
129724 0.995002 0.00150314
129728 0.99244 0.00100645
129730 0.99347 0.000970271
129845 0.99258 0.000871228
129847 0.992788 0.000841052
129848 0.9914 0.00106211
129849 0.993577 0.000794108
129850 0.992815 0.00152632
129851 0.991268 0.00134147
129852 0.996491 0.00156647
129853 0.992493 0.000942246
129855 0.993367 0.000813764
129857 0.992593 0.000901576
129860 0.992696 0.000845984
129861 0.991858 0.00090095
129863 0.993149 0.000773068
129864 0.991753 0.00085624
130199 0.993118 0.000878098
130200 0.993844 0.000851054
130203 0.993043 0.00122551
130204 0.993928 0.0015134
130205 0.993759 0.000846612
130206 0.992184 0.000745699
130207 0.993523 0.000840506
130209 0.992836 0.000859327
130210 0.99379 0.000773834
130247 0.994529 0.00125167
130248 0.992311 0.000942788
130249 0.994736 0.00102966
130250 0.994571 0.000730084
130251 0.992122 0.000796758
130252 0.994358 0.000726305
130254 0.994983 0.00114811
130255 0.995069 0.00148301
130259 0.992959 0.00112348
130271 0.993009 0.00077889
130272 0.993366 0.000748676
130275 0.993102 0.000859273
130276 0.992454 0.000820214
130420 0.992968 0.00106858
130421 0.992912 0.00085648
130423 0.992139 0.000898166
130424 0.993269 0.000845153
130425 0.994961 0.000725509
130426 0.99416 0.000831817
130427 0.993491 0.000775414
130429 0.991885 0.00145159
130460 0.993801 0.00083325
130461 0.992411 0.000890992
130462 0.99308 0.000848822
130463 0.994394 0.000740473
130464 0.994149 0.000816925
130467 0.992557 0.00102834
130469 0.992319 0.000877661
130470 0.99434 0.000782646
130614 0.993252 0.00100251
130616 0.994557 0.00073868
130626 0.994739 0.00140238
130628 0.993067 0.000870442
130629 0.994377 0.00161869
130630 0.994246 0.000918716
