121916 0.992927 0.000778328
121917 0.994527 0.000652383
121918 0.99286 0.000805531
121920 0.993956 0.000805236
121924 0.992353 0.00166237
121925 0.992569 0.000838246
121927 0.993897 0.000693396
121928 0.99275 0.000685648
121929 0.993083 0.000682496
121930 0.994182 0.000621929
121932 0.993827 0.000621631
121933 0.993007 0.000667441
121936 0.992804 0.000791809
121939 0.995112 0.000995316
121940 0.994348 0.000578263
121943 0.994808 0.000888142
121944 0.992568 0.000784865
121946 0.994171 0.00123916
121948 0.99258 0.000689339
121949 0.993554 0.000615416
121950 0.992421 0.000695062
121951 0.993424 0.000616593
121952 0.992866 0.000640941
121953 0.992529 0.00088964
121962 0.993242 0.000743794
121963 0.994703 0.000868517
121965 0.993155 0.000895729
121966 0.992998 0.000585518
121968 0.992469 0.000790862
121969 0.991858 0.00196664
121970 0.993402 0.000563922
121972 0.993382 0.000615066
121973 0.992325 0.0018543
121974 0.993843 0.000654307
122079 0.993701 0.000627904
122092 0.994195 0.00068692
122093 0.994481 0.000786224
122094 0.995007 0.000704352
122097 0.993817 0.000776543
122098 0.9937 0.000711111
122099 0.994279 0.000608112
122101 0.992688 0.000685337
122102 0.994235 0.000599334
122105 0.992808 0.000735229
122108 0.988928 0.00234745
122109 0.993066 0.000907348
122111 0.992468 0.000866418
122112 0.993547 0.000630715
122114 0.994079 0.00115778
122116 0.993982 0.00113383
122117 0.994614 0.000604331
122118 0.992229 0.000815965
122123 0.993242 0.000666882
122124 0.992257 0.000692655
122125 0.993014 0.000643611
122126 0.993606 0.000634191
122127 0.993303 0.000636397
122129 0.992657 0.000670654
122132 0.994066 0.000665621
122133 0.992255 0.000684584
122134 0.993892 0.00124302
122136 0.992783 0.00067347
122137 0.9937 0.000651238
122138 0.993605 0.000687382
122139 0.993258 0.000665304
122141 0.993614 0.000618257
122142 0.994078 0.000570823
122143 0.992468 0.000653088
122146 0.993068 0.000655686
122147 0.994958 0.000619038
122263 0.996466 0.00124717
122274 0.994093 0.000614021
122275 0.993884 0.00088008
122276 0.993486 0.00106741
122277 0.993441 0.000609624
122278 0.99542 0.00102175
122279 0.992884 0.000879502
122280 0.994735 0.000547481
122281 0.99288 0.00144813
122283 0.993965 0.000694742
122285 0.99385 0.000610059
122286 0.994663 0.000591397
122287 0.994305 0.000660139
122288 0.994433 0.000578781
122289 0.99322 0.000750772
122291 0.993816 0.000899251
122292 0.994995 0.00111635
122293 0.994841 0.000615015
122296 0.993934 0.000604745
122297 0.994523 0.000551759
122298 0.99402 0.000576377
122300 0.993589 0.000753141
122301 0.993908 0.000581733
122305 0.994158 0.00141274
122306 0.993761 0.000577447
122307 0.994844 0.000548237
122309 0.994627 0.00058466
122310 0.994477 0.000593918
122312 0.99367 0.000672618
122313 0.994403 0.000653261
122314 0.994739 0.000562549
122315 0.995327 0.000518002
122317 0.992722 0.00137044
122319 0.99305 0.000682423
122321 0.993605 0.000605048
122322 0.995375 0.000489117
122323 0.992557 0.000617922
122437 0.997347 0.00108155
122439 0.992369 0.00121723
122440 0.994539 0.000583901
122443 0.994294 0.000593181
122445 0.993377 0.000812501
122447 0.993031 0.000919849
122448 0.992727 0.0006615
122450 0.993695 0.000625371
122452 0.994195 0.000578822
122453 0.994573 0.000570515
122454 0.994624 0.000578167
122455 0.994798 0.000559504
122461 0.994015 0.000693636
122462 0.992147 0.00159672
122464 0.994134 0.000536135
122465 0.994226 0.000530009
122466 0.994045 0.000558538
122467 0.993495 0.000551931
122468 0.994159 0.000527271
122469 0.993641 0.000593701
122471 0.993144 0.000561624
122472 0.993834 0.000545439
122473 0.993545 0.000551722
122480 0.993006 0.000794264
122576 0.993075 0.00154313
122577 0.991344 0.000913549
122579 0.989723 0.001704
122608 0.992312 0.000740359
122610 0.992727 0.000697306
122613 0.995213 0.00097476
122614 0.992096 0.000653777
122615 0.992152 0.00065144
122616 0.992674 0.000630548
122618 0.993704 0.000595727
122619 0.993573 0.000587276
122620 0.992396 0.000637948
122623 0.991091 0.00106009
122625 0.992785 0.000737568
122626 0.993436 0.000618178
122628 0.994891 0.00111208
122629 0.993285 0.000610939
122630 0.992618 0.000642599
122631 0.994083 0.001157
122632 0.993688 0.00109532
122634 0.991616 0.0011058
122640 0.994575 0.000729493
122641 0.991647 0.000700488
122642 0.993386 0.000594372
122643 0.993291 0.000652523
122646 0.993292 0.000877814
122647 0.991594 0.00108974
122648 0.994096 0.000793772
122649 0.992341 0.000642542
122650 0.994149 0.000586311
122652 0.992853 0.000759172
122653 0.99291 0.000610289
122654 0.993734 0.000621509
122657 0.994568 0.000737194
122658 0.994091 0.000909068
122661 0.991834 0.00117384
122665 0.993684 0.000695303
122667 0.99457 0.000765835
122672 0.993071 0.000627738
122673 0.994194 0.000564941
122812 0.993463 0.000626951
122813 0.994352 0.000625767
122815 0.993498 0.000632462
122816 0.994411 0.000608114
122819 0.992873 0.000994409
122820 0.993238 0.000602758
122821 0.993744 0.00060859
122823 0.993103 0.000614752
122824 0.993619 0.000588049
122825 0.993831 0.000575987
122826 0.993585 0.00060155
122827 0.993763 0.000595536
122829 0.994339 0.000734882
122830 0.993684 0.000592265
122831 0.993141 0.000613831
122832 0.993401 0.000600406
122833 0.993767 0.000581964
122835 0.99336 0.000639768
122838 0.99448 0.000839458
122841 0.994038 0.000569358
122842 0.993608 0.000540414
122843 0.994055 0.000517863
122844 0.993428 0.000553627
122845 0.993832 0.000537244
122846 0.994891 0.000488112
122847 0.994201 0.000532295
122853 0.993246 0.00095193
122855 0.993234 0.00076351
122856 0.994563 0.00156529
122858 0.994142 0.000547037
122859 0.993688 0.000556155
122860 0.993638 0.000569515
123020 0.994563 0.000774571
123021 0.994567 0.000580881
123022 0.993513 0.000628014
123023 0.99437 0.000570031
123024 0.99344 0.000599399
123025 0.994015 0.000612227
123026 0.993482 0.000616619
123027 0.993005 0.000655716
123028 0.993796 0.000618465
123029 0.993665 0.000619203
123034 0.992988 0.000998198
123035 0.992675 0.00116866
123036 0.99292 0.0006467
123038 0.995266 0.000661326
123039 0.993311 0.000616316
123040 0.994291 0.000572153
123041 0.993573 0.000622216
123042 0.994524 0.000560276
123043 0.993707 0.0005954
123044 0.99443 0.00064135
123048 0.99294 0.000696586
123049 0.995148 0.000528118
123050 0.994625 0.000555851
123051 0.994187 0.000571119
123052 0.994331 0.000589349
123054 0.994417 0.000580416
123055 0.992787 0.000784147
123056 0.993217 0.00109663
123058 0.99408 0.000541095
123059 0.994141 0.000544751
123060 0.992969 0.000614497
123062 0.994095 0.000549016
123063 0.993549 0.000568349
123065 0.993829 0.000561589
