123369 6922.4911 83.7361935220511
123370 8162.8 90.9128151678348
123378 5133 72.0590037751182
123380 6399.6 80.4573181847127
123382 5686.0911 75.9330633800092
123565 3278.2911 57.5776876729484
123566 7581.4911 87.6507276909462
123567 7817.1 88.8641099379412
123568 7968.9911 89.8671243459943
123569 7478.5911 86.9728699957636
123570 7974.4911 89.8646207623022
123591 3841.5 62.5055998370994
123592 4979.7 71.1463986321838
123767 2889.2 54.0162941148696
123768 5643 75.5936507648123
123771 6755.7 82.7629751073969
123772 6743.6822 82.6184615975726
123773 6952.7 83.8737744371243
123774 6646.6 81.9779241593498
123775 5516.2 74.7820834157487
123793 2030.7 45.4445820196907
123794 13170.0911 115.41763335457
123796 4037.2911 63.9225320712978
123800 8345.7 92.061989623319
123803 8626.9911 93.3927196037791
123809 5929.1 77.3629757512054
123810 8842.3 94.5446455384968
123811 8897.3 94.8350673538012
123812 8893.6911 94.8662749430697
123813 8752 94.1859862187576
123814 9181.6 96.3902481815749
123815 8481.3911 92.5970844410498
123816 8425.6 92.4498780481754
123817 8733.2911 93.9664305973681
123818 8429.8822 92.3507992045006
123820 7539.4 87.3625776163507
123938 5876.2 77.1515391939785
123939 8643.5911 93.5578966400784
123941 3565.4911 60.0595547236041
123944 3268.6 57.9161465922069
123951 2462.3 49.8727378518565
123952 7618.9911 87.8982368322505
123953 6927.5911 83.8163473573199
123955 7695.7 88.2593340595067
123956 8009.3 90.0976688993944
123958 7484.8 87.0358547844025
123959 8102.9 90.5630716975192
123960 8256.9 91.4744229843162
123961 8666.2 93.7547867486077
123962 7708.9 88.3610205650093
124113 6634.3 81.8229185558667
124114 8293.4 91.6412569364716
124115 8504 92.796012624511
124117 1895.7 43.7985160081126
124121 4492.7 67.3729174984281
124123 8184.1 91.0364216173335
124125 8485.3 92.6374114491548
124126 7486 87.0700866875651
124127 8585.7 93.1010743135094
124128 8092.9822 90.4228961947381
124129 8317.9 91.7424108866232
124132 4549.7 67.7946163957729
124134 4190.7 65.0930872846726
124137 8517.8911 92.8260202448645
124138 8714.2 93.8837581889013
124139 8647.5 93.5342182601769
124140 8269.6911 91.5183594781621
124141 8160.2 90.8854226577183
124299 2989.2 55.0423476060833
124300 5616.3 75.3458028094465
124301 6312.2 79.9272168913694
124302 6597.9911 81.6663952624481
124309 7054.5 84.4502812027077
124311 1663 41.0706711687306
124312 7956.1911 89.7561147269761
124313 8172.9911 90.99505502069
124314 7916.9911 89.5108936107226
124315 7574.2 87.6701772301305
124318 4589.8 68.3252518140175
124319 7902.8911 89.4520543894885
124321 6109.1 78.6691174163185
124322 6316.8911 80.0235593300498
124323 1283.9 36.046775455401
124324 5896.6911 77.1687117892349
124326 7731.6 88.4826536961505
124454 5575.1911 75.3336586850931
124456 2103.4 46.2246685915919
124458 1187.3 34.8179548629726
124459 6360.3 80.4275446666433
124462 1400.1 37.8448150218243
124464 7376.2911 86.5135250716031
124465 7373.5 86.4560581193846
124466 7115.9911 85.0588036549422
124467 7037.6 84.4699947029293
124469 5829.7911 76.8657278288504
124472 4362.1911 66.7102698770354
124473 6446.4 80.9389892011038
124475 7009.8911 84.3129292250008
124477 4462.5 67.2900439217838
124644 5112.7911 71.9683268919905
124645 7785.5 88.8068127203223
124647 6642.6911 82.0049395923172
124648 7377.4 86.3615656673876
124650 7584.6 87.5801349398938
124651 7882.7 89.2457844288995
124652 7812.7911 88.8332151543492
124655 4107.1 64.5215469210217
124657 7959.5911 89.8280581094549
124658 6041.8 78.3086203304055
124659 7448.1 86.9001154250609
124660 6546.3 81.3565605701771
124663 2557.8 50.8796616918401
124665 6906.9 83.6998802585165
124667 4271 65.8065348203543
124668 7932.8 89.7052951750614
124807 2479.5911 50.0577673536695
124808 4964.5 71.0059856294975
124809 2794.3 53.208928184597
124810 2437.1 49.6913475771799
124812 4592.6 68.1364807846017
124814 4464.9 67.2901926833799
124816 3258.8 57.3562548801445
124820 2118.9 46.1992426424081
125158 4243.3 65.6048016611589
125159 7447 86.777301166978
125163 1514.4 39.1895395357294
125166 5788.3 76.4786898488723
125168 7506.9 87.1422398647177
125169 7690.2 88.2618833453723
125170 7549.6 87.3800894717441
125171 1445.6 38.2083759732981
125175 7427.4 86.7877870031054
125176 7643.9 87.9924426032713
125177 7291.4 85.8622153483271
125178 7347.3911 86.1877027407768
125297 3965.1 63.4115921348897
125315 8590.6 93.2104071716935
