121899 5084.1 72.2726091625008
121901 4573 68.671683133111
121902 1691.6911 41.8331217961318
121903 4561.7911 68.468533381208
121904 5476.3 74.96859342418
121905 5071.3 72.1345273430249
121906 2621.8 52.1932942219678
121911 5159.2911 72.8236917438961
121912 5187.9 73.0360874432934
121914 2001.7 45.3873330346695
121915 5317.4 73.7158059653593
122080 6319.7 80.5301808534813
122081 6959.9 84.5101767161234
122083 4545.5911 68.2281468582842
122085 4168.7 65.8339580178376
122091 6746.7 83.3535242206351
122264 3209.3 57.3915494031133
122268 6734.8 82.9743333323649
122269 6455.2 81.2573688862549
122272 3518.6 60.0356563726091
122273 7237.5 86.012499561941
122418 6358.4 80.4675092762445
122420 6803.7 83.1956126926661
122422 3767.4 61.938840701789
122423 7446.6 87.1308209422045
122424 7583.4 87.885266430742
122425 7456.7 87.2365174294624
122426 7388.6 86.865873833814
122427 6513.7 81.5800834959735
122428 7407.8911 86.9153044534413
122429 2709.8 52.804734971865
122430 6944.2911 84.1212821717049
122432 6549.5911 81.6031863576147
122433 3532.8 59.8960765878442
122434 1724.4 41.9251712745756
122585 6688.4911 82.6876660194711
122586 6600.6 82.1326972530581
122587 6533.2 81.8086796589952
122590 5492.4 74.9727947368384
122593 2743.9 52.8684218399235
122594 2953.1 54.8546262140359
122596 5162.7911 72.7250992668529
122599 1590.4 40.2954089990721
122602 6762.5 83.1339282876588
122603 7109.0911 84.9972356776972
122604 7114.6911 85.0441652937937
122605 7125.8911 85.2776063702212
122606 2246.7 47.8864282678297
122783 5343.7 73.7408302680923
122786 4225.2 65.5847543259865
122787 2388.1 49.1958334011743
122789 6351.1911 80.3191143556881
122796 7438.6822 86.928189499886
122797 6464.6911 81.1326694403561
122798 6704.5911 82.6914749222675
122799 7017.6 84.5628756938291
122800 6368.6911 80.4649620740239
122801 6498.1 81.3236127680024
122802 7614.2911 87.9459495253653
122803 7310.5 86.1600258473592
122804 7128.5 85.2370221462224
122805 6119.6 78.9245205529029
122808 1523.1 39.4364048061699
122809 4766.2911 69.5621306963703
122810 6370 80.5543294925853
123011 5277.3 73.3054568228041
123012 2579 51.4820360509605
123013 247.9 15.8578059880174
123014 355.2911 18.8809448706891
123016 5929.1 77.6700074732126
123018 6501.0911 81.4882207092878
123019 5831.0911 77.1137476255045
