126252 3070.3 55.8488140178115
126253 1696.7 41.6078121864681
126254 2750.3 52.7938447032758
126255 2053.2 45.4957140740268
126256 2410.9 49.4991915996221
126257 4742.2911 69.3036079884013
126258 4170.7 64.9392794250906
126259 2245.9 47.8034514341391
126260 5514.2 74.5295916397568
126263 1026.7 32.2088497155673
126265 7124.7911 84.87249327467
126266 9298.9 96.9415801155005
126268 7440.1 86.6483119086252
126273 1787.1 42.652432803254
126471 4544.6 67.7833313854549
126472 7523.8 87.2596127544215
126473 7642.4 87.950099305077
126475 4196.0911 65.2075923209223
126476 2336.1 48.5420433981605
126477 7948.6 89.7005016993378
126478 7964.6822 89.7703191876223
126479 7598.3 87.5836168915677
126480 6676.6 82.2330835861699
126483 6641.7 81.9262471875772
126485 7503.3911 87.1562966571142
126487 5955.8 77.6043812965634
126488 6655.9911 82.0207297892575
126490 7341.5 86.2017982779501
126492 8329.0822 91.7645368264363
126494 4093.1 64.3205252457169
126651 773.9 28.0957295817727
126652 5979.4911 77.7492771040709
126653 7603.6911 87.6008564881075
126656 7635.4911 87.7550573483124
126657 7334.6 86.1410473356924
126658 5672.5911 75.8833322627572
126662 5340.1911 73.4340522884506
126664 7739.2911 88.5194333421199
126665 7598.8 87.6883117527735
126666 7730.2 88.353607736187
126667 7931.4 89.5780105147067
126668 7638.1911 87.8314299053021
126669 7753.1 88.5032769735816
126670 7481.3911 86.8931531634777
126673 5345.2911 73.5254383204208
126832 7294.6 85.9085562449399
126834 7875.3 89.2176548833806
126835 7950.7911 89.5401590105378
126836 7622.3 87.8560754871284
126837 7429.2 86.6334808258331
126838 3056.9 55.6432383045425
126839 6996.6 84.0855519662926
126842 5848.7 76.9344524789772
126845 5397.3 73.8782105969006
126846 7963.9 89.6597458448684
126847 7462.7 86.860865977318
126851 4751.5 69.2325792845218
126853 8053.1 90.1822046473832
126854 8037.4 90.2336964381733
126855 8087.4 90.444568481324
126856 8037.0911 90.0934521165245
127417 1038.5 32.3179517847666
127418 1096.3 33.3075068458989
127420 5149.4 72.1562192611808
127421 5639.2 75.4424280911802
127422 5886.1911 77.1392253983335
127423 6276.1 79.6487913066758
127424 5777.4911 76.4391921085355
127425 3234.2 57.1205744885685
127442 4907.6 70.3255289069339
127443 6369.9911 80.2583336181508
127444 6913.3 83.5816364269622
127619 5445.5 74.2357731218285
127620 8116.5 90.651254737827
127621 7731.1 88.3115505277447
127622 8669.5 93.52459566989
127623 9850.9 99.7480323379364
127625 7709.7822 88.1841264335163
127626 8265.5 91.4043217050069
127627 6735.4 82.561007894299
127630 5172.1911 72.2811181118755
127631 8327.8 91.6860951041591
127635 3534.7 59.7428659753146
127637 8536.5911 92.8562335834272
127638 6875.3822 83.2617567463453
127641 1994.9 44.9696562820576
127642 2460.5 49.902404751675
127643 8917.6822 94.8673294488128
127644 8497.0911 92.6754020210347
127645 8389.0911 92.0908797860049
127646 8070.1 90.2104758695707
127647 7870.8 89.1590715263955
127650 6637.4 81.892734644055
127651 8800.7 94.1855083239455
127652 8420.6 92.2294965620544
127654 5949.1911 77.4697362555398
127657 8562.9911 92.9854831521265
127659 7029 84.2638714749827
127661 4441.8 67.0562449785022
127662 10095.6 101.020195725932
127663 9849.5 99.7529447462199
127667 2994.1 55.0111809002143
127668 9508.5911 97.9503961977694
127670 7067.4 84.4773341641508
127673 9532.2 98.2041749395742
127677 7240.3 85.5849866675809
127678 9171.9 96.3460952001356
127680 9838.2 99.6903207521778
127681 9757.6733 99.1958178350331
127682 9644.2911 98.6346289195635
127683 9854.3 99.81277443847
127684 9984.7 100.333494100074
127685 9320.8 97.0728590376368
127690 7186.4 85.1787531458497
127692 5757.1 76.2432293196032
127694 3553.9 59.9430560533587
127695 5623.7 75.3791085115763
127698 7148.1911 84.9262038186972
127700 9656 98.7481645185373
127701 9744.3 99.2002520158089
127702 9532.9 98.0804260219133
127703 10485.4 102.850473833488
127710 8222.0911 91.0490529100902
127712 3040.3 55.4724259299483
127721 10078.4 100.852466344522
127722 9153 96.1675620767216
127723 7980.1911 89.8234941820173
127951 3064.5 55.8395019152893
127955 1430.1 38.0831980966528
129065 10759.0822 104.223942639438
129066 10041.9 100.641790368812
129069 1787.2 42.4718730350523
129070 10483.1 102.891350758404
129071 10352.5 102.243092605527
129072 10546.6911 103.269114698046
129073 10832.4 104.523777045096
129080 7342.6 86.1184071466495
129519 1015.2 32.1225777157687
129522 446.6 21.4681157654066
129524 2390.8 49.3319369171736
129526 1948.2 44.4607695604125
129527 2583.7 51.2845981972171
129529 3689 61.1277352050287
129531 3645.3 60.7790262113182
129672 4314.5 66.0912246379775
129673 1770.4 42.3298949800552
129674 1379.8 37.2416432281069
129675 1928.6 44.0781124200765
129676 1775.2 42.3303673396015
129678 1788.7 42.5594878318913
129680 3395.3 58.5848959933668
129681 2178.7 46.9181202150395
129685 4323.3 66.1217817908448
129687 4606.9 68.1628195500751
129689 4466.9 67.216590421146
129691 2455.6 49.8174667483615
129692 3468.4 59.2757960866668
129693 2640.8911 51.6553004573238
129707 1920.9 44.1392114352579
129708 2384.4 49.0491591061712
129709 2788 53.0264088002384
129710 2315.4 48.3406662037513
129711 2058.8 45.5833302864106
129712 7560.4 87.3465510909366
129713 7236 85.4833319188741
129714 7229.5 85.3407872833829
129715 7801.4 88.782430832471
129716 9177.2 96.1943865306079
129719 4885.5 70.1936609273772
129723 2956.9 54.6284723026958
129724 2155.8 46.7625916077809
129728 7261.8 85.675784416887
129730 6778.2 82.7191635344852
129845 9584.1 98.3047813438517
129847 9958.5911 100.280507000727
129848 7453.4822 86.7804710383412
129849 9985.9 100.42245742507
129850 3009.1 55.1473482955989
129851 4739 69.0992041638947
129852 1387.6 37.4416879229142
129853 8245.3 91.2676829052321
129855 9778.2 99.388933245468
129857 8901.6 94.8012660046795
129860 9967.2 100.335238334655
129861 9779.5 99.2816699860372
129863 11208.5911 106.442378920863
129864 10996.4 105.305365332318
