123193 21126.5 145.656273556453
123196 25198.1911 159.053953521697
123197 25063.1911 158.553965826182
123198 26082.3 161.761521824227
123200 7037.6 84.1170613849533
123201 26954.5733 164.511641479067
123202 12060.4911 110.063845350585
123610 40615.5 201.872112844631
123611 40943.9 202.619273664461
123612 39094.5911 198.000202079987
123615 25791.5 160.874951519347
123616 42661.9822 206.893209706733
123617 40786.7911 202.328297751848
123618 41878 204.931695937939
123619 41034.7 202.948786577355
123620 41486.1 204.052027703623
123621 37217.5 193.211154062123
123623 40191.7911 200.852533145989
123624 40350.4 201.193737354452
123631 7738.7911 88.1461289739152
123632 34771.4911 186.742202152466
123633 29944.4 173.278157955706
123635 40079.1 200.515411012569
123636 35031.8911 187.400026808563
123637 26051.9 161.674889728244
123638 5692.8 75.576715991104
123639 41046.3 202.924591991709
123640 39140.9 198.180145244699
123641 37545.4733 194.119422474896
123643 44571.0822 211.448173776875
123644 39017.7822 197.848275561309
123645 36786.9 192.118374815655
123646 42935.1822 207.535202042985
123647 41125.9911 203.176524508918
123648 26455.2 162.957540640721
123650 40296.7 201.09278958533
123651 40873.8911 202.505234619799
123652 43496.4 208.92276100071
123653 46785.8822 216.611103426463
123654 47650.6911 218.614523996966
123656 41281.6 203.477222192368
123658 42869.5 207.35103101754
123659 46818.8911 216.742174063088
123821 19468.7 139.824211202244
123822 37451.1 193.851567064957
123823 41999.0822 205.276229002716
123826 9848 99.4167994661043
123829 46627 216.235750909871
123830 45416.5 213.404428407746
123831 46803.4911 216.712136623916
123833 42443.5 206.292389714254
123836 45641.5 213.930946952602
123837 41626.5911 204.352342841525
123839 43829.2911 209.669716731367
123840 43657 209.284017699237
123841 47202.1 217.635314232374
123842 12330.1911 111.27695195099
123843 17582.2822 132.826918052855
123844 45833.6 214.454377518651
123845 46524.2 216.064018447191
123847 36444.4 191.178241368876
123849 10128.4 100.805356933064
123850 20329.3 142.793522265543
123851 52183.6 228.75484685152
123852 53584.1911 231.801121821114
123853 50970.2 226.092370500017
123858 29248.5 171.247919681427
123859 23379.5911 153.183811531441
123860 18985.1 137.946112550825
123862 27338.7911 165.653674999835
123863 22151.9 149.046871927479
123864 52329.5 229.029365069279
123865 53373.0733 231.353042442911
123866 54190.4822 233.133331463592
123867 54818.5 234.476331600639
123868 50094.8911 224.198728892513
123869 57072.4911 239.284245373812
123871 53598.1822 231.831318325926
123872 55338.2 235.554155128533
123873 46368.6 215.642945503928
123963 9836.6 99.4312828726976
123964 29903.6 173.20848710474
123965 33978.1 184.644333770739
123966 30016.7822 173.548667872044
123969 28670.1911 169.617688142723
123970 15716.4911 125.578859898303
123971 19757 140.771090871182
123972 39454.1 198.950823203976
123973 20181.7 142.267389095323
123974 16619.6911 129.189434774868
123976 44254.3 210.850160162652
123977 42865.3 207.472865529514
123979 38025.8911 195.37725084624
123980 38171.3 195.80370274579
123981 40378.9733 201.329829558226
123982 41009.2 202.900616232549
123984 40796.1911 202.433841173463
123985 43118.4911 208.122199749968
123986 43871.8911 209.862026191063
123987 44229.6 210.794402031382
123991 43091.3 207.873735615417
123992 51361.8911 227.006762095358
123993 44680 211.713958123536
123994 5222.7 72.3423112707909
123995 11014 105.117553320478
123996 6435.4 80.3543403247298
123997 11650.4 108.091257677957
123998 10020.8 100.258366104162
124001 13934.1 118.380023800735
124007 39928.3 200.150918146786
124008 48036.9 219.479771207303
124010 49597.4911 223.092021693256
124011 48586.0911 220.792051669063
124012 44333.6911 210.891702308128
124013 50226.5733 224.489599297079
124014 50414.8911 224.831870624296
124016 51136.4822 226.488741970352
124017 50533.9 225.175642461187
124019 28368 168.675131533443
124092 13391.3 115.931402248037
124142 7082.9 84.3224168660173
124144 36678.3 191.767280837999
124146 24086.3 155.354723221395
124149 17603.9 132.917154767044
124150 36264.7 190.804376320906
124152 40920.9 202.591880246491
124153 39470.4911 198.956151282708
124154 38423.1911 196.273177308776
124155 11528.3 107.541573535789
124156 40738.1911 202.20227515418
124159 22984.3911 151.872710200788
124162 36716.8822 191.936109422454
124165 40154.3 200.685051657337
124166 39347.0911 198.741616399711
124167 37731.4911 194.597918857231
124170 25876.7 161.080445673086
124171 38589.5911 196.720817464028
124172 45455.2 213.548027381001
124173 48866.4 221.401716488739
124174 47795.8 218.910803717321
124175 49304.7 222.392018681474
124176 48358 220.228971900462
124177 43647.8911 209.270805771456
124178 8994.1 95.0064735901512
124179 46492.9911 215.925681776776
124181 38954.2 197.711557397646
124185 18217.9 135.163123772145
124186 41891.5 205.00817043317
124188 34192.5911 185.240330463786
124190 45428.5 213.488290153202
124192 45164.9733 212.856290256985
124193 47598.6911 218.550017404493
124194 46987.0911 217.085997048095
124328 39961.5 200.156563683389
124329 41439.3911 203.911304578271
124333 43732.6 209.44182950311
124334 12163.1 110.432015394251
124335 21669.7 147.404240101837
124336 44349.7 210.901422312426
124337 43490.5822 208.834815367415
124338 43526.4733 209.014713162792
124339 40701.1911 202.022424633436
124341 7200.9 85.0192330365688
124343 18562.7 136.415211806638
124344 40850.0911 202.487604779083
124346 17912.7911 134.087434443472
124347 43479.1911 208.813218253747
124348 42991.2822 207.633066049529
124349 44135.3 210.426447957475
124350 43490.4 208.879917789151
124351 52219.9 228.810773280477
124352 49921.2911 223.779333585805
124353 50275 224.565580693732
124354 46017.5822 214.855253872188
124359 39804.1 199.798723703731
124360 51724.9 227.726524518357
124361 50942.2 226.056762932561
124363 41132.9911 203.164465750151
124364 50467.1733 224.97724381801
124365 42299.9911 205.987621110507
124368 24758 157.573475039273
124369 46099.1 215.003325680185
124372 22108.5 148.949152381665
124373 46414.9911 215.717407918809
124374 45877.3733 214.545380518415
124375 49027.6822 221.741539143278
124376 52608.6822 229.700261496675
124377 39844.8 199.897573728259
124479 8265.2 91.1353939476255
124480 42688.7822 207.032703024225
124481 43523.9 208.888894056897
124484 34511.1 186.050074068485
124486 38243.3644 195.826760913151
124490 17489.4 132.418352208854
124491 30599.4 175.191951777965
124492 41736.1644 204.597068295508
124493 36983.8 192.639404027742
124495 41513.2 204.022204614014
124496 40898.5911 202.533898472163
124497 33811.8 184.157921257113
124498 39037.3911 197.873747951396
124499 38747.2911 197.178574176333
124500 40332.4822 201.11079089009
124502 39106.5 198.069306213853
124505 29175.8 171.073785303452
124506 11692.6911 108.292244016616
124507 51082.4822 226.34321326463
124508 48591.5 220.77194122564
124509 51941.7 228.269818478691
124510 14924.4 122.35039845341
124513 39661.6911 199.358496476924
124515 52128.6 228.660621963888
124516 52576.8 229.623038896254
124517 50844.3 225.832216614231
124518 35184.3 187.863221363589
124519 16936.7 130.364910923147
124522 5902 77.0564729019153
124523 17029.1 130.709716613118
124524 21766 147.774828830733
124525 18022.2 134.48591010156
124526 17087.7 130.988205492861
124527 26002.5822 161.481826246473
124671 39984.6 200.324187151883
124672 42343.5911 206.156930798172
124673 43261.6 208.285813129753
124674 43594.2 209.17375568543
124675 44060.8 210.26350133095
124676 45009.6911 212.488376393675
124677 27696.7911 166.659353516864
124679 10617.9 103.233569971285
124680 43946.9911 210.004047845566
124681 39702.1911 199.594238413368
124684 44600.7 211.551908460361
124685 40113.6911 200.637260005264
124687 16880 130.151834505175
124688 42437.4 206.315098697725
124690 41289.4733 203.534641233346
124691 42675.0911 207.00248814184
124699 39214.7822 198.345506988647
124701 50980.3 226.106811042923
124702 50054 224.072979255226
124704 52966.1 230.523382800319
124705 50937.1 226.132328372305
124706 51185.3911 226.604545653148
124707 50372.8822 224.817859869336
124708 51803.7 227.941242370092
124709 48221.8 219.935763330911
124711 50496.0911 225.128696513685
124712 49025.4 221.814156540688
124713 51552.1911 227.428142671944
124714 52659.6 229.818798267052
124716 52238.9 228.956262130107
124718 49702.8822 223.296148862456
124719 51720.8 227.777610744974
124822 9635.5 98.372506496417
124823 23030.0911 152.058311643134
124824 19439.8 139.665457420303
124828 25496.4 159.966308852123
124831 21980.2911 148.542216295907
124836 29449.4 171.878503506904
124845 33858.7911 184.285485160799
124849 40292.9 201.124762121386
124851 40672.2 201.980098124238
124852 39143.1733 198.188950666363
124853 39614.2911 199.30526842087
124855 24819.8822 157.81878889112
124856 36981.1 192.666369756519
124860 33247.4 182.59304468619
124861 39974.1911 200.215034537301
124862 35584.5 188.96944214353
124863 37038.6822 192.821964987472
124864 38937.1911 197.638458093274
124865 40227.6911 200.950765244701
124870 22228.5 149.391264893073
124871 22140.9 149.049891059894
124875 42044.7911 205.413582976298
124877 45734.4911 214.203758397811
125149 29493.3 172.051125951285
125151 28058.2911 167.7935936775
125153 29879.2 173.144910556655
125154 30518.9 175.047050651556
125155 42623.4 206.76537415789
125179 47669.9911 218.68859163551
125183 4472 66.9619293381553
125184 19455.7911 139.765303686784
125187 34636.2911 186.462838426888
125188 37307.1733 193.470825386952
125189 35552.2911 188.871623167479
125190 36098.9 190.413155896288
125191 35951.7911 189.973261455929
125192 37191.3 193.223419905559
125193 32069 179.410144640709
125194 36671.0733 191.891193772907
125197 12982.9911 114.151653910515
125198 34060.9 184.85553835445
125199 34286.1 185.476494450483
125200 33703.6911 183.938603921564
125202 40226.4911 200.906321512205
125205 39751.9911 199.736827209066
125206 43176.4 208.184101293686
125207 42806.9 207.222995753874
125209 17496.5911 132.508415057999
125212 42423.8911 206.325641034347
125213 44655.3 211.658427661173
125214 43428.3911 208.7884578004
125215 43470.5911 208.843913096055
125217 42489.8 206.465105984021
125222 34696.1911 186.537288848321
125224 45152.8911 212.864205580915
125225 27299.2 165.562858079832
125226 11043.1 105.295441344271
125227 45600.4 213.926669752651
125264 19451.5 139.703078029783
125303 24119.2911 155.575672976529
125312 28087.3 167.844540998181
125316 36157 190.462594752881
125317 34431.7911 185.865650569585
125318 36314.1911 190.856123964552
125325 35942.2 189.910400026636
125326 34393.4 185.768727317389
125327 30601.8 175.293867503012
125329 18098.1911 134.812314271397
125331 27075 164.869948623175
125337 33274.9911 182.707690145266
125338 33634.9822 183.75500028564
125339 29561.6911 172.346482709744
125340 39220.3 198.404359831129
125343 32728.6 181.245634295347
125344 36667.6911 191.82651019245
125345 36684.8911 191.883740969421
125346 31624.5 178.15035799576
125347 20708.7911 144.136879651366
125348 7219 85.1046416492661
125351 15757.8822 125.73412498707
125353 35470.7 188.680708959353
125354 33600.0822 183.617891699202
125357 32130.5 179.564890928092
125358 37533 194.071893821737
125360 41214.2911 203.30885381094
125361 36457.7822 191.238176473383
125362 39322.6 198.635042088776
125363 41756.4 204.716193947035
125364 39402.5644 198.776458015897
125366 39803.5 199.791266210557
125367 39499 199.072599750834
125368 39894.1 200.083307737441
125369 39084.3911 198.022524046791
125370 45891.2822 214.558360728311
