126496 5692.6 75.7012550493055
126499 2150.5 46.565545298945
126503 4141.1 64.5083713735582
126505 11390.2 107.081090767698
126506 8225.7 91.0165369589505
126507 7363.5 86.0531814309477
126508 20753.3911 144.423405485767
126509 18342.5911 135.794624651799
126510 19981.6 141.743006686417
126511 6291.7 79.5374756636417
126513 6586.2 81.4042998249411
126514 20128.2911 142.213536905634
126520 4825.9 69.665414562223
126521 3868.2 62.3286450928111
126527 12920.8 113.910227770016
126528 2926 54.2023982927702
126531 2430 49.4155843908387
126532 21807.3 147.998952698997
126535 2625.8 51.3121816952817
126536 21331.6911 146.415880701426
126540 23599.3 153.97269219282
126541 21925.8822 148.447196735855
126542 5687.3 75.5796929131099
126546 2871.4 53.7849422145502
126552 23464.1911 153.544977302328
126554 25249.6 159.357396935513
126555 24471.4911 156.794611301625
126556 25420.9911 159.849616986609
126557 24143.4911 155.783343600164
126559 23099.9911 152.377820168192
126562 21697.4 147.655409561913
126563 25482.5911 160.049617384172
126564 13197.9 115.207942542892
126566 2625.9 51.2783581128881
126568 22921.5822 151.720730829814
126575 23465.9 153.546638062556
126577 25436.9 159.910506125176
126578 20748.5911 144.38206288983
126579 15010.4 122.798289839401
126581 17631.9 133.067163586538
126831 7845.6 88.8570763288462
126858 20838.9 144.698548559721
126859 19258.3 139.121134267947
126862 12195.4 110.691101620987
126866 15680.1 125.538161668325
126868 20826.4 144.634781320998
126869 20751.4 144.457675632424
126870 20684.8 144.177459964243
126871 21428.9911 146.792370643743
126874 17989.7 134.564148164762
126875 11496 107.551848128948
126877 4999.6 70.8927358283209
126878 21133.5911 145.790877733597
126879 10608.8911 103.30522789567
126880 5637.9 75.2679877911347
126881 20238.3 142.683180363728
126882 19052 138.502346447833
126883 19204.6822 138.834110133857
126890 17634.4911 133.175260708408
126892 19961 141.577893746956
126893 14745.9 121.740995662786
126894 4207.4 65.1208107013611
126895 22595.8 150.737984543258
126906 1581 39.9111510819733
126907 4080.6 64.0841633574481
126909 19749.1 140.899361463737
126911 22252.3822 149.522975262387
126912 13240.3 115.381497424019
126914 23775.8 154.564031981716
126915 24071.5 155.552081516246
127251 14071.1 118.907232566461
127257 16917.8911 130.40233911955
127261 17554.0822 132.837232050997
127262 7293.5 85.5759896232582
127263 10019.6 100.465815327783
127264 19008.1 138.201773000748
127266 15028 122.879616031107
127267 19233.4911 138.963484680064
127268 19424.8911 139.641935335258
127269 19606.5 140.299144670295
127270 19734.5 140.88133323481
127271 20229.4 142.597755848037
127272 21305.7822 146.315208095949
127273 21570.6 147.160728579638
127278 11204.2911 106.13665757037
127279 15315.1 123.979958126633
127280 13857.3 117.974531153974
127283 3070.9 55.5551079625636
127285 24921.7911 158.190202101618
127287 17047.9 130.808906544495
127289 24413.1911 156.56679127734
127290 25548.6911 160.207709085793
127291 24485.0822 156.921414069513
127294 24250.8 156.054926105333
127295 23548.5 153.784426992925
127296 13423.7911 116.148353736213
127297 26053.9 161.828211289657
127304 15207.4 123.597815464035
127306 11353.6 106.787546154551
127307 25849.3 161.113593284691
127308 45502.1911 213.797240398904
127312 19320.4 139.331331608411
127315 22519.4 150.45271698817
127317 20618.7 143.919109393533
127318 3147.5 56.2614433603343
127319 24468.3911 156.720196678612
127320 18921.6 137.91004316261
127321 2722.6 52.315198504038
127322 22787.1 151.375130234592
127325 13021.4 114.413373289496
127327 25115.8 158.764731656787
127328 24360.7911 156.445006509172
127329 22652.7911 150.887507970855
127330 25005.9 158.482081196309
129535 7886.3 89.1458916664139
129536 16255 127.82135970887
129538 6331.1 79.8444109996742
129539 22782.6 151.340609061555
129540 15541.3911 125.036874748943
129541 3738.4 61.3173711848649
129545 10927.6911 104.757386810955
129549 15571.5911 125.129053841624
129550 4763.4 69.1723934024442
129551 18533.9911 136.488827656296
129552 16603.5 129.200425797876
129553 5800 76.2358182266584
129564 29296.6 171.516704583322
129566 28687 169.723304233685
129567 7659.1 87.6996580611128
129568 14966.6 122.590701042016
129572 30982.7 176.387102514339
129573 7833.9 88.5966704833319
129574 14136.4911 119.221852335998
129575 27575.7 166.44942154722
129576 27188.7911 165.236315807558
129579 21308.4911 146.279698200271
129580 2818 53.1968042337893
129582 15279.1 123.834688262545
129591 17049 130.890412169205
129611 11993.2 109.806466184123
129617 24551.4733 157.011624484221
129618 30381.7911 174.699284681429
129619 30117.8 173.976262725552
129620 17592.3 132.954089605736
129623 4109.6 64.2174430705311
129626 14557.3 120.904879971819
129629 29865.0911 173.183227053747
129630 22063.1822 148.872966686676
129631 25831.8822 161.10391087813
129632 28242.8 168.466138998295
129633 22635.2 150.781829315313
129635 29538.9 172.225056080143
129637 30440.9 174.858142416103
129638 27607.4822 166.530628481541
129641 30513.5911 175.130465984997
129643 27171.0911 165.222365715873
129644 18284.6 135.493099637864
129645 9472.6 97.5227153848784
129646 30657 175.464811205995
129648 23752.9822 154.505663839291
129649 29415.4911 171.907969633655
129651 30249.5911 174.272717401011
129652 10926.1911 104.721822507054
129653 30043.6 173.680683874524
129655 28254.5 168.497329190571
129656 29823 173.106325893465
129659 4907.8 70.1914524710808
129660 19434.5 139.684823782745
