121916 11404.4 107.55751964163
121917 12605.0822 113.048795553613
121918 10704.3 104.26931480048
121920 9121.0911 96.106867979609
121924 2686.2 52.2174303273237
121925 10347.6 102.376168836356
121927 12391.5 112.14254324254
121928 15892 127.003936562061
121929 15276.7822 124.587079418493
121930 14926.3911 122.989105753524
121932 15571.6733 125.684566505437
121933 15286.9 124.708738227279
121936 11184.6 106.441439101801
121939 4817.1 70.0623298253091
121940 16468.7 129.295824959818
121943 6427.5911 80.7785867933012
121944 11834.1 109.585719953389
121946 3697 61.2902930737201
121948 15221.1911 124.25844052489
121949 16608.4822 129.816989121879
121950 15232.6644 124.424317032001
121951 16824.6911 130.665260996372
121952 16915.5 131.084896155125
121953 9299.5 97.3855739055067
121962 11950.3 110.082196603091
121963 6878.8911 83.532448991395
121965 8322 91.8101299367798
121966 19924.3 142.249390007269
121968 11723.1911 109.007615086094
121969 2036.0911 45.6084427172744
121970 20240.3 143.272780093115
121972 17067 131.593695654465
121973 2175.1 46.9811666951354
121974 14076.3822 119.533342912869
122079 15596.2 125.663677844861
122092 11964 110.246995628835
122093 8588.7733 93.6719823993892
122094 9777.5 99.7499376640126
122097 9988.1 100.75281634289
122098 12142.1911 110.912849331167
122099 15122.8911 123.809410115118
122101 15180.6911 124.023425526027
122102 15653.1 125.998532038947
122105 12980 114.814197460656
122108 1955.2 44.5394210773344
122109 8197.8 91.2356289185513
122111 9769.3 99.5057286541916
122112 15815.6 126.61824540717
122114 4330.4 66.2383573020014
122116 4562.6 68.0035291876304
122117 14422.5822 121.041646017767
122118 11345.5822 107.306011543397
122123 14784.8 122.548113000568
122124 15683.2822 126.090008399046
122125 16498.4 129.314036625288
122126 15512.5911 125.416028278687
122127 16166.3911 128.023904594167
122129 15912.9822 126.946051915585
122132 13105.4911 115.127104157742
122133 16068.9822 127.74545351761
122134 3867.4 62.6459893214849
122136 15492.7 125.227432804301
122137 14485.3 121.246402254465
122138 13173.0911 115.63662920671
122139 14862.1911 122.708434953376
122141 16326.2911 128.614502055023
122142 17814.8 134.298697140713
122143 17223.6 132.061273922337
122146 15716.7 126.165803607792
122147 12855.2911 114.11875432273
122263 2217.7 47.4574549986027
122274 15354.1 124.615528798391
122275 7714.2 88.3304026247866
122276 5609.7 75.2861873121491
122277 17293.3911 132.217321166743
122278 4308.5 66.0458172343079
122279 9019.6 95.483925375494
122280 17244.6911 132.127627872219
122281 3328 58.0999140386292
122283 12200.7 111.203012676341
122285 16192.2911 127.999570324318
122286 15021.3911 123.1816550602
122287 12818.7 113.895609982215
122288 16277 128.278992550238
122289 11786.7 109.216802842832
122291 7486.5 87.0387846098071
122292 3929.7 63.1506927911325
122293 13360.1 116.288993464662
122296 16258.4911 128.322835406746
122297 17632.9911 133.548867527001
122298 17615.3911 133.474042922403
122300 11053.5 105.840682313266
122301 17652 133.709012113503
122305 2863.9 53.8810724560685
122306 18296.4911 136.032165633084
122307 16836.4911 130.464363272562
122309 15464.8 125.006559654639
122310 15312.9 124.526583382826
122312 13675.5911 117.612414804399
122313 12832.1911 113.980963966612
122314 16298.4 128.353106864839
122315 17073.6 131.492129308147
122317 3773.9911 61.9152655188726
122319 14590.7911 121.558381562976
122321 17125.7 131.631341252758
122322 18949 138.517146600196
122323 19117.8 139.02244427035
122437 2245.8 47.590335153264
122439 5055.6 71.3700218301774
122440 15747.9 126.072479427607
122443 15942.2 126.84541772692
122445 9830.1 99.6675978484929
122447 8076.9 90.3535830426221
122448 16322.3 128.413745405083
122450 15844.4911 126.464422316111
122452 17011.6 131.029309839105
122453 16360.4 128.594401285036
122454 15814 126.41439780302
122455 16306.7 128.343718304771
122461 12234.5911 111.05034932103
122462 3020.8 55.2425558231704
122464 20042.2 142.258075094164
122465 20219.1 142.849325916299
122466 18785.6 137.675633119778
122467 20924.1911 145.488694004758
122468 20635.3 144.356468648329
122469 17746.4 133.8305646385
122471 21309 146.667310395106
122472 20356.7 143.379949783783
122473 20828 145.018274498542
122480 10883.4 104.824233710037
122576 2853.6 53.7743434738166
122577 10169 101.37110021603
122579 3449.7 59.0271974173296
122608 13767.7 117.9377379095
122610 14712.2 121.754096339969
122613 4952.5 70.6693005086905
122614 18127.8822 135.358302764995
122615 18123.9822 135.198743303083
122616 18078.5 135.00833319665
122618 17379.4911 132.529053735831
122619 18313.1 135.970695437298
122620 18317.2 135.972644307596
122623 7772.5 88.5321975949744
122625 12992.9911 114.61151837204
122626 16914.4911 130.626376018581
122628 4065.2 64.0754245400598
122629 17671.9911 133.561222108478
122630 17553.8 133.100112534471
122631 4338.4 66.2089117997577
122632 5161 72.2530277916607
122634 6737.7 82.4379160338251
122640 10039.6 100.624450488388
122641 16695.1911 129.77965972188
122642 18404.3 136.235788473135
122643 15491.8 125.019358456972
122646 8552.3 92.8702856020638
122647 6936.6911 83.7072879589943
122648 9213.3 96.3633226274857
122649 18206.4733 135.525460038047
122650 16727.4 129.921976832867
122652 12207.2911 110.921999978408
122653 18672.7 137.295338661836
122654 15955.5911 126.888849144724
122657 9830.9911 99.5705783704926
122658 7021.9 84.242922699574
122661 5801.3 76.5636336716068
122665 12846.2 113.781193752184
122667 9105.5 95.8271881838156
122672 17314.9 132.096063412995
122673 17899.7911 134.393601171703
122812 16317.5 128.367246916388
122813 14164.3911 119.5530009237
122815 15967.9 126.895114047823
122816 14892.6 122.482978182707
122819 7080.7 84.56305326938
122820 18309.9911 135.841084151829
122821 16601.9 129.323122224173
122823 17896.8911 134.413801512413
122824 18091.3 135.170225756368
122825 18286.1911 135.81480091197
122826 17425.9911 132.547350571576
122827 17271.9911 132.055291643728
122829 10354.2 102.070857818698
122830 17706.4 133.591990985996
122831 17852.9911 134.237103854002
122832 17972.8 134.62072645752
122833 18083.9 134.975442096738
122835 15925.6 126.770580017852
122838 7720.7 88.1986961354872
122841 18086.4 135.050805492452
122842 21514.3 147.329188974894
122843 21825.4911 148.277274590892
122844 21065.9 145.807647155422
122845 21055.4822 145.616792269839
122846 21110.3911 145.939782158634
122847 20158.2 142.540029702354
122853 7332.8911 85.9998262241058
122855 11408.1911 107.276093007166
122856 2187.5 46.9611542552789
122858 19239.8911 139.320027408189
122859 20043.6822 142.158749947776
122860 19254.9 139.373849619677
123020 8890.4 94.7170524484504
123021 15860.5 126.433579653654
123022 16146.6 127.592632803035
123023 17043.6822 131.092754115664
123024 17926 134.508735671331
123025 15668.2 125.666065579682
123026 16846.5911 130.261199251091
123027 15998.5822 126.964483654062
123028 15881.8822 126.602804974631
123029 16239.2911 127.90422212702
123034 6917.0911 83.504671104625
123035 5247.6911 72.678814754744
123036 16642.4 129.548523942199
123038 10682.4 103.803757002205
123039 17287.0911 132.098940496259
123040 17152.2911 131.560594936732
123041 16307.1 128.243245573229
123042 17142.2 131.581001668174
123043 17470.9911 132.716992670661
123044 13334.9911 115.888740069905
123048 14316.2911 120.102414714755
123049 17142.7 131.42454083391
123050 17118.8 131.36529217793
123051 17529.3911 132.883106638361
123052 16050.4 127.243153275933
123054 16306.1911 128.179405980395
123055 11523.8911 107.753283234665
123056 5545.9 74.7339947347665
123058 19867.4 141.491060014971
123059 19439.2911 139.982820874945
123060 18291.7911 135.756547054656
123062 19272.5 139.530820787221
123063 19644.1911 140.72547795889
123065 19238.6 139.225644038957
