121928
122473
122251
129709
124522
123378
124126
124311
125358
125367
124702
129851
122281
123998
129847
127684
129860
129849
127263
122640
129066
122097
123849
127721
121898
127662
122829
125294
122073
129071
125285
121925
124449
128315
127703
129070
124679
129072
126879
123038
124437
124110
126465
129065
121918
129073
129652
129545
122480
125348
126431
125226
129864
128316
122300
123602
127278
121936
129863
127306
129656
126505
122855
122118
124155
121916
123055
124289
123997
124506
125311
121968
122289
127610
125126
121944
129611
123202
121962
125261
126469
124334
126862
122098
122652
122461
122283
123842
126429
126434
121927
126823
126432
121917
125309
128305
126779
122665
123601
122287
126527
122313
122147
125197
128303
127325
122625
122132
126564
126912
123794
125119
126433
122138
123044
124092
126776
127296
122293
126777
122312
124293
123603
122608
127280
123995
124001
125259
126778
127925
127251
129574
126825
124290
121974
122813
123048
127589
129626
127611
123789
124111
122117
123790
122137
122319
123168
126893
122610
126824
124510
122816
122123
129568
122139
126579
121930
122286
127592
127304
122099
129582
127279
122101
121948
124080
121950
122310
121929
122274
121933
122309
122643
129540
129549
122136
122126
126866
123970
122079
123025
121932
124091
125351
122102
122440
122124
122146
124632
125295
123021
122450
125262
123028
122112
122835
122443
122654
122815
122129
123027
123052
127612
123022
122133
125254
123029
122285
129529
122127
128306
123054
123041
122296
122455
122314
122812
122448
122453
122141
123974
129552
121940
122125
122821
123036
124294
122641
121949
122650
123026
124519
127257
122307
122626
121951
124523
127287
124526
122452
121952
123023
124450
123050
123049
122315
123040
123042
122321
122827
122143
122672
123039
122280
122277
124490
125209
122618
122826
123043
123843
127261
123051
124149
129620
126581
122630
126890
122298
127613
122297
122629
122830
122469
124346
122831
122142
122673
122823
124525
126874
122832
125329
122833
122616
122841
123596
124185
122824
122615
124625
122614
129644
122649
124112
123060
126509
122825
122820
122619
122620
122306
122642
124343
129551
124639
122653
122466
127320
123860
127264
123781
126883
127267
122323
126859
123065
122858
127312
122860
123062
127268
124824
129660
125264
125184
123821
123059
127269
123063
127270
126909
123604
123058
126510
122859
126514
121966
122464
123973
122847
127271
126881
123850
122465
121970
122472
127317
125347
126870
122468
126578
126508
126869
126868
126858
122467
122845
123193
126878
122844
122846
129579
127272
126536
126871
127273
122842
124335
126562
126532
122843
126541
124831
129630
124372
123863
124871
124870
126911
123013
127315
126895
124641
129633
127329
129539
127322
126568
124159
124687
124823
126559
123859
126552
126575
127295
126540
129648
126914
124146
126915
125303
126557
127294
127328
127289
127319
126555
127291
129617
124855
127285
127330
123197
127327
123196
126554
126556
126577
124828
126563
127290
123615
124170
129631
127307
124527
123637
123198
127297
123648
123201
129643
129576
125225
123862
129575
129638
124677
125151
125312
127722
129632
129655
123969
124505
123858
129564
124836
129649
125149
129635
125339
125153
129629
123964
123633
123966
129653
129619
129651
129618
129637
125154
129641
124491
125327
129572
125346
125357
123014
125343
124860
125337
125354
125338
125200
124497
124845
123965
125198
124188
124327
125199
125326
125317
123813
124484
123608
125187
125222
124102
123632
123636
124518
125353
125189
124862
125325
125191
125190
124150
125318
123847
125361
124296
124144
125344
125345
125194
124162
123645
124493
124856
124863
123621
125192
125188
123822
123641
124167
123979
123980
124486
124154
124171
129580
124499
124864
124181
123644
124498
123612
125369
124502
123640
124852
124699
125340
125362
124166
125364
123972
124153
124853
124513
124681
125205
125366
124359
124377
125368
124007
124328
124861
124671
123635
124685
124165
123623
125202
124865
123650
124500
124849
123624
123981
123610
124851
124339
124156
123617
123984
124344
123651
124496
124152
123611
123982
123639
123619
126528
124363
123647
125360
123656
124690
124329
124495
123620
123837
124492
125363
124186
123823
124875
124365
124672
123833
124688
125212
125217
125155
123616
124691
124480
125207
123658
123977
123646
124348
123991
123985
125206
124673
125214
124347
124337
125215
124350
124481
123652
124338
124674
124177
124333
123839
123986
129522
124680
124675
124349
123987
123976
124012
124336
123643
124684
125213
124676
124192
125224
123830
124190
124172
127308
125227
123836
124877
123844
124374
125370
124354
124369
123873
124373
124179
123845
123653
123831
123659
124194
123841
124193
123654
125179
124174
124008
124709
124508
124011
124173
124375
124712
124175
124010
124718
124352
123868
124013
124707
124014
124364
124711
124017
124517
124361
123853
124701
124705
124507
124016
124706
123992
124713
124360
124719
124708
124509
124515
123851
124351
124716
124176
123864
124516
124376
124714
124704
123865
123852
123871
123866
123867
123872
123829
129553
123869
122092
122632
127659
122288
126651
123840
121946
124436
122575
129519
126263
127417
127418
124458
125291
124323
122780
129674
129852
127206
124462
122577
127955
125171
124960
125163
122808
122599
127961
122066
126253
121902
122434
125193
122454
126531
123826
127931
129673
129676
127958
129069
129678
126273
126814
126453
122064
124117
129675
127959
129707
129526
122108
127641
121914
123793
126255
129711
121969
124820
124456
126499
129724
129681
122856
121973
125316
129646
122263
122437
126259
122606
122996
129710
127218
126476
123012
129713
129708
122787
124966
129524
126256
124810
129691
123951
127642
124807
124663
126882
123024
126566
129527
126535
129693
122322
121906
121924
127321
127928
126254
127219
122429
122593
124809
128314
122576
126546
122305
123767
129723
122594
127667
124299
129850
122462
127712
127932
127283
126838
127951
126252
126875
122810
127318
124353
127615
127425
124816
122264
123565
123167
123944
122416
124368
126892
127213
123164
129680
128307
122579
122569
125286
129692
126451
127635
122433
127694
123768
121972
122272
127217
123941
129531
124103
124106
122557
126462
129541
126454
122317
122422
127215
126521
123591
122134
123001
127924
122555
122537
127214
122292
127598
125297
126460
122995
123796
122074
122628
126907
129623
123169
126494
126503
124655
126258
122069
124967
123175
124134
126894
126475
128310
122249
122998
122786
125158
122568
122085
127963
124968
122278
129672
129685
122631
122114
123170
124630
123002
128309
124472
122471
124107
127661
123003
129689
124477
124814
124444
124121
126471
124132
122563
124972
121901
124019
122256
122116
124812
129687
122083
124318
125122
121903
125293
127602
129550
126851
126257
124973
122809
126821
126520
123166
125120
124969
121939
124970
129659
129719
122545
126817
127442
121889
127600
124971
122613
126877
122560
122301
124808
122562
123592
128312
122439
124109
122772
122993
122559
124644
121892
122548
123993
121905
121890
127420
121899
127630
123994
122539
126780
123035
122596
124440
122541
121911
122574
129566
121912
122781
123011
124084
122550
126662
126673
122770
122778
121915
122783
122777
122540
122252
126845
122536
121887
127619
122773
122999
126260
123056
123775
122409
122413
121904
122590
127700
122779
126815
126880
122276
124454
124300
127695
127421
127606
123638
126542
122412
126496
123172
126658
123382
122767
127692
127424
125166
122661
126467
125305
124469
124448
126842
122070
123019
127422
123938
124324
122551
124962
122411
122776
123809
127654
126487
123016
125255
123004
125310
126652
123971
124524
125159
122556
124658
125260
124963
124081
124321
122805
123598
123607
123782
126511
123606
122253
127423
122414
122768
122071
129538
124301
124085
124115
124322
123783
122072
127443
122789
123996
124459
123380
122800
122418
122080
121943
124281
124473
124667
122797
122269
122801
124660
126513
123018
122427
122432
124302
122587
124113
127650
126483
123774
121965
122105
124647
126488
122586
123178
126480
125121
125257
122634
123176
127627
123772
122571
122585
122798
125127
129730
123771
122268
127962
129536
124086
124961
122602
122420
122245
127638
122091
122570
124629
123034
121963
127444
124665
122647
123369
123784
123953
126435
124626
123773
126839
123200
122430
122658
124475
124142
124640
124452
124309
124467
127670
122081
122799
122819
126461
122572
126265
127698
122603
124341
122604
125287
124466
127690
122804
122605
129714
126449
122573
127262
127677
123786
129728
125177
126832
122853
122273
126507
125256
122247
129080
126657
122803
125178
126490
125125
124648
123597
124465
124464
126837
126268
129848
125175
126847
122426
126670
124659
122428
122796
123569
125331
123958
122291
122423
125168
126485
122425
126472
128313
129712
123820
122538
125170
124650
126479
126653
123566
124315
126665
122766
129567
126782
126656
122542
126668
126836
122424
123952
122802
126473
125176
127266
123600
122077
124282
123631
127625
122838
123955
125169
123599
127621
122275
126666
123962
124326
126669
126664
122623
129573
126436
129715
124645
124652
126831
123567
129535
127647
127594
126834
124651
124319
124314
122246
126835
126667
126846
126477
124668
124312
126478
127723
124657
123570
123568
129591
123165
126856
123956
126853
127646
126854
127601
122447
122549
124128
126855
123959
127620
121897
122769
126464
122415
124141
123370
124313
126506
124123
127710
124479
122109
129853
124445
127626
123960
124140
124114
127631
124129
126492
123792
126906
123800
127645
127652
123818
123816
122564
124087
123815
124125
127644
124137
127637
122646
127657
127933
127588
124127
125315
123803
127622
122076
124139
123939
122410
122093
123961
124138
123817
123618
124291
127651
123810
123020
129857
123811
123812
127643
124178
125307
122279
124089
122667
121920
129716
127678
122648
123814
126266
125290
125183
127685
121953
129645
127927
127668
127702
127673
129845
123787
124633
124822
127682
126783
127681
127701
129861
129855
123963
122111
122657
122445
127680
127623
122094
127663
127683
