123164 3366.7911 58.2901368422317
123165 1903 43.8953303923094
123166 4786.3911 69.6808443310757
123167 3292.7 57.8879089275127
123168 14700.5 121.564180559968
123169 4042.7 64.2246840267011
123170 4329.5911 66.2682432329611
123172 5691.6 75.7732143551427
123175 4183.2911 65.0545164182019
123176 6736.5 82.4739353432077
123178 6716.2 82.1989052846137
123596 18172.7 135.154393375234
123597 7374.8 86.4016204596395
123598 6155.6 78.9264217450411
123599 7725.3 88.3056620370908
123600 7659.5 88.0945513953184
123601 12868.0911 113.893064495161
123602 11164.9911 106.05800336153
123603 13793.5 117.774572787238
123604 19946.2 141.45833314388
123606 6258.4 79.5450814788796
123607 6284.7 79.4934590701927
123608 34512.1 186.116710839031
123781 19001.8 138.217726655234
123782 6253.8 79.5011949370725
123783 6345.9 80.0560430658823
123784 6943.7 83.7490894173781
123786 7284.5911 85.6421630560579
123787 9589.9 98.3100708216935
123789 14574.7 121.016155856315
123790 14574.5911 121.079643686707
123792 36316 190.910712039832
124080 15373.0911 124.357268142077
124081 6095.9 78.6305918115844
124084 5322.2 73.3113903584764
124085 6318.4 79.9957500403771
124086 6846.2 83.057570132366
124087 8496.5 92.5308057405511
124089 9118.7822 95.7785996401956
124091 15746.8 125.704176504271
124102 34699.2 186.73660594538
124103 3649.6 60.8241729389755
124106 3650.5 60.8609067805237
124107 4435.8 67.0114914818115
124109 5108.8 71.7749259839396
124110 10749.8 104.002115345902
124111 14590.7 121.033094647704
124112 18363.6 135.696647024569
124281 6475.4 80.8975895035297
124282 7697.6911 88.1357478974905
124289 3013 55.1071685922077
124290 14217.7911 119.467736522573
124291 8803.5 94.1119013416879
124293 13778.5 117.710874583517
124294 16739.5 129.725672194645
124296 36457.0911 191.239457416219
124327 34219.5911 185.281083825942
124436 9825 99.3010574771669
124437 10731.7 103.817676781221
124440 5246.8 72.8116748235947
124444 4486.2911 67.3430776428142
124445 8302.9911 91.381617902651
124448 5866.1 76.8773696732979
124449 10504.7911 102.75962276024
124450 17133.1 131.152315864473
124452 7048.8911 84.4030218900745
124625 18206.7 135.236126971788
124626 6952.4 83.8648914893622
124629 6905.7 83.4506440957768
124630 4384.9911 66.488345559907
124632 15883.1 126.29699108298
124633 9588.7 98.3402767859111
124639 18747.8 137.209110613869
124640 7092.4 84.3434645305877
124641 22652.6911 150.780668911965
125119 13270.7911 115.436303084545
125120 4799.1 69.7633855013817
125121 6681.7 82.242385898815
125122 4633.4 68.4004386075711
125125 7397.2 86.2418693558349
125126 11906.2911 109.393738761457
125127 6794.1 82.6929862073253
125254 16283.7911 127.868839345762
125255 5977.2 77.7268294467547
125256 7358.5 86.0932632332379
125257 6716.9911 82.3195001459101
125259 13955.8 118.466619920756
125260 6082.7 78.3645965982088
125261 12079.1 110.15911227439
125262 15948.8911 126.585426112868
125285 10421.7911 102.354970909218
125286 3462.5822 59.1665460751258
125287 7182.1911 85.0562169127154
125290 4720 68.9615836251141
125291 10406 102.359171723654
125293 4698.4 68.7874987654188
125294 10357.6822 102.117139289445
125295 15891.6 126.354184930599
125305 5819.5 76.7909499564656
125307 8977.1 95.1048366625715
125309 12747.7 113.163642571278
125310 5989.8 77.7466397384279
125311 11802.1 108.894582129147
