121887 5334.5 74.0489705028882
121889 4819.9 70.4717678863274
121890 5043.8 72.1501209748736
121892 5068.2 71.9726335183207
121897 8081.2911 90.6933849804384
121898 10042.6911 100.976284604014
122064 1855.8911 43.5335508341107
122066 1671.9 41.3662902496235
122069 4099.2 64.9843060921397
122070 5797.4 77.0572518041132
122071 6247.8 79.8369587607369
122072 6296.7 80.2390803985813
122073 10294.3 102.167949964752
122074 7701 88.6323870394615
122076 8621.0911 93.5330429995175
122077 7664.9 88.1116902305818
122245 6808.4911 83.1958540627332
122246 7912.1 89.5300511609867
122247 7267.2 86.1090006812116
122249 4181.1 65.3661231874004
122251 4016 64.0257760423441
122252 5366.1822 73.85296328704
122253 6221.2911 79.633473099684
122256 5656 75.679587974251
122409 5549.2 74.9230272736286
122410 8655.1 93.5875529164477
122411 5858.3 77.3206955394744
122412 5629.4 75.6453565512973
122413 5530.9 74.9517842925704
122414 6260.0911 79.7723645136516
122415 8154.7911 90.8033044402108
122416 3304.1 57.965765906107
122536 5368.3 73.9235415818263
122537 5753 76.6289762426721
122538 7531.7911 87.3735660308706
122539 5145.3 72.3995165729717
122540 5356.6 73.8524204418034
122541 5212.8 72.8233480283048
122542 7617.8911 87.7768195359686
122545 4831.9 70.3034142863176
122548 5100.7 71.991735903016
122549 8070.8 90.4054199798934
122550 5288.7 73.3669547454956
122551 5873.4 77.318302961824
122555 3616 60.6259022618427
122556 6053.8 78.1571493250419
122557 3646.7 60.8687933180871
122559 5090.4 71.911890703294
122560 6580 81.7018971369704
122562 4942.4911 71.0186599757585
122563 4525.2 67.8333251433246
122564 8444.2 92.4989728351753
122766 7598.1 87.6911059375488
122767 5698.9 76.2205356863464
122768 6258.8 79.831322063742
122769 8136.1 90.7068357983587
122770 5334.6911 73.5989817697202
122772 5067.7911 71.8208890035594
122773 5421.3822 74.2577950534008
122776 5892.2 77.3321409755148
122777 5323.8 73.7430673517511
122778 5349.1 73.6805946980784
122779 5571.1 75.0928089540829
122780 1312.8 36.4943831294625
122781 5271.2 73.0442332826138
122993 5088.1 71.8876208749636
122995 4008.3 63.7886353592864
122996 2400 49.4732251960199
122998 4209.8 65.3944951538155
122999 5460.1 74.3500501453388
123001 3881.6 62.8918122610257
123002 4354.7 66.5199968298255
123003 4448.4 67.2117548311424
123004 5966.5 77.7422021505463
