126429 12407.4 111.804382596448
126431 10959.4 105.016284391906
126432 12618.1911 112.669250814985
126433 13271.1 115.597275316291
126434 12429.6911 111.856202856791
126435 6960.5 83.8209401700768
126436 7781.7 88.6110037085688
126449 7260.3 85.4932162641932
126451 3523.2 59.5966444517147
126453 1871.8 43.4837900832023
126454 3781.5911 61.803560538613
126460 4018.1 63.7348410830756
126461 7101.9911 84.6256468469961
126462 3679.5 60.903612372338
126464 8181.1 90.7580851334007
126465 10784.6911 104.129775180829
126467 5842.7911 76.6403291556482
126469 12092.1 110.272072423685
126776 13398.4 116.049213644391
126777 13553.1911 116.744850332723
126778 13952.8 118.504177217732
126779 12789.4 113.394973378372
126780 5177.5 72.4082178415931
126782 7635.9 87.7437748866915
126783 9690.7911 98.7797553936656
126814 8118 90.4295307134926
126815 5618.1 75.2471259775741
126817 4907.6 70.3255289069339
126821 4812.4 69.6112058967699
126823 12556.6911 112.36952459386
126824 14859.3 122.293458533153
126825 14163.9 119.376588863311
127588 8614.8 93.0464400178749
127589 14390.8911 120.274145618152
127592 15073.5 123.185429274498
127594 7905.4 89.1662492297848
127598 3966.4 63.337350763259
127600 4944.2 70.6021248263032
127601 8117.3 90.3005539216322
127602 4719.6 68.9759379496937
127606 5629.9 75.4517728841834
127610 11877.2 109.222524949265
127611 14524.3 120.916045254548
127612 16165.8 127.453285698914
127613 17743.7911 133.500337507659
127615 18567 136.566101203133
127924 9471 97.6242798952315
127925 13966.9 118.548597497566
127927 9529.7911 97.8398695788685
127928 2724.7 52.5281832442775
127931 1756.6 42.2229794451327
127932 3043.9 55.5262997958274
127933 4310 65.9219236376154
127958 1784.5 42.4540929591965
127959 1929.9 44.1063489843821
127961 1656.7 40.979385116335
127962 6847.9 82.9889749847298
127963 4319.6 65.9225302398512
128303 12970.4 114.190279741673
128305 12760.9 113.190414911529
128306 16297.7 128.030113835096
128307 3419.5 58.7303158513557
128309 4418.4911 66.6952028200679
128310 4241.1 65.2788631738398
128312 5058.6 71.3076433015711
128313 7584.8 87.3363612706644
128314 2843.2 53.5888050800174
128315 10532.1 102.840312951123
128316 11072.3 105.512984987631
