0.0229807
0.0251489
-0.0120902
-0.0219406
-0.102733
-1.21089
0.220909
-0.25896
0.511621
0.010949
-0.0134247
-0.0179756
-0.0101183
-0.202457
-0.0268419
0.0154501
-0.0255521
-0.00448251
0.0876843
-0.0176635
0.292725
0.00234194
-0.64558
-0.720147
-0.00663321
-0.227886
-0.023272
0.176627
-0.358553
-0.32716
0.00443469
0.0613768
-0.0200189
-0.0124388
0.0368584
-0.03056
0.079834
-0.102881
0.0467707
-0.0272631
-0.00939196
-0.148621
0.0166659
-0.114305
0.543312
-0.0248966
-0.0629209
0.0133874
-0.209831
-0.0194835
-0.00569883
0.344785
-0.31391
-0.811281
-0.462353
-0.0100648
-0.011982
-0.0229932
0.0289371
0.0241417
-0.00495476
0.0259868
-0.0424372
0.984773
-0.00721771
-0.0383197
0.615461
-0.00854593
0.0296121
0.476863
-0.0310995
-0.160744
-0.069901
0.115619
-1.68834
-0.0337556
-0.40286
-0.0310385
-0.0200436
1.39404
-0.0423328
-0.0204518
-0.0390299
-0.143068
-0.0405822
1.41389
0.107617
0.0248744
-0.0654964
-0.00567644
-0.113716
-0.0404894
-0.222233
-0.226479
-0.026639
-0.518865
0.0160559
-0.0238344
-1.43906
0.0176817
-0.159995
-0.0997773
-1.74182
-0.327122
-0.0296549
0.0123654
-0.0646796
0.0322923
0.0128613
-0.022346
-0.030053
-0.259244
-0.0141119
-0.290845
-0.0469478
-0.00574498
0.0309662
-1.24394
0.45427
-0.229978
-0.442643
-0.0210873
-0.257787
-0.0203041
0.0170218
0.0252767
0.0111832
-0.000472319
-0.0165714
0.250022
0.00673508
-0.259267
-0.0124428
0.413778
0.0200293
-0.0254829
-0.0425246
-0.0281858
-0.172695
-0.0211337
0.00245605
0.00837041
-0.0128418
-0.918019
-0.017202
-0.922883
-0.237857
0.814392
0.00368291
-0.0208654
-0.0116021
-0.24864
0.00114635
0.0320998
-0.0131752
0.537947
-0.202093
-0.056387
-0.0220358
-0.00695799
-0.00790159
0.0668617
-0.145608
-0.0876908
-0.0251519
0.907167
-0.00547559
-0.0202767
0.0154218
1.03622
-0.10677
0.00404643
0.386603
-0.00357884
-0.712302
-0.00330546
-0.868201
0.156912
-0.0240211
0.0277787
-0.0629521
0.0969428
0.00291913
0.557008
-0.080312
-0.000409724
0.0404248
0.00361719
0.0213297
0.0600945
-0.052288
-0.332017
-0.000491011
-0.080966
-1.60809
0.0239662
-0.0325457
-0.010102
0.00709546
0.196899
0.0426571
-0.0151985
0.132919
0.411692
-0.0730297
-0.000673907
-0.0431029
-0.0830714
-0.0202409
-0.0268026
0.00150183
-0.0280123
-0.0139618
0.0065567
-0.0633234
-0.0225987
0.673766
-0.0359463
0.593934
-0.000386785
-0.00948188
-0.00189147
-0.0363429
0.00515384
0.0507336
-0.0646562
0.133312
0.160215
-0.0179042
-0.0073581
1.32733
0.304207
0.0750073
-1.96028
1.00434
-0.0183244
0.976733
-0.747552
0.040064
-0.0295212
0.00120385
0.0249944
-0.0308082
0.559368
-0.0292781
-0.0502906
-0.0360722
-0.0539646
-0.939048
-0.0404289
-0.00222599
-0.0467071
0.0357042
-0.0332001
-0.380906
0.0120779
-0.0370707
-0.000281798
-0.366353
0.000591109
0.00041689
-0.0110062
-0.0240293
-0.0156547
0.173374
0.0713086
0.324205
-0.102781
-0.188683
-0.167218
-2.83051
-0.207307
-0.0400653
-0.000246244
0.00748095
-0.00564271
0.0154092
0.0215194
0.00406632
-0.0127624
0.000922473
0.142143
0.428619
0.337383
0.582379
0.0106662
-0.162495
0.00836653
-0.0423376
-0.0194892
0.0300328
0.449887
0.00387614
-0.0423333
0.0962228
-0.485736
0.365913
0.0577265
-0.0352291
-0.166844
-0.273515
-0.0933701
-0.00836805
0.17068
-0.0132297
0.107543
0.00205619
0.0932062
0.0405491
0.0149639
-0.119367
0.000601028
1.30438
-0.00536148
-0.846711
0.00354734
-0.622165
-0.0195707
0.0224975
-0.0321065
0.375926
0.0343229
-0.0016721
-0.0137574
-0.694574
-0.0401437
-1.51244
0.864922
-0.0187672
-0.174058
-0.0554762
-0.203786
0.0124806
-0.00685008
0.049585
-0.00451905
0.0049552
-0.127908
-0.00573526
0.00467752
-0.00411735
0.43685
0.511776
-0.03856
-0.0249432
-0.0103602
0.119434
0.079866
0.530687
-0.0317782
-0.0443012
-0.0666609
-0.00325612
0.831027
-0.144648
-0.23556
0.262337
-0.0278031
-0.207487
-0.0116926
0.00329313
-0.00732855
-0.422601
-0.00810895
0.236678
-0.0666023
-0.00590171
-0.0863026
-0.0114295
0.361425
0.347217
0.137244
-0.794877
0.0647218
-0.00977903
0.16734
-0.463371
0.114631
-0.11989
-0.187882
0.000170156
-0.0247298
-0.0198364
-0.01072
0.0213944
-0.0249163
-0.414539
-0.165575
1.03979
-0.00965102
-0.00532423
-0.0257934
-0.0619212
0.00563314
-0.0219105
-0.839744
-0.0170765
-0.00367462
-0.000232831
-0.13101
-0.00131816
0.0385115
-0.0215193
0.470052
0.138933
-0.0159706
-0.0410565
-0.0143558
-0.0451506
-0.0484651
-0.00471101
-0.107345
-0.412295
-0.00498787
-0.0120157
0.00265855
0.0142238
-0.0176726
-0.0655203
-0.0780973
-0.178141
0.112612
-0.138771
-0.0381605
-0.049498
0.0108858
0.000523693
0.889205
-0.323039
0.300373
0.0254406
-0.265833
-0.401067
-0.0210151
-0.0746314
1.00157
0.00524006
-0.000300827
1.31038
0.115188
-0.0208429
-0.027538
-0.0814343
-0.000444911
0.0950232
-0.0816563
-0.199551
0.000229725
-0.255364
-0.00856479
-0.00439462
-0.187171
-0.0411588
-0.0148254
0.104833
-0.0305289
-0.0111737
-0.133855
0.00990461
-0.0411036
0.0438163
0.647385
-0.00530842
-0.00977486
-0.129863
-0.0511179
-0.00107799
-0.00402249
0.0362177
0.0692431
-0.0163434
0.000475385
-0.00615208
-0.0148836
-0.20147
-0.30607
-0.0100509
-0.950605
0.175086
0.712102
-0.0259102
-0.00193027
0.135713
0.0247123
-0.0186679
-0.0719219
-0.0237625
-0.000177626
-1.38061
-1.14447
0.0578097
0.55672
-0.00669892
-0.492066
-0.0235911
-0.686441
0.00339366
0.792845
-0.302643
0.20911
-0.615582
0.00474018
-0.0351975
-0.0425649
0.776105
-0.301988
-0.00836797
-0.0212007
0.0566168
2.42111
-0.00441943
-0.0333256
0.112922
-0.0131556
-0.13565
-0.00102134
0.0410451
0.0188344
-0.234848
-0.300299
0.064176
-0.0218016
-0.0144632
0.298313
-0.0105423
-0.00183411
-0.0196568
0.0266049
0.0306949
-0.50672
-0.0581086
0.00290281
-0.190328
-0.0255477
0.109495
0.171655
-0.00169557
-0.0340012
-0.314586
-0.0289963
0.00292689
-0.0135325
0.129119
-0.513788
0.643206
-0.124508
-0.180867
-0.00197853
-0.0234957
0.124185
-0.0186939
-0.00652969
0.158734
0.0100708
0.0608481
-0.0220231
-0.0276095
-0.382329
-0.812858
0.0366681
-0.123865
-0.0139653
0.0886663
0.0479191
0.0581137
0.00223663
-0.0423144
-0.0144113
0.0307429
-0.0870695
-0.0261744
-0.238972
-0.223939
-0.0135736
-0.0921376
-0.0720366
-0.0263728
-0.1638
-0.016345
-0.0331616
2.56536
0.0297437
-0.00823667
0.000597094
-0.0488849
-0.00849433
0.886818
-0.0925788
0.0827908
0.10359
-0.00657124
-0.00354992
0.0254014
1.70399
-0.0295926
-0.0553088
-0.0125596
-0.00439809
-0.204846
-0.329286
0.329337
0.097012
0.0417624
-0.0244993
-0.00361528
-0.00728487
0.013569
0.264493
0.0216018
-0.0106532
-0.0483797
0.118002
-0.0420952
-0.0254403
-0.595486
0.0166821
-0.00854535
0.0513903
0.263928
-0.00830531
0.02182
0.704238
-0.0583418
-0.0413205
0.159764
-0.0479521
0.181027
0.0267845
-0.00421679
0.313266
0.0016802
0.0508099
-0.031662
-0.995114
-1.5674
-0.0456795
-1.27037
-0.014538
-0.310505
-0.0046715
-0.0233594
0.198575
0.0265774
-0.00373179
-0.580648
-0.00304813
-0.00409066
-0.0369949
-0.0803576
0.168413
-1.18775
-0.0633604
0.0127009
-0.0419549
1.20087
-0.000899633
0.100723
0.106594
-0.1574
-0.961041
0.528348
-0.0587744
0.0103804
-0.00155188
-0.0489998
-0.441153
-2.26
0.0490874
-0.156036
0.67171
-0.113082
-0.0330704
-0.129916
-0.0169326
-0.00213198
-0.0105793
-0.030991
0.049108
-0.00704268
0.00476554
-0.404048
-0.00987229
-1.22047
0.170081
-0.190541
-0.0244694
0.455978
-0.00467534
-0.0177346
-0.00508346
-0.0166483
-0.0543907
-0.0018721
-0.0133164
-0.0166796
-0.499384
0.100509
2.26888
0.0548701
-0.00965667
0.232707
0.0241835
0.159891
-0.119603
-0.436314
0.517477
0.691905
-0.0184348
-0.206076
-0.0213233
0.117458
-0.436451
-0.373109
0.00553037
1.50977
-0.0155304
1.68493
0.00664984
-0.148061
-0.0965963
0.0567121
-0.00890246
0.120289
-0.0136112
0.108687
-1.03466
-0.00785297
-0.0868259
-0.0559895
0.0186947
0.0550579
-0.753891
0.0617279
-0.0445658
-0.00334305
-0.014367
0.00359628
-0.0397123
0.0369872
-0.0168021
0.00482894
-0.170424
0.0978899
-0.575302
-0.2768
0.0180946
0.0145558
-0.0116477
-0.0877107
-0.0250598
0.262207
0.0458647
-0.00216213
-0.0272807
0.046588
0.00110189
-0.00727274
0.142374
0.00985968
-0.00722584
0.00461681
0.015017
0.218451
-1.27905
-0.39252
0.187382
-0.0154071
-0.0197117
-0.0577686
0.114587
0.0899266
-0.0338765
-0.955313
-0.00279312
-0.0156109
-0.0373148
0.00769032
-0.0321714
-0.0530257
-0.0136182
-0.0252778
-0.025223
0.00244028
0.00168819
-0.0182851
-0.0126575
-0.0158025
0.1258
0.327194
-0.42618
-0.126463
0.106378
0.0458304
0.278374
0.137598
-0.0440694
-0.0121601
-0.0228673
0.192177
0.130103
-0.038919
0.114415
-0.00692373
0.305222
0.0072315
-0.0030973
1.13895
-0.0229468
-1.14853
-0.467267
1.47707
-0.00550919
0.194965
-0.0176648
-0.664691
0.108077
0.0909941
-0.0403653
0.0086181
-1.4802
0.00126771
-0.374555
0.0593102
-0.254295
0.040925
-1.20481
0.086636
-0.022455
-0.0224001
-0.38816
-0.00254788
0.233062
0.00507376
-0.208911
-0.0243645
-1.05978
0.703954
-0.00399501
0.00427816
-0.00818665
0.24756
0.0197697
-0.280922
-0.0109687
-0.1572
0.592138
-0.68361
0.183268
-0.0184245
-0.00221948
-0.00519963
-0.135777
0.35798
-0.351444
-0.125572
0.060718
0.00264945
-0.121502
-0.386021
0.0231439
-0.121918
-0.0350435
-0.0029597
0.173228
-0.0431704
-0.000591756
0.0338827
0.364634
0.0779446
0.15026
-0.0196072
-0.0472088
0.0137006
0.627048
1.88079
3.73465
-0.0205683
-0.0322868
-0.405059
0.365033
-0.311599
-0.299413
0.0257232
0.0389934
-0.00582836
0.0317194
-0.34304
0.275418
-0.0764982
-1.51276
-0.0982081
0.318681
-0.0199079
-0.0470093
0.000698357
-0.335091
0.266146
-0.0186158
0.0111715
-0.0388537
-0.0582068
4.63916e-05
0.510117
0.0475074
-0.0378171
-0.499945
-0.00196465
-0.010637
-0.55881
0.0394371
0.696582
0.123418
0.00424373
-0.0806952
0.0336526
-0.245302
-0.000476038
0.79918
-0.0381059
-0.0525897
-0.0350718
0.344655
0.0174154
-0.0173256
-0.0187351
0.00269641
-1.23597
-0.016421
-0.268489
-0.522293
0.126761
-0.0958495
0.019263
-0.0149039
-0.0199623
-0.0143972
-0.014428
0.486083
-0.409264
-0.0146288
-0.142921
0.0245723
-0.0677597
0.0280376
-0.0258089
0.00627252
0.0636845
-0.000217397
-0.0468605
0.014651
0.254267
-0.924832
-0.00865435
-0.0110888
-0.0257502
-0.0232993
-0.240972
-0.0621229
-0.0640494
-0.707469
-0.0201706
-0.0333904
-0.106488
-0.0217975
-0.010542
-0.164977
-0.164379
-0.0186704
-0.526643
-0.0334572
-0.0755505
-0.0508193
-1.94989
-0.0036923
-1.53488
-0.0364961
-0.472452
-0.188844
-1.17214
-0.00283292
0.0999529
-0.120592
-0.0180652
0.064577
0.0225834
-0.332822
-0.0205799
-0.0381313
0.167912
-0.00796813
0.00915983
0.250891
-0.346893
-0.269169
-0.0343755
-0.0358097
-0.0176423
-0.0260338
1.34258
0.00189078
-0.875082
0.012468
0.0391949
0.00183519
0.00791684
-0.00493672
0.145791
-0.028719
-0.178385
0.278133
0.962185
-0.143685
-0.0163177
-0.37349
-0.00256596
0.144093
-0.00246035
-0.734676
0.163467
0.058819
0.0424108
1.32856
-0.0303382
-1.21883
0.554445
0.00382698
-0.945191
0.00208116
-0.124574
0.047048
-0.00239672
-0.0412291
-0.506807
-0.0231289
-0.17557
0.083884
-0.0399113
1.7277
0.228668
-0.00440646
-0.263553
1.08356
0.113046
0.00432705
-0.381409
-0.246857
-0.000220896
-0.114797
1.88065
0.181584
-0.275314
-0.00600412
-0.0283577
-0.112649
-1.08078
-0.0792223
0.00312462
0.0192478
-0.0191084
0.0039229
0.000424155
-0.0205959
-0.0477841
0.00235017
-0.0218906
0.0284674
0.00352312
0.0694285
0.00463148
-0.0298496
-0.0297785
-0.00983113
-0.00447536
-0.00282189
0.0206787
-0.0346205
0.00799667
-0.0184699
0.0072355
-0.295099
-0.00290181
0.000657673
-0.396719
0.170216
-0.0074376
-0.0489532
-2.0189
0.317747
-0.0992062
0.0368164
0.0514242
-0.0106972
-0.0072386
-0.0319892
-0.0200461
0.0594645
-0.0219416
-0.0110111
-0.0336456
-0.0350329
-0.00310365
0.200162
0.210089
-0.115136
0.524448
-0.347495
-0.0281109
-0.0263176
-0.0785712
0.0243763
-0.0416632
-0.0179335
-0.00123775
-0.62457
0.103366
-0.0601953
-0.0267555
0.127571
-0.00683905
-0.00808287
0.0201264
0.0028417
0.0278611
-0.0855183
-0.00774799
-0.187626
-0.0141732
-0.174453
-0.082589
-0.00975896
-0.0474961
0.150591
-0.0544985
0.0124115
0.0277579
-0.181456
-0.00645066
0.0081202
0.0587433
-0.0527936
0.00498032
-0.847174
-0.0297025
-0.021911
-0.440118
-0.0311684
-0.016806
0.00103684
0.646349
-0.0151027
-0.567259
0.00333981
-0.00345742
0.00184424
0.000697241
-0.196961
-0.0164568
-0.011306
0.204886
-0.0745179
0.0163802
0.128735
-0.369071
0.00883769
0.145672
-0.018389
-0.0214563
-0.00370525
0.106276
-0.000656725
0.0467145
0.944388
-0.0278269
-0.02258
-0.16104
0.959975
0.0739472
-0.0112761
-0.188617
0.00209529
0.0466979
1.93903
0.00836175
0.00964546
-0.0208558
-0.15436
0.104477
-0.113108
-0.0123
-0.287391
-0.464159
-0.0257875
0.0798989
-0.112566
0.286884
-0.365129
0.0384385
-0.257204
-0.0313158
0.202542
0.0225929
-0.0130776
-0.140322
0.0408719
-0.572446
-0.0339696
-1.88008
-0.341063
-1.88172
0.00207737
-0.0917179
-0.293516
-0.012764
0.529293
0.366244
0.00206173
0.59276
0.0201908
0.49587
2.47256e-05
-0.0624103
0.100563
-0.504167
-0.0261676
0.14985
0.0238579
0.00997761
0.0406903
0.018381
-0.16229
-0.371214
-0.0611102
-0.0108618
-0.00911238
0.00685416
0.00293946
-0.00978551
-0.405888
-0.111409
-0.00146953
-0.152009
-0.0137836
-0.00346739
0.0121539
-0.0691751
-0.022271
-0.0867683
-0.0366318
-0.036452
-0.000207276
0.00643665
-0.217363
0.00525576
0.00971873
-0.0524288
0.102384
0.0932044
-0.00242009
-0.0228685
-0.00252348
-0.0622475
-0.388344
0.073258
-0.164535
-0.0138356
0.121607
0.105899
0.0278066
-0.374629
-0.012996
-0.163632
-0.215368
-0.030915
-0.0242319
-0.216919
-0.422847
-0.195807
-0.00202132
-0.010892
-0.169718
-0.46178
-0.0152085
-0.0185578
-0.0597475
0.0654744
-0.0347404
0.0181699
-0.0503163
-0.1593
-0.38226
-0.020541
-0.0775418
-0.0163583
0.00544752
-0.104485
0.000513413
-0.0241172
-0.0270805
-0.349715
-0.0178101
0.0452341
-0.375055
-0.47802
0.0672745
-0.0382027
-0.0261419
1.9981e-05
-0.941522
-0.00257727
-0.028314
-0.0262281
0.0528373
-0.000419598
-0.0701315
0.17828
0.00962579
-0.0284457
0.121216
-0.0472543
0.346062
-0.0326271
-0.0133375
1.51609
-0.0368823
-0.046433
0.0703875
-0.0254057
-0.490922
-0.0167765
-0.127458
0.00211706
-0.0368463
-0.0281261
-0.219986
0.28478
0.531975
-0.00161799
-0.131335
-0.440166
-0.0335229
-0.0205995
-0.0091589
0.0227185
0.235064
-0.0237967
-0.026288
-0.00402644
-0.0422262
-0.374373
-0.00300044
0.370615
0.0540241
0.00193812
0.052106
0.00577528
-0.0488571
0.0233726
-0.00858247
0.0942852
-0.00178135
0.430843
-0.0730831
-0.0165186
-0.278762
0.000467614
0.0159241
-0.0241594
-0.020972
-0.941188
-0.758362
-0.0352962
-0.0133336
-0.035505
-0.0162382
0.208433
-2.19296
0.00500249
-0.00704974
-0.175412
-0.0408014
-0.0416896
-0.000699686
0.0294182
-0.100498
-0.0217502
-0.372563
-3.1921
0.0430524
-0.161057
-0.00332658
-0.531668
-0.0311605
0.115054
0.48181
-0.00114052
-2.08798
-0.0763326
0.273458
-0.0335679
-0.0235359
-0.0433313
0.00639799
-0.0998278
0.0117856
-0.00592045
0.00741401
0.0256227
0.0278865
0.16489
-0.0431817
0.569276
0.00257793
1.11899
0.143705
-0.47889
-0.00499875
0.0840718
0.0104029
0.135932
-2.03085e-05
0.0321669
0.00335497
0.234426
0.00298549
-0.0151391
0.583157
-0.074792
0.039989
0.096726
-0.0474667
-0.00873226
0.650431
0.0395494
0.00513011
0.0458514
0.0488755
-0.451778
-0.0158735
-0.00888904
-0.000208594
-0.0531949
-0.00139218
0.00919836
-0.014844
-0.0100816
1.52137
-0.636807
0.0278715
-0.0404436
-0.0532878
-0.000214075
0.0108814
0.0104435
-0.100612
-0.0821726
1.9679
-0.021467
0.000599035
0.00185912
-0.01407
0.0147525
0.0582072
-0.108861
-0.0193712
0.00729675
-0.563962
-0.039513
0.0436519
0.0180989
-0.0760462
0.00114221
-0.0146466
-0.126887
0.395235
-0.0269804
0.0339068
-0.0397358
0.523652
0.0622425
-0.218447
-0.0198405
-0.0460428
0.0890789
-0.0521589
0.00766064
0.00260489
-0.0404219
-0.544697
0.0271772
-0.0778287
-0.0053419
0.00251826
0.980704
0.0230415
-0.186146
0.120116
-0.027221
0.153472
0.243907
-0.129522
-0.00233885
0.00832422
-0.050261
-0.00205389
-0.151739
-1.37116
-0.0218562
0.695148
0.0188966
-0.0375217
0.0234556
-0.0263963
-0.0186622
-0.0160186
-0.0750386
-0.0422885
0.464179
-0.03822
-0.0202117
0.00595092
-0.163167
-0.0576437
-0.01731
-0.0548844
-0.0975715
0.154304
0.017894
0.0199592
-0.076925
-0.285519
0.0377616
0.424157
-0.0611805
0.0951897
0.506352
0.213007
-0.299834
-0.0466331
-0.303702
0.143363
0.00209348
-0.00182165
-0.371648
0.0540575
-1.0967
-0.21067
-0.0482632
-0.00205266
-1.74876
-0.0366651
-0.00845003
-0.431551
-0.0021116
0.0646406
-0.612243
-0.000533929
-0.0238598
-0.0160021
0.0887223
0.304869
-1.49021
0.0502536
-0.00276429
0.0100726
-0.222267
-0.511716
-0.163512
0.0533505
0.103416
0.0252686
0.182592
0.0132779
0.774403
-0.0197407
0.00167563
-0.044599
-0.057576
-1.42497
-0.0216287
-0.00457004
-0.00876158
0.0118145
0.000921295
-2.09132
0.0506294
-0.0121245
0.00466276
-0.0136415
-0.493407
0.0695392
-0.0159884
1.04217
-0.0384693
-0.202083
-0.0270206
-0.108508
-0.0719873
-0.229548
-0.452012
-0.0254894
0.0924242
-0.114067
-0.271224
0.75189
0.0205823
-0.0109753
0.0109575
-0.208658
-0.014742
0.00925007
-0.0128446
-0.00324135
0.0668224
0.00135878
-0.032384
-0.00221232
0.0487284
-0.132861
0.00496103
0.030865
-0.0213255
-0.000410064
0.0107561
-0.00495112
0.176995
-0.00673118
0.00066128
-0.0203768
0.0278074
0.460247
-0.619152
-0.0620773
-0.0451225
0.558844
-0.0347448
-1.09777
-1.4064
0.541532
-1.14011e-05
-0.00298728
0.00962016
0.275515
-0.0642929
-0.0376109
0.041812
-0.016232
-0.015695
-0.0331791
0.0748799
-0.0149962
-0.0281264
0.0241847
0.342462
0.0760484
0.00127926
-0.0128165
-0.0772004
-0.0028621
-0.357634
-0.00512245
-0.0818541
-0.0136249
0.700632
-0.00255606
1.4218
-0.0154701
0.0327578
0.0672566
-0.366731
-0.210109
0.000481039
-0.243983
-0.000725762
0.874445
-1.02768
-0.335354
-0.976999
-0.0851316
-0.331848
1.08667
0.192344
-0.213855
0.0631534
0.0429814
-0.0412109
-0.0286837
-0.145944
-0.00790182
0.227753
0.221316
0.0335713
0.0178243
0.0856919
-0.372999
-0.00180907
-0.0336844
-0.0172797
-0.357451
0.0183043
-1.44655
-0.00183255
-0.31682
0.621292
-0.0169585
-0.0178258
0.0835936
-0.0334105
-0.0860596
0.000219572
-0.354657
-0.019698
-0.0433284
-0.0453624
-0.0557093
-0.0229584
0.168053
-1.93478
0.0570394
-0.0359475
0.0291464
-0.0158425
0.0754873
0.0428826
-0.0193772
0.118123
-0.0393203
0.0664266
-0.270213
0.00152996
0.0049327
-0.330454
-0.0635106
0.375062
-0.0341758
0.0114091
0.223411
0.490557
0.00672183
-0.0241244
-0.0739607
-0.297998
0.0283149
-0.348013
0.180933
0.809594
-0.0116397
-0.0316658
-1.26794
0.0260074
-0.0420203
0.332218
-0.0576039
0.00011909
-0.0310472
0.254632
-0.0125014
-0.0341302
-1.254
-0.00192431
0.0026643
-0.00664704
-1.16069
-0.0329592
-0.0180422
-0.00647327
0.107121
0.0566953
-0.142632
0.0568862
0.00582331
-1.41947
-0.0371486
-0.0891033
0.0522799
0.0279291
0.0170253
-0.654823
-0.016236
0.0105563
0.17847
0.0312301
-0.379412
0.0127497
-0.391898
-0.269267
-0.0428386
0.0592397
-0.0709717
-0.496266
-0.020014
-0.0684017
0.0272931
0.0890961
-0.0224894
0.196285
0.136503
-0.00828143
0.521613
-0.141537
-0.437886
0.0143059
-0.00522691
0.00935502
-0.027816
0.154943
-0.0296757
0.448809
-0.132645
-0.0177502
-0.000248381
-0.0203232
0.000720548
0.0437159
0.00613939
0.0730806
9.65255e-05
0.00107955
-0.00778678
-0.0233551
-0.024364
-0.0576366
-0.0124166
0.00173898
-0.00110757
0.00376648
0.167783
-0.0097418
0.0121655
-0.0107434
0.152211
-0.00840272
0.00233868
0.00674724
-0.247009
-0.0333866
-0.008271
-0.0117354
-0.00769752
-0.444432
-0.328255
-0.0434458
-0.0687068
-0.146343
-0.0273059
-0.0262776
0.219527
-0.0681804
-0.00137696
-0.0153598
0.114232
0.104419
1.3212
-0.711032
-0.0317892
-0.00055588
-0.326567
0.00496492
-0.00567167
0.0572051
0.0589106
0.0789783
0.0318491
-0.0869141
-0.0316387
-0.0906384
-0.0825187
-0.125896
-0.0216111
-2.14253
0.252118
0.907207
-0.627272
-0.634065
0.756517
-0.880959
-0.037799
-0.00930825
0.0917266
-0.000945765
-0.0558315
-0.0977851
0.128292
-0.263181
0.012945
-0.105768
0.0472259
-0.0312411
-0.275401
-0.0351936
-0.0442295
0.0178021
0.00203425
0.132712
-0.0378046
-0.602795
0.0458539
-0.115148
0.0593514
0.0165206
-0.0236126
-0.0381589
0.86453
0.658101
-0.125966
0.116081
-0.00296909
0.79276
-0.0598315
-0.255119
-0.0335493
-0.204834
0.90634
0.00121542
0.236565
0.150158
-0.175144
-0.622427
-0.0802864
0.138826
0.778723
-0.0404184
0.181438
-0.0978577
-0.38402
-0.156743
0.0190401
-1.65215
0.574381
-0.0175492
-0.0149893
-0.0394624
-0.0100067
-0.00585691
-0.00148369
-0.0740335
-0.0247812
-0.000163896
-0.132134
-0.0964467
-0.143346
-0.0147134
-0.0187727
-0.021407
-0.107117
-0.288653
-0.0144194
0.0917736
0.129998
-0.0744986
-0.466281
-1.27773
0.0565996
-0.00148444
-0.335316
0.532404
-0.123392
-0.0347711
-0.0208747
-0.0209654
-0.00918636
-0.0234557
-0.017281
-0.848716
0.0968321
-0.0103808
-0.094569
-0.0662728
-0.0360147
-0.203482
-0.0164146
-0.0167869
-0.123449
-0.00982646
-0.00383778
-0.0212879
-0.0259402
-0.018699
-0.0132777
-0.0522149
0.0172732
-0.904445
-0.976046
1.24732
-0.00647212
-0.0637819
-0.02712
-0.0313937
-0.0191723
-0.447576
0.0524166
-0.00274932
0.0135315
-0.00747845
0.930866
-0.0220655
-0.0183321
-0.067612
0.0115375
0.337386
-0.00826871
-0.497504
0.0381162
-0.00843785
-0.0526877
-0.0452569
-0.0751007
-0.418812
-0.000253441
-0.00711179
-0.017429
0.0137342
-0.0272009
0.00874844
-0.019496
-0.0818788
-0.29001
0.197088
0.0344596
-0.0130771
0.316453
0.0774104
-0.226454
-0.00186931
-0.178185
-0.0124873
-0.0153057
-0.220232
-0.0201318
0.00562654
-0.0737992
0.433479
-0.00514457
0.0344823
-1.49353
0.326688
0.234284
0.0788129
-0.0489085
-0.557697
-0.0103688
-0.0312991
-0.231639
-0.0549762
-0.0131453
-1.13741
-0.00153189
0.468362
0.0136678
0.00962334
-0.232236
0.0679441
-0.130396
-0.102418
0.291055
0.0351582
-0.000175103
0.425393
-0.0173921
0.00340007
-0.177911
0.000669951
-0.0509
0.216307
-0.010226
0.653002
-0.028538
-0.250372
-0.956935
-0.0204826
-0.152428
-0.0127626
-0.103945
0.877376
0.00162934
-0.023063
-0.0331342
-0.0188669
0.0652225
-0.229812
-0.105825
0.0033179
0.40671
-0.0118544
-0.00844816
-0.00836988
-0.367128
-0.00438017
-0.0022328
0.00118885
-0.496126
-0.0262124
-0.121702
0.0327167
0.073833
-0.318779
0.0719316
0.00287686
-0.0395999
0.11997
-0.0108771
0.00115326
-0.000512359
0.106302
-0.0502264
0.00510342
-0.275338
0.0266591
0.282301
-0.0115363
-0.0217434
-0.110476
-0.00412174
-0.0131446
-0.073369
-0.00279699
-0.0780517
-0.210176
-0.0127552
-0.00409539
0.0855688
0.611098
0.103918
-0.0265821
-0.0261929
-0.0651196
0.0142885
-0.995723
-0.228442
-0.0290609
-1.05039
-0.227503
-0.0253015
0.0858413
-0.0446521
-0.0247545
-0.813209
-0.595974
0.02785
-2.05139
-0.121092
0.0816373
-0.224876
-0.473276
0.00870885
-0.000656765
-0.00056478
0.0816418
-0.00778444
0.731123
-0.0414544
0.0428283
-0.040318
-0.00393316
-0.0196437
-0.975273
-0.0108266
-0.0327976
-0.0540045
0.0321665
-0.0974439
-0.0366229
0.0358608
0.249889
-0.0321712
-0.241235
0.231847
-0.00941945
-0.0610605
-0.0274101
0.127148
0.00666135
-0.0107184
0.0166558
-0.035161
-0.0113683
-0.0893066
-0.827724
-0.0227379
-0.0550318
0.0157594
0.081481
-0.0349187
-0.059588
1.56722
-0.000124253
-1.15672
-0.0791402
0.0431616
-0.0235815
0.0362229
-0.00927898
-1.50431
-0.111198
0.00266571
-0.0381494
0.0458018
0.272477
-0.0533267
-0.393147
-0.00225154
-0.907662
0.647132
-0.955395
-0.143468
-0.0363171
-0.0474296
-0.0217724
0.250289
0.0638707
-0.0145839
0.100721
2.11833
0.0167267
-0.0285561
-0.354038
0.0198413
-0.0145993
-0.061945
0.444661
-1.11389
1.06197
0.247136
-0.213125
-1.35179
0.304299
-0.00216316
0.0145935
0.154171
0.289582
-0.0803391
-0.216169
-0.24015
0.640062
0.00241425
0.16691
0.0187631
-0.0659645
0.0687141
0.224325
1.08684
-0.143566
0.0194934
0.146748
-0.0751076
-0.0709712
2.20227
-0.0387865
0.184033
-0.0191472
-0.00445451
-0.0470751
-0.0047209
0.925662
-0.00344649
-0.0213581
-0.0988849
-0.00701579
0.0197526
0.00201195
-0.033199
0.290633
-0.0562699
-0.0235771
-0.0278969
-0.00363987
-0.0475889
-0.000741112
-0.0598582
-0.379131
0.000695266
0.0363068
-0.060052
-0.212341
0.0034447
-0.092581
-0.0326278
1.25016
-0.000330749
-0.0790603
-0.00165629
0.0405117
0.0296709
-0.0214222
-0.0431225
-0.000146612
-0.0930181
0.0856338
0.00129984
0.100673
-0.585822
-0.123752
-0.00478549
-0.0034576
-0.093134
-0.0139228
0.983748
-0.0181605
0.00531601
0.349224
0.00903718
-1.56638
-0.647051
0.196113
0.000718681
-0.0195325
-0.0861223
0.0225051
0.232469
0.0298416
-0.359556
0.177949
-0.159201
-0.594457
-0.675898
-0.033609
-0.288774
-0.044134
0.0343414
0.455644
-0.599618
0.323327
1.4582
-0.0115308
-0.240727
0.0669534
-0.0508336
-0.0187417
-0.0528909
-0.853912
-0.0236114
0.0139968
0.040795
0.0853756
-0.0689554
-0.0247332
0.518776
-0.0225717
0.00190574
-0.027013
0.00632851
0.0182519
0.00511269
-0.00347444
-0.0385123
-0.0698391
0.0158527
0.00276494
-0.0667964
-0.113868
0.179441
-0.0275105
1.47168
0.0029768
-0.012323
-0.323294
-0.0224949
0.0245799
-0.0162591
-0.114414
-0.0208164
0.106794
-0.0263187
0.00990481
0.00123888
0.00107381
0.063143
0.0870797
0.784051
0.0199304
-0.120979
0.524923
-0.0337456
0.00299826
-0.0229667
-0.0683062
-2.12242
0.0263541
-0.016779
-0.0221226
-0.0704469
0.265383
-0.128608
-0.00107838
0.709946
-0.220222
0.116449
-0.00145662
-0.224041
-0.0346048
0.120152
-0.00336408
-0.0558696
0.0282711
-0.107984
0.00324432
-0.0338021
0.251981
-0.0137484
0.0281161
-0.0638136
-0.00438183
-0.0114375
-0.00350333
-0.0113327
0.00234351
-0.0110302
0.520241
-0.0783526
0.373427
-0.147164
-0.222507
-0.00531927
-0.0284508
0.288838
-0.0243653
0.113331
-0.0342185
-0.0253816
-0.00202673
-0.00429137
-0.35909
-0.0175383
-0.0142861
-0.0130564
-0.00456153
-0.520428
0.579466
-0.570713
-0.0200009
0.451141
-0.237497
-0.00299008
-0.146424
-0.00101333
-0.0253993
-0.107003
-0.00774976
-0.00629791
-0.0371227
-0.22125
-0.0223766
-0.123563
-0.126641
0.582492
-0.235131
-0.00786685
-0.066087
0.858538
0.497362
-0.173621
-0.000420206
0.0224332
0.354022
1.60103
-0.0310799
0.0198028
-0.358054
-0.0242315
-0.00338199
0.930135
0.000172248
-1.04057
-0.158642
0.27376
-0.0197484
0.203954
0.0509204
0.000232751
-0.0118216
0.00198191
-0.204705
-0.0238977
0.197621
-0.0222033
-0.0113128
0.161386
-1.15236
-0.0137081
0.768882
-0.0292595
0.147021
-0.0553917
0.284539
-0.127745
-0.00123539
-0.0268017
-0.00270957
0.00129826
-0.00664878
-0.0681926
-0.00451679
0.770698
-0.0202375
0.0744384
0.108077
-0.0233078
-0.0669426
-0.103404
1.56834
-0.00565116
1.67417
-0.370524
-0.0311632
-0.012548
0.361817
-0.16204
0.0514612
-0.147393
0.0474156
-0.0569044
-0.0275289
0.0498154
0.273117
-0.00856984
-0.538103
1.77966
-0.479502
0.0745689
1.19158
-0.013321
-0.0329741
1.03207
0.0306704
-0.00326866
0.0523119
-0.0778179
0.0197888
0.0694148
-0.0195875
-0.0170768
-0.0239741
9.34818e-05
0.0243341
-0.00205984
0.00472931
-0.0533796
-0.542496
-0.00460541
-0.601832
0.00454674
-0.0450365
-0.0364935
0.0016512
-0.212165
3.50388e-05
0.613242
-1.45819
0.849309
-0.0145562
-0.0183517
-0.377744
-0.113606
-0.254507
-0.0313267
-0.0315931
0.0106023
0.912855
-0.0875374
-0.0659001
-0.027164
-1.70427
-0.11325
1.52645
-0.00886966
0.0596544
-0.705111
-0.14802
0.231637
-0.0123825
0.0169802
-0.0667108
0.0581605
-0.0355371
0.0190189
0.0202613
-0.0323066
-0.130005
-0.0164188
0.196955
-0.0275359
-0.0307758
-0.0736501
-0.0300292
-0.36994
0.0153616
-0.00879515
1.23518
-0.0119236
0.0342339
-0.0327336
1.3125
-0.056401
-0.00971526
1.04007
0.0364755
-0.00328126
0.0311527
-1.42645
-0.0209697
-0.0473738
0.00900748
0.0683278
-0.048096
-0.114037
0.0311457
-0.0138571
-0.191062
-0.0937352
-0.046682
-0.00825736
-0.166823
-0.000396989
-0.0268973
1.45253
0.828629
0.0577941
0.380428
-0.0558083
-0.0418057
-0.236233
-0.13084
0.52117
-0.30477
0.564647
0.0338293
-0.0175172
-0.313698
-0.09166
1.25579
-0.0300931
-0.0529214
-0.000485381
-0.00486892
0.0123258
-0.907441
-0.037479
1.23626
0.146083
0.243822
-0.0449604
-0.0006704
0.0452238
-0.00656593
-0.0214503
0.0976562
-0.026355
0.0840253
0.718716
-0.026676
-0.0405225
0.0291841
-0.606725
-0.0349848
0.0599721
-0.0154766
0.057217
-0.00303221
0.0157125
0.63706
-0.236916
-0.189542
-0.0371379
-0.0302265
0.0023299
0.766165
-0.00445523
0.192387
-0.219906
-0.0556522
0.194997
-0.0570235
-0.0762663
0.0359005
0.0040492
-0.0161909
-0.646432
0.428787
0.346921
-0.0531018
-0.0340788
0.0321964
0.120962
-0.0512522
-0.184885
0.149375
-0.00705026
0.00847627
0.0414132
-0.0263965
0.116765
-0.773448
0.63141
0.00110375
0.0216597
0.260936
0.00446224
0.00351848
-0.0296383
0.02841
-0.111651
0.0529651
-0.0086857
-0.0983613
-0.0161508
-0.102191
-0.00903027
0.026719
0.00196873
-0.344414
-0.06521
-0.0347769
-0.666662
-0.378708
0.0294133
-0.855791
-0.0227259
-0.0318883
-0.030043
-0.03053
0.463125
-0.0158296
-0.0337937
-0.548986
0.054893
-0.142166
0.401451
-0.00905527
-0.0155568
-0.0274659
-0.00257811
-0.0349979
-0.0419067
0.0165211
0.16739
0.326492
-0.000860064
0.421125
-0.0637779
0.0295023
0.00364458
-0.0675725
0.0488246
-0.341725
-0.0163717
-0.00750793
0.0328805
-0.0124889
0.0826727
-0.472177
0.0400267
-0.029508
-0.100786
0.0249469
-0.00358924
0.505602
-0.649996
-0.0224647
-0.0723114
0.6773
-0.0324838
-0.03978
-0.364694
-0.0178424
-0.0218814
-0.00532105
-0.0129222
0.000355603
0.240041
-0.027121
0.436872
-0.277168
-0.0683863
-0.0699894
-0.000663336
0.545092
0.262958
-0.0362664
-0.00536462
0.136652
-0.187128
0.118399
-0.0165332
-0.198437
0.250368
-0.000712037
0.049608
-0.051711
-0.00845276
0.00544969
-0.0300031
-0.616141
0.00562042
-0.0230263
0.552361
-0.000570255
-0.00929032
0.162931
-0.0840323
-0.0496661
0.0226349
-0.0112217
-0.0228399
-0.0074196
0.544705
-0.125374
0.00362505
0.250282
-0.00540864
0.100025
0.0925564
-1.81888
-0.00492644
-0.0986038
0.0293422
-0.0104722
-0.00765446
0.0890975
0.0147756
0.00739542
0.319146
-0.0243963
0.432574
0.031641
-0.0473318
-0.753776
-0.0338151
0.00478083
0.0117313
0.173637
0.0665039
-0.011279
-1.40714
0.943024
-0.000939246
-0.0241122
0.280754
0.0149447
-0.0364997
-0.00619965
0.322782
0.00754615
-0.904748
-0.616118
-0.141913
-0.0171871
-0.00213986
0.0878447
0.00374577
0.0392831
0.0667818
0.643349
-0.157117
-0.0305693
0.172442
0.089332
0.0899619
0.0040585
0.259894
-0.770549
-0.0791539
-0.0305094
-0.00035814
-0.014674
-0.0722458
-0.0112387
-0.00985863
-0.037599
-0.133011
0.151269
0.0185216
0.0429247
0.0817344
-0.197653
0.176121
-0.190813
0.403073
-0.206065
-0.0145055
-0.00383747
-0.100997
-0.033472
1.49306
-1.01584
0.0610021
-0.0755595
0.00462365
-0.00300501
-1.15366
0.0648232
0.174228
0.409109
0.0458958
-0.00265188
0.000652295
-0.437233
-0.147933
0.00222014
-0.0338836
0.424717
0.0243049
-0.0437637
0.75233
-0.759057
0.327339
0.0769534
-1.97363
-0.071199
-0.000399174
-0.00824409
0.0847732
0.135808
0.854335
-0.0019581
-0.022025
-0.0928715
-0.0218163
-0.00574423
-0.141047
-0.540476
-4.66171e-06
-0.0186449
0.0994561
0.490934
0.0173636
-0.372608
-0.108155
-0.194174
-0.0844884
0.100335
-0.0020213
-0.161253
-0.114495
-0.0253612
0.00611994
-0.0154631
-0.0421478
0.00586911
0.111101
-0.000539505
-0.0236432
0.00415962
-0.377719
0.0301191
-0.100427
-0.00809901
-0.0264044
0.375737
-0.0223542
0.0189172
-0.305979
-0.09188
-0.151737
0.00255292
-0.0210405
0.0682102
-0.0276874
-0.0470887
0.467082
0.0714589
-0.0993875
-0.523335
-0.0332167
0.0066708
-0.330557
-0.128087
-0.18759
0.00310086
0.460069
-0.133352
-1.92679e-05
-0.00990335
0.581371
-0.101501
0.0132058
-0.428847
0.00566695
0.0169274
-0.0187697
-0.337324
-0.147167
-0.0349478
0.0105268
0.0825519
-0.0214441
0.10644
-0.588627
-0.00668144
-0.00410175
-0.00269835
-0.161485
-0.0180816
0.659948
0.0170724
-0.700005
0.0485956
-0.400672
0.0312823
1.16167
-0.00595662
0.415953
-0.118881
-0.00240659
-0.273949
-0.0268676
-0.030128
0.417726
-0.00941461
-0.00885035
0.00123531
-0.142344
0.59921
-0.136285
-0.122451
-0.11158
-0.0534853
-0.0549155
-0.0816941
-0.163082
-0.032335
0.00135001
-0.0446982
-1.23881
-0.029375
-0.00561284
-0.301545
0.0111328
0.00610874
-0.172081
0.00284098
0.128773
-0.0610644
0.252045
0.238374
0.0666067
-0.00991777
0.0136497
0.0546937
0.33637
-0.00116808
-0.113663
-0.191485
0.0290579
0.0292803
0.0377229
-0.0048713
0.15668
-0.00467964
-0.00130993
-0.0171179
-0.0225997
0.902287
-0.00664749
-0.213748
0.0672657
0.0668586
-0.0532895
-0.0352758
-0.713913
1.21497
-1.42485
-0.318974
0.0115336
-0.0417041
-0.00236121
-0.0265909
0.0109761
0.0106629
-0.43707
-0.0118177
0.695112
-0.00481796
1.11908
-0.0685967
-0.0394753
0.090618
1.1829
-0.610875
0.0201129
-0.0206614
-0.00129367
0.0431461
0.0460253
0.00208081
-0.0934923
-0.045947
-0.0292922
-0.0722262
0.00133904
0.0283134
0.0678959
0.248662
0.0214916
-0.0292834
0.100819
0.0817205
0.0414846
-0.133037
0.0362574
-0.0117481
-0.105346
-0.0450914
0.0103918
0.0954492
-0.0993578
0.0542066
-0.000121831
-0.0187747
-0.0267303
-0.214643
-0.047959
-0.403316
0.0460988
-0.181501
-0.0338169
0.0247621
-0.0206813
-0.606259
0.0506769
-0.0428103
0.00192734
-0.0203095
-0.0509568
-0.231251
-0.0770307
0.309455
0.209119
-0.0388576
0.00119476
0.686477
-0.0222061
-0.0146046
-0.00850451
0.00502646
-0.000534607
-1.10496
-0.0272909
0.0883296
-2.11945
-0.0158969
0.829864
0.0649883
-0.0647392
0.493805
-0.0151998
-0.00403399
0.0189199
-0.679812
0.111538
0.0939376
0.0263727
0.0603853
-0.0430941
0.271806
-1.43229
-0.751931
-0.0357398
-0.0115854
-0.0993247
-0.0301831
0.00189579
-3.91668
0.716783
0.00109475
-1.357
-0.0394427
0.00718973
0.0602549
-0.0295663
0.207762
-0.055753
0.00407802
0.000242743
-0.0283176
1.14435
-0.252681
0.324645
-0.0189119
-0.0294644
0.00269433
0.40771
1.76283
0.0383255
0.534869
2.57377
-1.13255
-0.0411095
0.0043445
-0.000870202
0.0180117
0.283413
-0.0794769
-0.00785086
-0.00637857
0.00116968
0.00726578
0.0347211
-0.0110049
-2.40976
-0.908721
-0.000957786
0.495468
0.170051
0.0218332
0.118333
-0.0273994
0.415895
0.848673
-0.207866
0.00111819
-0.0551518
0.184954
0.0520178
0.0153609
-0.0200101
-0.0377965
0.0565997
-0.837598
-0.502242
-1.26292
-0.0644772
0.0779186
-0.145623
0.00469789
-0.00860454
0.394517
-4.18929e-05
0.0347878
-0.0236729
0.950208
0.900217
-0.0180474
-0.105882
-0.248977
0.00202886
-0.00749034
0.0020365
-0.00448187
-0.0137824
0.412215
-0.0316182
0.0431036
-0.0548454
0.322124
-1.14598
0.0541094
-0.00201577
0.00931498
0.000762604
0.0274411
0.0241749
0.0917302
-0.0221541
-0.122239
-0.0308991
0.702805
0.286696
-0.0278674
-0.0279045
-0.0419875
0.125243
-0.0257653
-0.0160748
-0.606325
-0.747704
0.0738959
0.00117997
-0.0151707
1.35945
-0.0495542
-0.596427
0.800564
-0.0292738
-0.00905853
-0.0189039
-0.148075
0.341715
0.0574227
-0.0323482
-1.28497
-0.0251133
-1.45509
-0.013967
-0.0593687
0.00231244
-0.30134
0.179869
-0.0867088
0.095916
-0.0787515
-0.0191043
-1.64477
0.00963373
1.71415
0.0900695
-0.255184
-0.0460126
0.302051
-0.0476414
0.0100418
-0.621791
0.0175528
-0.0734845
-0.0240692
-0.00158773
-1.44631
0.1149
0.00832521
0.112768
0.0680625
-0.0638038
0.218274
-0.0902641
0.00783759
0.0194964
0.0084862
-0.416267
0.000359392
0.370972
0.437799
-0.995637
-0.0461497
0.883125
0.192207
0.00618553
-0.017812
-0.0257861
0.0444368
0.010207
-0.13788
2.67457
-0.00902416
0.0548089
-0.0080046
-0.290911
-0.00518119
-0.422211
1.36775
-0.0886888
-0.0302794
1.18403
-0.043813
0.196834
-0.365315
-0.0136342
0.477561
0.000762834
0.00256785
0.0335944
-0.000961133
-0.0242516
-0.0169307
-0.0139054
-0.0112978
-0.131596
0.522582
-0.0214908
-0.099092
-0.0260484
0.00982141
-0.8723
0.327907
-0.067803
0.0251447
0.0329707
0.210772
-0.00962363
-0.0208474
-0.186748
-0.0285261
-0.117346
-0.396408
0.197045
-0.192225
0.0374316
0.520193
-0.0787326
-0.00427575
0.290477
-0.0814001
-0.0083433
-0.0076464
-0.0301568
0.00496624
-0.243486
0.00757153
-0.0461804
-0.0478658
-0.00545271
-0.0222187
1.29154
-0.031819
-0.0443016
-0.0391966
-0.0248767
-0.540489
-0.0287384
-0.0259161
0.0988632
-0.0264233
-0.00253948
-0.0288585
-1.22306
0.214477
-0.0226215
-0.0434239
0.0628173
-0.32319
-0.00114985
-1.1287
0.0993879
0.0678385
-0.0551546
0.0319337
0.0898317
-0.0398282
0.298621
0.0118001
-0.0251554
-0.114865
-0.00652468
-0.158097
-0.711497
-0.176899
0.425456
-0.313111
-0.00382844
0.00218087
-0.0086099
0.253971
-0.384352
-0.00223379
-0.0118941
-0.016692
0.00202365
0.00750933
-0.239616
-0.0468356
-0.00137743
-0.00202355
-0.0234341
0.0948588
-0.100775
0.0273227
-0.194477
0.0911091
-0.0262433
-1.01647
-0.0205611
0.0829959
0.0176197
0.008746
-0.0235226
0.0439895
-0.0215982
-0.659115
0.0546804
-0.194089
0.00833763
0.02718
0.0596212
-0.462192
-0.00109738
-0.0310788
0.412618
0.166654
-0.0197572
-0.0132095
0.41602
0.0829727
-0.03283
-0.051555
0.97104
1.21543
-0.336529
-0.189345
0.27428
-0.195078
-0.0718421
0.0918875
-0.0781884
-0.0122274
-0.691365
0.0270868
-0.00602268
-0.0454995
-0.0437925
-0.000616085
-0.0247538
0.204325
0.472035
-0.0573486
0.163671
-0.0364104
0.29577
-0.0152086
-0.0266931
-0.373751
0.043076
0.0338734
0.0880163
-0.000715708
-0.0784216
-0.035036
-0.018352
0.0292006
-1.46061
0.000330129
0.00202701
-0.0183412
-0.13789
-0.0292327
0.162191
-0.308366
-0.0500244
0.00858812
-0.0264741
-0.0308854
-0.411779
0.167698
-0.115102
-0.00579737
0.0198558
-0.067824
0.162829
0.0322427
-0.0248534
-0.0638897
0.983894
0.000950921
-0.0282492
-0.162844
-0.0211093
0.03898
-0.0330642
1.20444
0.0248264
0.326036
-0.203424
0.0691546
0.0445247
0.189083
0.0039266
-0.00328033
-0.00762296
0.0315493
-0.438989
0.00391013
0.00262268
-1.20346
0.599319
-0.0219004
-0.00387968
-0.632023
-0.0167467
-0.95093
0.0230524
-0.0449244
-0.00718894
0.0239011
0.00106252
0.0252819
-0.224309
-0.035921
0.0725181
0.420539
-0.0747478
0.505508
-0.0319612
-0.0113487
-1.53483
-0.222509
-0.00325288
-0.0164746
-0.010751
-0.000711732
-0.463912
-0.0432368
0.053124
-0.0863654
0.250145
-0.00527186
-0.0483337
-0.0048169
0.00617274
-0.0251222
0.926193
0.068014
-0.0196363
-0.0251495
0.236762
-0.578942
-0.00417477
-0.00207612
0.106786
2.5748
0.000683069
-0.434658
0.0810851
-0.024937
-0.0187017
-0.0177269
-0.616753
-0.0451802
0.447844
0.265756
0.502896
-0.0436043
-0.188144
-0.0239168
-0.165292
0.0487828
-0.0501202
-0.114279
0.607461
-0.173469
0.0242736
-0.212991
-0.0684571
0.0146719
-0.0754825
-0.0614021
-0.00158444
-0.257177
-0.110533
0.305066
-0.0563127
0.278784
-0.0209997
-0.0185083
-0.0826443
0.0742192
-0.000406717
-0.0442378
0.0521915
-0.00451381
-0.0143917
-2.42133
-0.0113826
-0.02156
-0.263435
-0.0028226
-0.0498423
-0.0305879
-0.0176804
-0.0848994
0.032682
0.0421906
-0.102247
0.0298971
-0.0302383
-0.00916863
0.0952695
-0.0268966
-0.0582905
-0.0233244
-0.134339
-0.537375
-0.0174761
-0.00423985
0.000921919
-0.0119646
-0.177867
-0.00654855
-0.00814486
0.0657045
-0.960058
0.390618
-0.0235307
0.00387815
-0.317989
-0.0115981
-0.416077
0.169409
-0.47689
-0.0307403
-0.0444845
-0.0212323
0.429509
0.02685
0.120342
0.0762004
0.0189884
-0.0662112
-0.00168745
0.00268319
0.0712262
0.507649
0.146583
-0.631129
0.060958
-0.0434936
-0.149588
-0.0125557
-1.06319
0.0157137
-0.00100793
-0.00224892
-0.0643632
0.0415355
0.0392788
0.884701
-1.04893
-0.329251
0.203826
0.0575685
3.76656
-0.00161626
-0.0191737
0.020135
0.627437
-0.00618404
-0.0180745
-0.0986249
0.0393088
-0.00509677
-0.00643366
-0.00513219
-0.118077
-0.1539
0.00660476
0.122799
0.035674
-0.0183752
0.0641193
-0.133114
-0.00706529
0.0149353
-0.0297517
-0.00745808
-0.101612
-0.00503306
0.207609
0.114097
-0.981121
-0.00891143
0.77385
-0.0118301
-0.0822654
0.00872511
0.713413
-0.0282644
0.0633733
-0.0218905
0.0153283
-0.231373
0.136719
-0.01416
-0.0165524
0.989762
0.158684
-0.000152107
0.00102464
-0.584522
-0.0507265
0.00147343
-0.00295549
0.163542
-0.0237403
-0.0200311
0.065188
-1.98893
-0.319202
0.204872
-0.0767245
-0.0863273
-0.0151651
0.00672487
-0.552888
-0.0203537
-0.0124346
-0.155154
-0.0604448
0.661965
-0.472563
0.0380775
0.0284137
0.00456679
-0.0763897
-0.174151
0.143519
0.0329034
0.110919
-0.102978
0.019446
0.296631
-0.14814
1.40027
0.0259165
-0.0618133
0.0440106
-0.0173964
-0.0221201
-0.885165
-0.303447
0.0325175
0.47527
-0.014168
0.0210692
0.244846
-0.0193378
-0.00596898
0.673649
-0.11129
-3.07177
-0.0254717
0.0370111
-0.0199456
-0.000183442
-0.348293
-0.00875023
-0.368724
-0.0276209
0.04381
0.205186
0.390347
1.16602
-0.00740608
-0.126215
0.0626247
0.163818
-0.015112
-0.136019
0.337633
-0.014816
-3.7167
-0.0225873
-0.196985
-0.0198291
-0.0193871
0.0283139
0.0405415
-0.0594
-0.0115973
-0.174853
0.133432
-0.0452849
0.0232914
-0.0723401
-0.112146
-0.126795
0.357044
-0.0126458
-0.220615
0.0380993
0.00552818
-0.425637
0.0765979
-0.0208775
-0.510814
0.601777
-0.114756
0.172399
0.0250638
-0.0269547
0.041588
1.46162
-1.21254
0.556447
0.0335726
-0.0146329
-0.0402262
-0.0060013
-0.13264
0.76266
0.407732
-0.195573
-0.040438
-0.00948463
-0.0506906
-0.0234553
-0.0314744
-0.277484
-1.51849
0.00182364
0.0163163
0.00309706
0.0174302
0.00198903
-0.00387668
-0.85201
0.00204733
-0.0222648
-0.0223108
0.201129
0.0729813
-0.671728
-0.00238818
-0.410937
-0.231871
-0.00610216
-0.0582801
-0.00814749
-0.664112
0.00695049
-0.0232069
0.323374
-0.0162831
-0.000697132
-0.0272262
0.0229785
-0.0166941
-0.0370054
-0.119607
-0.00528434
0.377018
-0.0413114
-0.122051
-0.364458
0.00277406
-0.0090331
0.420067
0.00661563
-0.165431
0.0170439
-0.0153491
0.0847512
0.00316605
0.0718298
0.0232771
0.0939387
-0.00548167
0.0305608
0.778897
-0.0536195
-0.0247725
0.191132
0.0256916
0.000344086
0.000841163
-0.0145499
0.0669951
0.0273437
-0.495695
-0.000392982
-0.00121219
-0.0366189
0.171302
-0.146669
0.031311
0.588688
0.000869324
0.0404194
-0.0432519
0.949976
0.0998493
0.0091266
-0.0710794
0.402004
-0.052421
0.10555
-0.126343
-0.0889708
0.138325
0.0215259
-0.167588
-0.0269651
0.00124765
0.0729605
-0.534711
-0.0337693
0.0163599
-0.471849
-0.0483481
-0.00386396
-0.273882
0.039884
-0.256169
0.199884
-0.00384588
0.188505
-0.0184462
-0.0329152
-0.00538843
0.00219699
-0.0204705
-0.0205763
0.00229242
-0.0487086
-0.026608
-0.0394294
0.434032
-0.00144183
-0.12137
0.2127
-0.0096722
-0.0772382
0.031937
-0.0372933
0.0228706
-0.0273865
-0.150735
-0.0232867
0.0246781
-0.338413
0.00675247
-0.385376
-0.0490087
-0.0488394
-0.677083
-0.796867
0.0403581
-0.0254182
0.0408223
-0.0699445
-0.047332
0.00100403
-0.0165026
-0.166653
-0.188049
-0.0252202
-0.282993
-0.00649789
-0.0297446
0.343906
0.0050276
-0.00977335
-0.0279468
-0.870543
0.076157
-0.0121215
-0.392922
-0.0034131
-0.00787163
-0.109098
-0.487607
-0.330101
-0.1253
-0.00579678
-0.270571
-0.0379238
-0.0253097
-0.30272
-0.250071
0.00852217
-0.0154825
0.358609
-0.224928
-0.612211
-0.0163102
0.0241025
0.640576
0.00680688
-0.257637
0.0203193
-0.0981
0.0126957
-0.043032
0.0495967
-0.0210302
-0.150948
0.29183
-0.204244
0.0194533
-0.0131814
0.00828986
0.00332212
-0.0452384
0.0314734
-0.0669941
-0.0186554
-0.744081
-0.529451
-0.0179215
-0.0247445
-0.092364
0.00778109
-0.102233
0.0100258
-0.0310868
-0.545647
-0.048252
0.841921
-0.319885
-0.131828
0.0887279
-0.023133
0.23973
-0.00656907
0.00078539
-0.0329509
0.000564782
-0.018288
0.215291
-0.0218388
-0.0223914
-0.00883521
-0.0264501
-0.00324504
-0.0220742
-0.00680201
7.22009e-05
0.00456997
-0.0257292
-1.59122
0.112563
-0.0251907
-0.145514
-0.283086
0.0248693
-0.0944096
-0.0628965
-0.00143395
-0.0631993
0.017972
-0.423672
-0.0241615
-0.00488833
0.00721043
-0.000381922
0.00863087
-0.0217727
0.0165428
-0.00943907
1.00077
0.672251
-0.0409757
-0.0212078
-0.0289397
0.0752557
-0.0188058
-0.161419
-0.215238
-0.653818
0.363417
-1.02934
-0.0355432
-0.0399471
-0.0402243
-0.264022
-0.0868086
-0.0219114
-0.268243
-0.461337
0.00657845
-0.0915487
-1.69848
-0.0781789
-0.0409683
0.00342935
-0.0236978
-0.00275595
0.575794
-0.0586127
-0.000567794
-1.29852
-0.00164324
-0.0443997
-0.0119785
-0.650554
-0.240965
0.896074
0.00429248
-0.0107066
-0.0525799
-0.00306684
-0.000951357
-0.259357
-0.117389
-0.107157
-0.2891
-2.00623
0.04178
-0.119308
0.00671387
-0.034673
0.00846341
-0.00167803
-0.0449755
-0.0503617
0.0418345
-0.0997631
-0.0840874
-0.0208709
-0.218824
1.43867
-0.0109566
-0.0939036
-0.065183
0.100728
-0.25604
0.00159143
0.0416241
0.0409969
4.47504e-05
0.104178
-0.153417
-0.0763121
0.11629
-2.25123
-0.0940467
-0.408773
0.0964634
-0.145383
0.439277
-0.0140442
0.0215149
-0.669727
-0.0325858
-0.00974989
-0.0288691
-0.161569
-0.28218
0.105933
0.00132736
-0.0238503
1.48724
-0.000792227
-0.370163
-0.0658082
-0.696882
-0.0152496
-0.00542402
-0.0323544
-0.0357584
0.656535
-0.203384
-0.0201666
0.207388
-0.019291
0.00691701
0.163972
-0.00778899
-0.0602966
0.00131879
-0.358634
-0.0569444
0.044539
-0.0269199
0.181325
-0.00800033
0.00444418
0.216814
-1.08364
-0.134222
-1.31274
-0.0653768
-0.188423
-0.0235761
0.521039
-0.356992
-0.018551
-0.0398291
0.375892
-0.0564037
0.0294927
-0.030909
-0.0521258
-0.00309923
-0.0223054
0.091858
0.165876
0.0173481
0.131473
0.00198318
0.0107187
0.0156834
0.689435
-0.0286695
-0.0253312
-0.320498
0.3137
0.0113108
-0.233793
-0.0920786
-0.000740768
-1.04963
-0.470633
0.0734251
-0.846088
-1.94976
0.0676775
0.0110566
1.13624
-1.38212
-0.155023
-0.0567474
-0.0917828
-0.0289733
-0.194756
0.0259218
-0.00699598
0.00365192
-1.5549
-0.348303
0.00175479
0.438847
-0.047767
-0.0147343
-0.536259
-0.0730988
1.47148
0.379108
-0.0141944
-0.0675917
-0.051479
0.0937159
-0.250228
-0.0307001
-0.00116792
0.0254711
-0.234997
-0.0203125
-0.397295
0.00891442
-0.00954043
0.448153
0.091852
0.0759351
0.0270105
-0.0288164
-0.030541
-0.034158
-0.0426907
-0.546027
0.0755192
-0.0169732
0.624253
-0.377005
-0.305241
0.865721
-0.0306917
-0.035416
-0.0119257
-0.0188229
-0.0297217
-0.0993442
0.515912
-1.29685
-0.0207903
-0.0450947
-0.037778
0.0805255
-0.107313
0.0140902
-0.0953958
-0.000880023
0.00140766
0.445123
-0.29651
0.0721919
-0.223821
0.00523836
0.0781558
-0.122332
0.590879
-0.115888
0.171213
-0.44647
0.00221922
-0.0284374
0.249434
0.00451008
0.0549368
-0.000630107
-0.106661
-0.102543
-0.578436
-0.114571
-0.0087137
-0.0824246
-0.00455371
0.00304572
-0.00390636
-0.0485036
0.128486
-0.0321027
0.000523235
-0.0278689
-0.0132105
0.0151882
-0.0483304
-0.00348869
-0.189486
-0.00362691
-0.121864
-0.488425
-0.0279277
-0.731082
2.34429
0.00982793
-0.576891
-0.240711
-0.0183891
0.0158631
0.00161898
-0.127825
0.0233915
-0.0188486
-0.0215988
-0.00118065
-0.138442
0.000826825
-0.000404987
0.000644563
1.32952
-0.0417993
-0.0235813
-0.722174
0.0454445
-0.00381812
-0.000901308
-0.0150011
0.00368062
0.169382
0.721741
0.00228164
-0.900154
0.00316336
0.00514085
-0.00836194
-0.0154632
0.0081095
-0.00128533
0.0252689
-0.304037
-0.0437737
-0.0137209
-0.0184994
0.000396461
-0.00987846
-0.0280302
-0.0869278
0.486238
-0.115091
-0.0347757
-0.0274171
-0.378162
-0.0202732
-0.00151283
0.164959
-0.467662
-0.00212531
-0.0339674
0.0473876
-0.0520707
-0.00163402
-0.664546
-0.0294162
-0.00931818
-0.00204656
0.327132
0.0419192
0.235252
-0.000357823
-0.0175732
0.0067014
0.00116926
0.0941025
-0.501908
-0.0281201
-0.47693
0.102021
-0.0273086
-0.0281321
0.321541
-0.0538413
0.0358343
0.00630412
-0.0497922
0.0126149
-0.0111908
0.218597
0.242575
-0.00200421
-0.0106881
-0.030378
0.368804
-0.0344632
0.00937583
-0.0854212
-0.0238982
-0.362237
0.207133
0.0416163
-0.0195401
-0.0456207
-0.0153178
-0.0414051
-0.0147935
0.0390872
0.0251023
0.00460514
0.00266331
-0.000705167
-0.037701
-0.0265655
0.0143809
0.0842236
-0.232217
0.0400127
-0.0243665
-0.00208087
-0.0233206
-0.000137091
-0.00157646
-0.0437725
-0.0375407
0.101675
0.303264
-0.0232774
-0.00397316
-0.0209992
-0.298682
-0.011698
0.115364
0.00375071
-0.00491271
-0.507542
0.0014909
-0.00280975
0.330143
1.43073
-0.0148106
0.44186
1.93525
-0.444123
0.000526531
-0.0154068
-0.78686
-0.011661
0.00248525
0.0068511
0.698889
-0.0063952
-1.63414
-0.0328994
-0.200608
-0.0139872
-0.0127454
-0.0910774
-0.012623
-0.00661942
-0.732509
-0.305634
-0.0454364
-0.0236884
-1.02266
0.267224
-0.00112629
-0.187901
-0.0188952
0.0206663
-0.0324747
0.00886486
0.0237698
-0.209763
0.0676722
0.233249
0.0072249
0.418506
-0.00081426
0.000543442
0.0550715
-0.0578864
0.22647
-0.0364677
0.00586589
-0.247159
-1.36462
0.0174987
0.00687536
-0.0032657
-0.0435646
-0.000595536
0.00619371
0.2285
0.141315
-0.0273202
-0.0177856
0.389606
-0.0390644
-0.00946235
0.0334539
-0.042252
0.090237
-0.0604482
0.0175513
0.111876
0.363613
-0.0383305
-0.0400321
-0.11435
0.181422
-0.0302496
0.0212422
0.201245
1.33471
-0.00759796
-0.00177522
-0.0258906
-0.154078
0.444697
-0.0112151
-0.169311
0.0653695
0.0219717
-0.00865882
-0.0950856
0.00641324
0.803514
-2.73918e-05
0.0559227
-0.0252797
-0.240609
-0.617357
0.00346782
-0.00565224
-0.0865361
-0.0759391
-0.150578
0.104941
-0.0901961
0.51477
0.0878477
-0.638134
0.469419
0.00304578
0.190515
-0.00207197
0.0132176
0.00581528
0.0903709
-0.0140689
-0.0170358
0.0107228
-0.0138477
-0.0263978
0.0263365
-0.448634
0.0562743
-0.105815
-0.0123568
0.783837
-0.647393
0.908914
0.0931816
-1.10964
0.0367801
-0.0982129
-0.0412798
0.132874
-0.124242
-0.05759
-0.0113172
9.96736e-05
0.0205948
-0.00731268
0.803411
0.254756
0.0270846
0.296754
1.39923
-0.418266
-0.041599
-0.149357
-0.00623207
-0.0794439
-0.0328966
0.00348277
-0.00259053
0.31363
0.00735697
-0.0141689
0.00110114
0.395765
0.133765
0.0641465
-0.00126654
-0.00131301
-0.368179
0.0115785
-0.269784
-0.0114843
-0.296626
0.175702
0.0013764
-0.134458
-0.00125299
1.13667
-0.0384406
-0.161695
0.00604892
0.0837712
0.00543426
-0.0126596
-0.0701386
0.563808
0.00452748
-0.177907
-0.0728076
-0.0335769
-0.150351
-0.00247422
-0.0258696
0.0821229
-0.0840851
-0.148343
-0.0114518
-0.0190291
0.00725309
-0.00524066
-0.162121
0.437683
-0.0963234
-0.0192711
-0.0332621
-0.102076
0.0344788
-0.0302248
0.365661
-0.512159
0.15839
0.0067037
-0.0326277
0.428473
0.335075
-0.0595104
0.23949
-0.0132866
0.800808
-0.106248
0.00669484
-0.0811011
0.0539102
0.1
0.00126074
-1.06531
-0.00364454
-0.0124006
0.00324181
0.00488238
-0.0360407
-0.0471501
-0.0737225
-0.177447
0.313949
1.11564
0.00128098
0.107137
0.809403
0.415052
-0.451405
-0.014005
-0.00588564
-0.00620217
-0.036527
0.04159
-0.240838
-0.0101824
0.875556
-0.0283017
-0.547754
0.0180959
-0.0608311
-0.000889493
0.118439
0.0332981
0.00546173
-0.0307373
-0.254671
0.000135625
-0.049015
-0.244466
-0.0108337
-0.0291307
0.651088
0.359479
-0.00460324
1.43891
-0.0192796
0.0155397
0.310005
-0.302549
-0.0861695
0.103283
-0.0453177
-0.0366325
-0.0188387
-0.00212701
0.00706878
-0.0895606
0.0733424
-0.00772184
-0.0140843
0.00632618
0.88257
0.0582342
0.0913876
-0.752216
1.0075
0.473352
1.43651
0.288773
0.0100404
0.000931173
0.0144174
-0.00756335
-0.100162
-0.0150153
-0.148082
-0.0137576
-0.277894
-0.00774057
0.0300682
0.271068
-0.33374
-0.0344538
0.0354616
0.182606
-0.0291555
-0.672206
-0.0532256
-0.0075338
0.15371
-0.00106675
0.00171613
0.108416
0.0558906
-1.33593
0.0527218
0.0587673
-0.310839
-0.000967741
-0.0377584
-0.0501994
-0.024007
0.0209119
-0.910609
-0.00170887
-0.215837
0.000708143
0.137003
0.132237
-0.223942
0.616883
-0.0599544
-0.0242332
0.00483751
-0.0119409
-0.490093
-0.617643
0.0152761
0.125076
-0.0686556
-0.0233885
0.000219831
0.0161925
-0.955304
-0.0214804
0.272443
-0.156296
-0.0398341
0.426061
-0.176276
-0.0528679
0.036761
0.0122692
-0.0371342
0.00798295
-0.083161
-0.0239249
-0.0182107
-0.0173995
-0.196402
-1.12145
0.0305886
0.124851
0.000617502
0.0114349
-0.0198553
-0.00193007
-0.0358801
0.0572149
0.973795
-0.0119495
0.0482153
-0.0143656
0.0372922
0.385779
0.3193
-0.00778402
0.00991816
-0.0977099
-0.111187
-0.0367156
1.98579
0.00150935
-0.0338257
0.134341
-0.774005
-0.00594145
0.35021
0.224635
-0.0942494
-0.00172009
0.0396219
-0.0887565
-0.081594
-0.889412
-0.245176
-0.0298329
-0.00888328
-0.282924
-0.00314031
-0.0246907
-0.0178566
0.111527
0.0167489
0.00638985
-0.00856482
-0.512814
-0.0190481
2.1355
-0.0218791
0.0086449
0.0311232
-0.0426505
-0.00420553
-0.0039917
1.10915
0.00261195
-0.0372554
0.307586
0.0474892
0.0768535
0.00888229
0.460828
-0.0587636
-0.0204217
0.485212
0.520996
-0.624407
-0.0191224
-0.0206433
0.0301259
0.0784656
0.0326758
-0.0533218
0.183097
0.063937
-0.146974
-0.513885
-0.0175654
-0.0664969
0.00478014
-0.0198637
0.159295
-0.0238709
-0.0396598
-0.0184189
-1.26782
-0.850876
0.180373
0.0177633
-0.0182129
-0.0954115
0.0246567
0.0049938
-0.00945397
0.0343428
-0.062341
-0.580116
-0.00132423
-0.346796
0.297877
-0.0134583
-0.01769
-0.705637
-0.00401886
0.194538
0.109616
0.023542
0.393746
0.13557
0.951774
-0.107736
0.0465192
0.192903
0.0975067
0.0170101
0.965084
-0.0362504
-0.000501105
-0.00168716
-0.0165051
0.696754
-1.50243
-0.179063
-0.0192906
0.102738
1.65878
0.0198536
0.044496
0.145567
0.187582
-0.0121458
-0.0189151
0.327308
0.0115473
0.367455
-0.0113111
0.0014688
-0.06401
-0.120313
0.000460633
-0.21815
0.310269
0.228794
-0.0572183
0.0770613
2.41973
0.261983
-0.0819126
-0.960897
0.0484486
-0.172346
0.110755
-0.0218029
-0.998092
-0.214593
-0.0243907
-0.0904701
-0.206075
0.311258
-0.251019
0.229297
-0.0115745
-0.000481069
0.10903
-0.000341358
-1.35326
-0.0216039
-0.00733465
0.00128751
0.0171279
0.00406975
-0.000857494
0.0514534
-0.0117309
0.000457583
1.73359
0.00891181
-0.00522626
0.134161
-0.00266482
0.00248933
0.130835
-0.00658979
1.22475
-0.0300025
-0.167356
-0.0025553
-0.0133663
-0.0282557
0.128682
0.0373586
0.00850394
-0.0521072
0.0511443
-0.681028
-0.0252304
-0.0558351
-0.0579744
1.49706
-0.963423
-0.0107354
0.0401275
-0.000235187
-0.022952
-0.0883066
-0.00255731
-0.100428
-0.0399938
-0.0412219
-0.055419
-0.00800978
0.38844
-0.133216
-0.0269435
-1.13717
-0.00134124
0.0942011
0.150753
0.117059
-0.0914046
-0.154225
-0.0273536
-0.0134406
-0.0143418
0.0134569
-0.0730783
0.14079
0.0106378
0.103598
0.0116838
0.861784
0.0932346
-0.0294734
1.37303
-0.385096
0.145242
-0.0394893
-1.00295
0.0028134
-0.0254384
0.0853277
0.00390061
-0.0141743
-0.0358623
-0.0353411
0.00638357
0.219098
0.247866
0.204835
-0.0297335
0.0204394
0.317679
-0.485069
-0.00044541
-0.00226466
0.00657509
-0.00761215
0.0822044
-1.719
-0.163357
-0.0201588
0.363429
0.624178
-0.0358908
-0.0165861
-0.0215215
-0.028174
-0.0193335
-0.325616
0.0323315
-0.0157332
-0.0939173
-0.00436785
0.00393091
0.0215115
0.00322908
-0.0247955
-0.0777027
0.134471
-0.0949607
-0.158884
0.109714
1.34995
-0.00634947
-0.00385611
0.403859
-0.0811751
-0.070711
-0.00267072
0.14388
-0.225585
0.00863893
0.165517
-0.104791
0.213694
-0.257523
-0.00866975
-0.0691056
-0.0872059
0.0360134
-0.0258503
-1.54408
-0.584317
-0.123331
0.00529023
-0.00124319
-0.00383242
0.523211
0.0100969
-0.14677
-0.0138731
-0.319899
0.0232425
0.0660287
-0.0426564
-1.12534
0.21547
0.063536
0.0196837
0.733552
-0.0439666
0.0258212
-0.00369564
-1.66635
-0.559123
0.0494712
-0.0619922
-0.0162194
-0.0260656
1.13076
0.0104991
0.0415169
-0.0187022
-0.104669
-0.0818773
-0.111119
-0.0668692
-0.00647192
0.0145816
0.64146
-0.192436
-0.0886352
-0.0225214
-0.333572
0.139082
0.070655
-0.243688
0.182213
-0.0338274
0.0109131
-0.0184319
-0.613629
-0.0154531
-0.0175846
-0.00156903
-0.0105241
0.340852
-0.113862
0.232473
0.568097
0.466681
-0.42151
-0.0429745
2.55897e-05
0.0151761
-0.0162564
-0.0341128
0.0337445
-1.1972
-0.104599
-0.0499657
-0.0904694
-1.68583
-0.00310122
1.12216
0.0649878
-0.0209514
0.000515455
-0.168466
0.0190347
1.10495
0.00761249
-0.00670071
-0.0818192
-0.0028236
-0.0273578
0.0314127
0.0411476
0.018722
0.0252229
0.298063
0.0014874
-0.984
-1.12469
-0.135812
-0.42373
-0.269658
-0.000629641
0.291863
-0.0272244
-0.0122119
-0.0275665
0.944407
0.0263749
-0.00118144
-0.308441
-0.16355
-0.343148
-0.00274749
0.244526
-0.0335101
-0.0415949
-0.0331347
0.130655
0.247462
0.0259094
-0.0884084
0.329037
2.08457
-0.0102236
0.00210875
-0.00156567
-0.00394998
0.0447171
-0.0133135
0.368542
-0.0674961
-0.0173251
-0.0210693
0.330391
-0.0171463
-0.0219921
0.113023
-2.29403
0.0999772
-0.013769
-0.151093
0.0411879
0.722201
-0.0116308
-0.0120312
0.709062
-0.0205115
0.601266
-0.00329529
-0.0341678
-0.0187344
0.0514163
-0.0134506
-0.00549136
-0.00778324
-0.220124
-0.0147352
-1.03829
-0.0744119
-0.0112344
0.403071
-0.0127266
-0.00754985
-0.0316983
0.0658027
-0.0164017
-0.122717
-0.0370024
-0.00400675
-0.0215252
-0.0054687
0.0320381
0.0182299
-0.0632841
0.007794
-2.71094
-0.130301
-0.0547563
0.0850789
-0.000145721
0.00665194
-0.0269968
-0.0399292
-0.0357214
0.23683
-0.0293473
0.704579
-0.0148299
-0.0333403
-0.0981742
0.0112955
-0.0304986
0.020453
-0.0390431
-0.00496651
0.0639082
-0.0195581
0.0240933
-0.0853227
-0.0165753
0.0237567
-0.154218
-0.0478811
-1.18221
0.00147199
0.0221211
-0.017309
-0.0836323
-0.20942
-0.0295926
-0.043032
-0.0755388
-0.0507767
0.0507652
0.507137
-0.227105
-0.173013
0.00254887
0.00272484
0.0143
-0.273787
-0.00870669
-0.0674963
-0.0171645
-0.0336429
-0.0263848
-0.0369193
-0.0280908
0.0892932
-0.00283847
-0.0230414
0.0641017
-0.332371
0.193329
-0.028221
-0.232775
-0.0164822
-0.252888
-0.26303
-1.3577
-0.0337246
-3.78453e-05
-0.398935
-0.0492542
-0.498777
-0.0953598
0.0883054
0.0078261
0.0384947
-0.0412515
1.87608
-0.0726482
-0.0212482
-0.0490255
-0.523777
-0.150053
-0.0203165
-0.268864
-0.376994
0.0341026
-0.00444376
-0.0466806
-1.38598
-0.0123187
0.0816354
-0.0473176
-0.0103137
-0.0066118
-1.15586
-0.165216
0.00304189
-0.0561114
0.00145561
-0.00503355
-0.0410216
0.00358353
-0.0197367
0.113521
-0.0234599
-0.00306135
-0.068901
-0.238142
-0.0255439
0.0899155
-0.0858953
-0.0154299
0.358948
-1.00298
0.0237839
-1.80795
-0.341803
-0.222078
-0.0436868
0.0153646
0.161494
0.600342
-0.22991
0.00330793
0.00244211
-0.185386
-0.000744678
-0.11532
0.0198155
