*'s are for runs that were used to determine the beam energy
reproducibility

123828 and 123832 were used in the beam energy reproducibility study
because they appeared to be scan runs

  Run    MeV difference
=======================
* 125254 5.24
  122414 4.94
* 122535 4.28
  124449 4.26
  125261 4.24
  125294 4.2
  124110 4.18
* 123603 4.18
  123608 3.86
  122074 3.86
  124112 3.66
  125303 3.3
  125335 3.24
  125342 3.16
  123611 2.44
* 124279 2.42
  124451 2.0
  124640 1.96
  124328 1.86
  123833 1.42
  123836 1.4
* 123832 1.38
* 125285 1.36
  124336 1.34
  123831 1.34
  123830 1.34
* 123828 1.34
  127606 1.3
  123782 1.3
  127602 1.26
  124333 1.26
  128313 1.24
  127601 1.24
  123787 1.24
  127613 1.18
  124675 1.18
* 127611 1.12
  123034 0.42
  127931 0.360000000001
  123641 0.319999999999
  128316 0.300000000001
* 126465 0.299999999999
  124282 0.299999999999
  123597 0.260000000001
* 126467 0.24
  124440 0.24
* 127589 0.220000000001
  126506 0.220000000001
  126503 0.200000000001
  122280 0.200000000001
  126508 0.2
* 126464 0.2
* 127924 0.18
  127615 0.18
  126871 0.18
  126868 0.18
  126814 0.18
  125316 0.18
  125312 0.18
  125308 0.18
  123792 0.18
  128315 0.160000000001
  126869 0.159999999999
* 126825 0.159999999999
  125307 0.159999999999
  125127 0.159999999999
  123789 0.159999999999
  122274 0.159999999999
  127600 0.14
  125347 0.14
  125326 0.14
* 124450 0.14
  122285 0.14
  122275 0.14
* 127925 0.120000000001
* 127610 0.120000000001
* 127592 0.120000000001
  126870 0.120000000001
  126831 0.120000000001
* 126823 0.120000000001
  126821 0.120000000001
  126783 0.120000000001
  125346 0.120000000001
  125343 0.120000000001
* 125126 0.120000000001
  124481 0.120000000001
  124338 0.120000000001
  124293 0.120000000001
  124291 0.120000000001
  124107 0.120000000001
  124087 0.120000000001
  123829 0.120000000001
  123784 0.120000000001
  122277 0.120000000001
  122253 0.120000000001
  122249 0.120000000001
  122246 0.120000000001
* 122245 0.120000000001
  122098 0.120000000001
  127928 0.119999999999
* 127612 0.119999999999
* 126824 0.119999999999
  126780 0.119999999999
  126505 0.119999999999
  125354 0.119999999999
  125351 0.119999999999
  125344 0.119999999999
  125318 0.119999999999
  125257 0.119999999999
  125121 0.119999999999
  124633 0.119999999999
  124296 0.119999999999
  124085 0.119999999999
  123786 0.119999999999
  123643 0.119999999999
  123621 0.119999999999
  122263 0.119999999999
  122251 0.119999999999
  121917 0.119999999999
  126453 0.100000000002
  124492 0.100000000002
  128307 0.0999999999998
  127932 0.0999999999998
  126859 0.0999999999998
  126858 0.0999999999998
  126782 0.0999999999998
  126469 0.0999999999998
  125338 0.0999999999998
  125309 0.0999999999998
  125305 0.0999999999998
* 125295 0.0999999999998
  125256 0.0999999999998
  125255 0.0999999999998
  124680 0.0999999999998
  124676 0.0999999999998
  124671 0.0999999999998
  124630 0.0999999999998
* 124102 0.0999999999998
  123821 0.0999999999998
* 123790 0.0999999999998
  123620 0.0999999999998
  123602 0.0999999999998
  122279 0.0999999999998
  122278 0.0999999999998
  121940 0.0999999999998
  127603 0.0800000000005
* 126779 0.0800000000005
* 126778 0.0800000000005
  125345 0.0800000000005
  124677 0.0800000000005
* 124639 0.0800000000005
  124636 0.0800000000005
* 124625 0.0800000000005
  124448 0.0800000000005
  124330 0.0800000000005
  124154 0.0800000000005
  124152 0.0800000000005
* 124091 0.0800000000005
  123823 0.0800000000005
  123822 0.0800000000005
  123644 0.0800000000005
  123635 0.0800000000005
  123619 0.0800000000005
  123618 0.0800000000005
  123617 0.0800000000005
  123616 0.0800000000005
  123601 0.0800000000005
* 122256 0.0800000000005
  122247 0.0800000000005
* 127927 0.0799999999987
  126866 0.0799999999987
  125329 0.0799999999987
  125122 0.0799999999987
  125119 0.0799999999987
  124681 0.0799999999987
  124674 0.0799999999987
  124629 0.0799999999987
  124486 0.0799999999987
  124329 0.0799999999987
  123623 0.0799999999987
  123610 0.0799999999987
  122286 0.0799999999987
  122252 0.0799999999987

Just the scan points:

Run    MeV difference
=====================
125254 5.24
122414 4.94
122535 4.28
124449 4.26
125261 4.24
125294 4.2
124110 4.18
123603 4.18
122074 3.86
124279 2.42
123832 1.38
125285 1.36
123828 1.34
127606 1.3
123782 1.3
127602 1.26
128313 1.24
127601 1.24
123787 1.24
127613 1.18
127611 1.12
127931 0.360000000001
126465 0.299999999999
124282 0.299999999999
123597 0.260000000001
126467 0.24
124440 0.24
127589 0.220000000001
126464 0.2
127924 0.18
126814 0.18
125308 0.18
126825 0.159999999999
125307 0.159999999999
125127 0.159999999999
123789 0.159999999999
127600 0.14
124450 0.14
127925 0.120000000001
127610 0.120000000001
127592 0.120000000001
126823 0.120000000001
126821 0.120000000001
126783 0.120000000001
125126 0.120000000001
124293 0.120000000001
124291 0.120000000001
124107 0.120000000001
124087 0.120000000001
123784 0.120000000001
122253 0.120000000001
122249 0.120000000001
122246 0.120000000001
122245 0.120000000001
127928 0.119999999999
127612 0.119999999999
126824 0.119999999999
126780 0.119999999999
125257 0.119999999999
125121 0.119999999999
124633 0.119999999999
124085 0.119999999999
123786 0.119999999999
122251 0.119999999999
126453 0.100000000002
128307 0.0999999999998
127932 0.0999999999998
126782 0.0999999999998
125309 0.0999999999998
125305 0.0999999999998
125295 0.0999999999998
125256 0.0999999999998
125255 0.0999999999998
124630 0.0999999999998
124102 0.0999999999998
123790 0.0999999999998
123602 0.0999999999998
127603 0.0800000000005
126779 0.0800000000005
126778 0.0800000000005
124639 0.0800000000005
124636 0.0800000000005
124625 0.0800000000005
124448 0.0800000000005
124091 0.0800000000005
123601 0.0800000000005
122256 0.0800000000005
122247 0.0800000000005
127927 0.0799999999987
125122 0.0799999999987
125119 0.0799999999987
124629 0.0799999999987
122252 0.0799999999987
