128313 60.592   NO way
125308 18.444   No way
127606 8.676    Doesn't look like a problem
124451 6.784    No way (I looked)
125342 3.152    No way (I looked)
124282 0.314    maybe a problem...
127612 0.282    maybe a problem...
123641 0.274
123597 0.262
126465 0.25
126464 0.198
127615 0.186
122280 0.174
124293 0.174
125127 0.166
122274 0.164
128315 0.156
124328 0.138
125354 0.132
122285 0.130000000001
124486 0.126
122263 0.126
123792 0.125999999998
125326 0.124
124633 0.124
123829 0.124
123643 0.124
127600 0.121999999999
125344 0.121999999999
125343 0.121999999999
125119 0.121999999999
124338 0.121999999999
122253 0.121999999999
125257 0.120000000001
123620 0.120000000001
122277 0.120000000001
122249 0.120000000001
127613 0.119999999999
127610 0.119999999999
125346 0.119999999999
123786 0.119999999999
125126 0.118
124336 0.118
124159 0.118
125316 0.117999999999
124107 0.117999999999
125338 0.116
125312 0.116
125256 0.116
127592 0.114000000001
125318 0.114000000001
127925 0.114
124481 0.114
124672 0.112000000001
124085 0.111999999999
123640 0.111999999999
123621 0.111999999999
123608 0.110000000001
122279 0.109999999999
122245 0.108
124449 0.106
122251 0.106
124087 0.103999999999
125325 0.102000000001
128305 0.1
124673 0.098
124630 0.0960000000014
123822 0.0959999999995
123789 0.0959999999995
124676 0.094000000001
124329 0.094000000001
127924 0.0920000000006
123599 0.0919999999987
122252 0.0919999999987
123611 0.0900000000001
126469 0.0880000000016
125121 0.0879999999997
123823 0.0879999999997
122247 0.0879999999997
124680 0.0840000000007
124450 0.0840000000007
124681 0.0839999999989
123610 0.0839999999989
125307 0.0820000000003
124629 0.0820000000003
123830 0.0820000000003
123612 0.0820000000003
123821 0.0819999999985
123644 0.0819999999985
123623 0.0800000000017
124677 0.0799999999999
124152 0.0799999999999
123635 0.0799999999999
125335 0.0779999999995
124636 0.0779999999995
123831 0.0759999999991
123783 0.0759999999991
125327 0.0740000000005
124625 0.0740000000005
124674 0.0739999999987
127931 0.0720000000001
125122 0.0720000000001
123619 0.0720000000001
123618 0.0720000000001
123617 0.0720000000001
123616 0.0720000000001
122256 0.0720000000001
127603 0.0699999999997
126449 0.0699999999997
124154 0.0699999999997
123606 0.0699999999997
123645 0.0680000000011
123624 0.0680000000011
122286 0.0680000000011
127928 0.0679999999993
127594 0.0679999999993
124492 0.0679999999993
124144 0.0679999999993
123836 0.0679999999993
125339 0.0660000000007
125294 0.0660000000007
124444 0.0660000000007
123637 0.0660000000007
122246 0.0660000000007
125351 0.0659999999989
125293 0.0659999999989
125261 0.0659999999989
124493 0.0659999999989
124102 0.0659999999989
123636 0.0659999999989
126454 0.0640000000003
125337 0.0640000000003
124333 0.0640000000003
124294 0.0640000000003
124149 0.0640000000003
123833 0.0640000000003
122275 0.0640000000003
124675 0.0639999999985
124091 0.0620000000017
123615 0.0620000000017
123602 0.0620000000017
127611 0.0619999999999
127589 0.0619999999999
125310 0.0619999999999
124448 0.0619999999999
124296 0.0619999999999
124156 0.0619999999999
124103 0.0619999999999
123784 0.0619999999999
123601 0.0619999999999
125340 0.0600000000013
125255 0.0600000000013
124337 0.0600000000013
125345 0.0599999999995
125317 0.0599999999995
125259 0.0599999999995
125120 0.0599999999995
124150 0.0599999999995
124109 0.0599999999995
123604 0.0599999999995
122276 0.0599999999995
125358 0.0580000000009
125329 0.0580000000009
125305 0.0580000000009
125260 0.0580000000009
125254 0.0580000000009
124291 0.0580000000009
124106 0.0580000000009
124081 0.0580000000009
123603 0.0580000000009
122283 0.0580000000009
128316 0.0579999999991
127933 0.0579999999991
125357 0.0579999999991
125125 0.0579999999991
124086 0.0579999999991
127598 0.0560000000005
125286 0.0560000000005
124632 0.0560000000005
124080 0.0560000000005
123790 0.0560000000005
123781 0.0560000000005
125309 0.0559999999987
125262 0.0559999999987
124626 0.0559999999987
123832 0.0559999999987
128307 0.0540000000001
125290 0.0540000000001
124330 0.0540000000001
124112 0.0540000000001
128306 0.0519999999997
125285 0.0519999999997
126451 0.0480000000007
124491 0.0479999999989
123600 0.0460000000003
127588 0.0419999999995
123782 0.0380000000005
125303 0.0379999999986
126460 0.0360000000001
124671 0.0360000000001
125291 0.0299999999988
125287 0.0259999999998
124641 0.0220000000008
123633 0.0220000000008
124495 0.021999999999
124440 0.021999999999
124153 0.021999999999
123639 0.0200000000004
128312 0.018
127927 0.0159999999996
125311 0.0139999999992
125295 0.0139999999992
124639 0.0139999999992
124334 0.0139999999992
123632 0.0139999999992
125353 0.0120000000006
128303 0.0100000000002
124148 0.0100000000002
122278 0.00800000000163
127932 0.00799999999981
126461 0.00799999999981
125331 0.00799999999981
124484 0.00799999999981
124146 0.00799999999981
123787 0.00799999999981
123598 0.00799999999981
128309 0.00600000000122
124445 0.00600000000122
124111 0.00600000000122
124436 0.0059999999994
124110 0.0059999999994
124089 0.0059999999994
124437 0.00400000000081
124335 0.00400000000081
126467 0.003999999999
124289 0.003999999999
124084 0.003999999999
123826 0.003999999999
122281 0.003999999999
124092 0.00200000000041
125347 0.00199999999859
124490 0.00199999999859
128310 0.0
126462 0.0
126453 0.0
125348 0.0
124679 0.0
124640 0.0
124290 0.0
124155 0.0
124142 0.0
123828 0.0
123638 0.0
123631 0.0
123607 0.0
122449 0.0
122415 0.0
122413 0.0
