124102 0.0999999999998
124103 0.0600000000013
124106 0.0599999999995
124107 0.120000000001
124109 0.0599999999995
124110 4.18
124111 0.0599999999995
123596 0.0
123597 0.260000000001
123598 0.0600000000013
123599 0.020000000001
123600 0.0599999999995
123601 0.0800000000005
123602 0.0999999999998
123603 4.18
123604 0.0600000000013
123606 0.0600000000013
123607 0.0
124625 0.0800000000005
124626 0.0599999999995
124629 0.0799999999987
124630 0.0999999999998
124632 0.0599999999995
124633 0.119999999999
124636 0.0800000000005
124639 0.0800000000005
124279 2.42
124281 0.0400000000003
124282 0.299999999999
124289 0.0
124290 0.0599999999995
124291 0.120000000001
124293 0.120000000001
124294 0.0599999999995
123164 0.0
123165 0.0
123166 0.0
123167 0.0
123168 0.0
123169 0.0
123170 0.0
123172 0.0199999999992
123175 0.0
123176 0.0
123178 0.0
125254 5.24
125255 0.0999999999998
125256 0.0999999999998
125257 0.119999999999
125259 0.0599999999995
125260 0.0599999999995
125261 4.24
125262 0.0599999999995
125285 1.36
125286 0.0599999999995
125287 0.020000000001
125290 0.0600000000013
125291 0.0599999999995
125293 0.0600000000013
125294 4.2
125295 0.0999999999998
124436 0.0400000000003
124437 0.0
124440 0.24
124444 0.0599999999995
124445 0.0599999999995
124448 0.0800000000005
124449 4.26
124450 0.14
125305 0.0999999999998
125307 0.159999999999
125308 0.18
125309 0.0999999999998
125310 0.0599999999995
125311 0.0400000000003
124080 0.0599999999995
124081 0.0599999999995
124084 0.0
124085 0.119999999999
124086 0.0599999999995
124087 0.120000000001
124089 0.0600000000013
124091 0.0800000000005
123781 0.0599999999995
123782 1.3
123783 0.0599999999995
123784 0.120000000001
123786 0.119999999999
123787 1.24
123789 0.159999999999
123790 0.0999999999998
123828 1.34
123832 1.38
125119 0.0799999999987
125120 0.0600000000013
125121 0.119999999999
125122 0.0799999999987
125125 0.0400000000003
125126 0.120000000001
125127 0.159999999999
126776 0.0199999999992
126777 0.0600000000013
126778 0.0800000000005
126779 0.0800000000005
126780 0.119999999999
126782 0.0999999999998
126783 0.120000000001
126814 0.18
126815 0.0599999999995
126817 0.0
126821 0.120000000001
126823 0.120000000001
126824 0.119999999999
126825 0.159999999999
126449 0.0599999999995
126451 0.0
126453 0.100000000002
126454 0.0599999999995
126460 0.0
126461 0.0199999999992
126462 0.0
126464 0.2
126465 0.299999999999
126467 0.24
127924 0.18
127925 0.120000000001
127927 0.0799999999987
127928 0.119999999999
127931 0.360000000001
127932 0.0999999999998
127933 0.0599999999995
128306 0.0599999999995
128307 0.0999999999998
128309 0.0
128310 0.0
128312 0.0
128313 1.24
127588 0.0400000000003
127589 0.220000000001
127592 0.120000000001
127594 0.0599999999995
127598 0.0599999999995
127600 0.14
127601 1.24
127602 1.26
127603 0.0800000000005
127606 1.3
127610 0.120000000001
127611 1.12
127612 0.119999999999
127613 1.18
122993 0.0
122995 0.0
122996 0.0
122998 0.0
122999 0.0
123001 0.0
123002 0.0199999999992
123003 0.0
123004 0.0
122766 0.0
122767 0.0
122768 0.0
122769 0.0
122770 0.0
122772 0.0
122773 0.0
122776 0.0
122777 0.0
122778 0.0
122779 0.0
122780 0.0
122781 0.0
121887 0.0
121889 0.0599999999995
121890 0.0599999999995
121892 0.0
121897 0.0
121898 0.0
122409 0.0
122410 0.0
122411 0.0
122412 0.0
122413 0.0
122414 4.94
122415 0.0
122416 0.0
122069 0.0
122070 0.0
122071 0.0
122072 0.0
122073 0.0
122074 3.86
122076 0.0
122077 0.0
122245 0.120000000001
122246 0.120000000001
122247 0.0800000000005
122249 0.120000000001
122251 0.119999999999
122252 0.0799999999987
122253 0.120000000001
122256 0.0800000000005
122535 4.28
122536 0.0
122537 0.0
122538 0.0
122539 0.0
122540 0.0
122541 0.0
122542 0.0
122545 0.0
122548 0.0
122549 0.0
122550 0.0
122551 0.0
122555 0.0
122556 0.0
122557 0.0
122559 0.0
122560 0.0
122561 0.0
122562 0.0
122563 0.0
122564 0.020000000001
