124102 0.0999999999998
124103 0.0600000000013
124106 0.0599999999995
124107 0.120000000001
124109 0.0599999999995
124110 4.18
124111 0.0599999999995
124112 3.66
124142 0.0600000000013
124144 0.0600000000013
124146 0.0599999999995
124148 0.0
124149 0.0599999999995
124150 0.0599999999995
124152 0.0800000000005
124153 0.020000000001
124154 0.0800000000005
124155 0.020000000001
124156 0.0599999999995
124159 0.0600000000013
123596 0.0
123597 0.260000000001
123598 0.0600000000013
123599 0.020000000001
123600 0.0599999999995
123601 0.0800000000005
123602 0.0999999999998
123603 4.18
123604 0.0600000000013
123606 0.0600000000013
123607 0.0
123608 3.86
123610 0.0799999999987
123611 2.44
123612 0.0599999999995
123615 0.0
123616 0.0800000000005
123617 0.0800000000005
123618 0.0800000000005
123619 0.0800000000005
123620 0.0999999999998
123621 0.119999999999
123623 0.0799999999987
123624 0.0599999999995
123631 0.0
123632 0.020000000001
123633 0.0199999999992
123635 0.0800000000005
123636 0.0600000000013
123637 0.0600000000013
123638 0.0600000000013
123639 0.0600000000013
123640 0.0600000000013
123641 0.319999999999
123643 0.119999999999
123644 0.0800000000005
123645 0.0600000000013
124625 0.0800000000005
124626 0.0599999999995
124629 0.0799999999987
124630 0.0999999999998
124632 0.0599999999995
124633 0.119999999999
124636 0.0800000000005
124639 0.0800000000005
124640 1.96
124641 0.0600000000013
124671 0.0999999999998
124672 0.0599999999995
124673 0.0599999999995
124674 0.0799999999987
124675 1.18
124676 0.0999999999998
124677 0.0800000000005
124679 0.0
124680 0.0999999999998
124681 0.0799999999987
124279 2.42
124281 0.0400000000003
124282 0.299999999999
124289 0.0
124290 0.0599999999995
124291 0.120000000001
124293 0.120000000001
124294 0.0599999999995
124296 0.119999999999
124328 1.86
124329 0.0799999999987
124330 0.0800000000005
124333 1.26
124334 0.0
124335 0.0
124336 1.34
124337 0.0599999999995
124338 0.120000000001
123164 0.0
123165 0.0
123166 0.0
123167 0.0
123168 0.0
123169 0.0
123170 0.0
123172 0.0199999999992
123175 0.0
123176 0.0
123178 0.0
125254 5.24
125255 0.0999999999998
125256 0.0999999999998
125257 0.119999999999
125259 0.0599999999995
125260 0.0599999999995
125261 4.24
125262 0.0599999999995
125285 1.36
125286 0.0599999999995
125287 0.020000000001
125290 0.0600000000013
125291 0.0599999999995
125293 0.0600000000013
125294 4.2
125295 0.0999999999998
124436 0.0400000000003
124437 0.0
124440 0.24
124444 0.0599999999995
124445 0.0599999999995
124448 0.0800000000005
124449 4.26
124450 0.14
124451 2.0
124481 0.120000000001
124484 0.0
124486 0.0799999999987
124490 0.020000000001
124491 0.0599999999995
124492 0.100000000002
124493 0.0600000000013
124495 0.020000000001
125303 3.3
125305 0.0999999999998
125307 0.159999999999
125308 0.18
125309 0.0999999999998
125310 0.0599999999995
125311 0.0400000000003
125312 0.18
125316 0.18
125317 0.0599999999995
125318 0.119999999999
125325 0.0599999999995
125326 0.14
125327 0.0599999999995
125329 0.0799999999987
125331 0.0
125335 3.24
125337 0.0599999999995
125338 0.0999999999998
125339 0.0599999999995
125340 0.0599999999995
125342 3.16
125343 0.120000000001
125344 0.119999999999
125345 0.0800000000005
125346 0.120000000001
125347 0.14
125348 0.0
125351 0.119999999999
125353 0.020000000001
125354 0.119999999999
125357 0.0599999999995
125358 0.0599999999995
124080 0.0599999999995
124081 0.0599999999995
124084 0.0
124085 0.119999999999
124086 0.0599999999995
124087 0.120000000001
124089 0.0600000000013
124091 0.0800000000005
124092 0.0400000000003
123781 0.0599999999995
123782 1.3
123783 0.0599999999995
123784 0.120000000001
123786 0.119999999999
123787 1.24
123789 0.159999999999
123790 0.0999999999998
123792 0.18
123821 0.0999999999998
123822 0.0800000000005
123823 0.0800000000005
123826 0.020000000001
123828 1.34
123829 0.120000000001
123830 1.34
123831 1.34
123832 1.38
123833 1.42
123836 1.4
125119 0.0799999999987
125120 0.0600000000013
125121 0.119999999999
125122 0.0799999999987
125125 0.0400000000003
125126 0.120000000001
125127 0.159999999999
126776 0.0199999999992
126777 0.0600000000013
126778 0.0800000000005
126779 0.0800000000005
126780 0.119999999999
126782 0.0999999999998
126783 0.120000000001
126814 0.18
126815 0.0599999999995
126817 0.0
126821 0.120000000001
126823 0.120000000001
126824 0.119999999999
126825 0.159999999999
126831 0.120000000001
126858 0.0999999999998
126859 0.0999999999998
126862 0.0599999999995
126866 0.0799999999987
126868 0.18
126869 0.159999999999
126870 0.120000000001
126871 0.18
126449 0.0599999999995
126451 0.0
126453 0.100000000002
126454 0.0599999999995
126460 0.0
126461 0.0199999999992
126462 0.0
126464 0.2
126465 0.299999999999
126467 0.24
126469 0.0999999999998
126496 0.0599999999995
126499 0.0
126503 0.200000000001
126505 0.119999999999
126506 0.220000000001
126507 0.020000000001
126508 0.2
127924 0.18
127925 0.120000000001
127927 0.0799999999987
127928 0.119999999999
127931 0.360000000001
127932 0.0999999999998
127933 0.0599999999995
128303 0.0
128305 0.0600000000013
128306 0.0599999999995
128307 0.0999999999998
128309 0.0
128310 0.0
128312 0.0
128313 1.24
128315 0.160000000001
128316 0.300000000001
127588 0.0400000000003
127589 0.220000000001
127592 0.120000000001
127594 0.0599999999995
127598 0.0599999999995
127600 0.14
127601 1.24
127602 1.26
127603 0.0800000000005
127606 1.3
127610 0.120000000001
127611 1.12
127612 0.119999999999
127613 1.18
127615 0.18
122993 0.0
122995 0.0
122996 0.0
122998 0.0
122999 0.0
123001 0.0
123002 0.0199999999992
123003 0.0
123004 0.0
123020 0.0
123021 0.0
123022 0.0
123023 0.0
123024 0.0
123025 0.0
123026 0.0
123027 0.0
123028 0.0
123029 0.0
123034 0.42
123035 0.0
123036 0.0
123038 0.0
123039 0.0
123040 0.0
123041 0.0
123042 0.0
123043 0.0
123044 0.0
122766 0.0
122767 0.0
122768 0.0
122769 0.0
122770 0.0
122772 0.0
122773 0.0
122776 0.0
122777 0.0
122778 0.0
122779 0.0
122780 0.0
122781 0.0
122812 0.0
122813 0.0599999999995
122815 0.0
122816 0.0
122819 0.0
122820 0.0
122821 0.0
121884 0.0
121885 0.0
121887 0.0
121889 0.0599999999995
121890 0.0599999999995
121892 0.0
121897 0.0
121898 0.0
121916 0.0
121917 0.119999999999
121918 0.0399999999985
121920 0.0
121924 0.0
121925 0.0199999999992
121926 0.0
121927 0.0
121932 0.0
121933 0.0400000000003
121936 0.0
121939 0.0
121940 0.0999999999998
122409 0.0
122410 0.0
122411 0.0
122412 0.0
122413 0.0
122414 4.94
122415 0.0
122416 0.0
122437 0.0
122438 0.0199999999992
122439 0.0199999999992
122440 0.0
122443 0.0
122445 0.0
122447 0.0
122448 0.020000000001
122449 0.0
122450 0.0
122452 0.0
122069 0.0
122070 0.0
122071 0.0
122072 0.0
122073 0.0
122074 3.86
122076 0.0
122077 0.0
122079 0.0
122092 0.0
122094 0.0599999999995
122097 0.0
122098 0.120000000001
122099 0.0
122101 0.0
122102 0.0199999999992
122105 0.0
122108 0.0
122109 0.0
122111 0.0
122112 0.0
122114 0.0
122116 0.0
122117 0.0
122118 0.0
122123 0.0
122124 0.0
122125 0.020000000001
122126 0.0600000000013
122245 0.120000000001
122246 0.120000000001
122247 0.0800000000005
122249 0.120000000001
122251 0.119999999999
122252 0.0799999999987
122253 0.120000000001
122256 0.0800000000005
122263 0.119999999999
122274 0.159999999999
122275 0.14
122276 0.0600000000013
122277 0.120000000001
122278 0.0999999999998
122279 0.0999999999998
122280 0.200000000001
122281 0.0
122283 0.0599999999995
122285 0.14
122286 0.0799999999987
122287 0.0
122288 0.0
122289 0.0
122291 0.0
122292 0.0
122293 0.0
122294 0.0
122296 0.020000000001
122297 0.0
122298 0.0
122535 4.28
122536 0.0
122537 0.0
122538 0.0
122539 0.0
122540 0.0
122541 0.0
122542 0.0
122545 0.0
122548 0.0
122549 0.0
122550 0.0
122551 0.0
122555 0.0
122556 0.0
122557 0.0
122559 0.0
122560 0.0
122561 0.0
122562 0.0
122563 0.0
122564 0.020000000001
122576 0.0
122577 0.0
122579 0.0
