runinfo and average good differ by more than 0.2

124440
124451
122413
122415
127606
128305
128310
128312
128313
125307
125308
125342
123828
123832



         runinfo  average good  average bad
================================================
122245  10354.800  10354.787      0.000
122246  10364.600  10364.755      0.000
122247  10380.800  10380.864      0.000
122249  10344.600  10344.717      0.000
122251  10376.600  10376.669      0.000
122252  10348.600  10348.710      0.000
122253  10370.800  10370.742      0.000
122256  10354.600  10354.559      0.000
122263  10359.000  10358.995      0.000
122274  10358.800  10358.709      0.000
122275  10358.600  10358.730      0.000
122276  10358.600  10358.666      0.000
122277  10358.600  10358.697      0.000
122278  10358.800  10358.732      0.000
122279  10358.600  10358.673      0.000
122280  10358.600  10358.685      0.000
122281  10358.600  10358.684      0.000
122283  10358.600  10358.675      0.000
122285  10358.800  10358.713      0.000
122286  10358.800  10358.705      0.000
122413  10375.600  10370.710      0.000
122415  10354.600  10349.024      0.000
122449  10359.000  10359.094      0.000
123597   9475.900   9475.999      0.000
123598   9451.880   9451.941      0.000
123599   9472.020   9472.053      0.000
123600   9472.040   9472.055      0.000
123601   9453.700   9453.750      0.000
123602   9467.820   9467.892      0.000
123603   9463.740   9463.783      0.000
123604   9456.960   9456.944      0.000
123606   9451.920   9451.933      0.000
123607   9463.740   9463.742      0.000
123608   9459.940   9459.959      0.000
123610   9460.040   9460.007      0.000
123611   9460.020   9459.996   9457.608
123612   9460.020   9460.056      0.000
123615   9460.080   9460.090      0.000
123616   9460.100   9460.119      0.000
123617   9460.080   9460.115      0.000
123618   9460.080   9460.102      0.000
123619   9460.100   9460.102      0.000
123620   9460.080   9460.121      0.000
123621   9460.120   9460.125      0.000
123623   9460.120   9460.132      0.000
123624   9460.100   9460.105      0.000
123631   9460.120   9460.114      0.000
123632   9460.120   9460.125      0.000
123633   9460.100   9460.103      0.000
123635   9460.100   9460.094      0.000
123636   9460.100   9460.084      0.000
123637   9460.040   9460.052      0.000
123638   9460.040   9460.098      0.000
123639   9460.100   9460.041      0.000
123640   9460.040   9460.047      0.000
123641   9460.100   9460.301      0.000
123643   9460.340   9460.353      0.000
123644   9460.360   9460.313      0.000
123645   9460.340   9460.310      0.000
123781   9456.720   9456.741      0.000
123782   9475.880   9475.955   9474.696
123783   9451.660   9451.700      0.000
123784   9471.760   9471.843      0.000
123786   9453.740   9453.764      0.000
123787   9467.940   9467.988   9466.766
123789   9463.800   9463.934      0.000
123790   9456.720   9456.792      0.000
123792   9459.620   9459.733      0.000
123821   9459.680   9459.745      0.000
123822   9459.780   9459.784      0.000
123823   9459.760   9459.779      0.000
123826   9459.800   9459.808      0.000
123828   9458.500   9459.832   9458.494
123829   9459.840   9459.830      0.000
123830   9459.800   9459.792   9458.485
123831   9459.820   9459.766   9458.488
123832   9458.480   9459.818      0.000
123833   9459.880   9459.804   9458.477
123836   9459.800   9459.828   9458.466
124080   9456.920   9456.889      0.000
124081   9475.840   9475.852      0.000
124084   9451.940   9451.932      0.000
124085   9471.700   9471.764      0.000
124086   9453.680   9453.726      0.000
124087   9467.820   9467.929      0.000
124089   9463.800   9463.799      0.000
124091   9456.600   9456.652      0.000
124092   9460.560   9460.609      0.000
124102   9456.600   9456.652      0.000
124103   9475.820   9475.838      0.000
124106   9472.000   9471.980      0.000
124107   9453.600   9453.662      0.000
124109   9467.800   9467.843      0.000
124110   9463.680   9463.725      0.000
124111   9456.840   9456.904      0.000
124112   9460.460   9460.534      0.000
124142   9460.420   9460.472      0.000
124144   9460.460   9460.503      0.000
124146   9460.580   9460.521      0.000
124148   9460.520   9460.529      0.000
124149   9460.540   9460.544      0.000
124150   9460.580   9460.574      0.000
124152   9460.580   9460.637      0.000
124153   9460.660   9460.653      0.000
124154   9460.640   9460.671      0.000
124155   9460.640   9460.652      0.000
124156   9460.700   9460.673      0.000
124159   9460.720   9460.706      0.000
124282   9453.420   9453.471      0.000
124289   9473.560   9473.558      0.000
124290   9455.220   9455.284      0.000
124291   9469.380   9469.452      0.000
124293   9465.320   9465.301      0.000
124294   9458.240   9458.241      0.000
124296   9461.980   9462.083      0.000
124328   9460.220   9460.322      0.000
124329   9460.320   9460.272      0.000
124330   9460.320   9460.309      0.000
124333   9460.320   9460.287   9459.088
124334   9460.360   9460.350      0.000
124335   9460.340   9460.337      0.000
124336   9460.340   9460.373   9459.114
124337   9460.380   9460.376      0.000
124338   9460.380   9460.347      0.000
124436   9458.160   9458.203      0.000
124437   9458.200   9458.196      0.000
124440   9477.300   9477.531      0.000
124444   9473.440   9473.465      0.000
124445   9455.180   9455.232      0.000
124448   9469.340   9469.369      0.000
124449   9465.200   9465.200      0.000
124450   9458.040   9458.119      0.000
124451   9460.120   9459.021      0.000
124481   9460.180   9460.172   9459.112
124484   9460.220   9460.222      0.000
124486   9460.220   9460.215      0.000
124490   9460.240   9460.227      0.000
124491   9460.220   9460.261      0.000
124492   9460.380   9460.304   9459.082
124493   9460.340   9460.296      0.000
124495   9460.340   9460.327      0.000
124625   9458.200   9458.195      0.000
124626   9477.200   9477.259   9476.042
124629   9453.400   9453.381      0.000
124630   9453.400   9453.384      0.000
124632   9455.200   9455.139      0.000
124633   9469.200   9469.263      0.000
124636   9465.200   9465.083      0.000
124639   9458.000   9458.094      0.000
124640   9460.000   9460.060      0.000
124641   9460.000   9460.131      0.000
124671   9460.200   9460.178      0.000
124672   9460.200   9460.155      0.000
124673   9460.200   9460.137      0.000
124674   9460.200   9460.172   9459.038
124675   9460.200   9460.174      0.000
124676   9460.200   9460.173      0.000
124677   9460.200   9460.211      0.000
124679   9460.200   9460.168      0.000
124680   9460.200   9460.142      0.000
124681   9460.200   9460.152      0.000
125119   9458.600   9458.607      0.000
125120   9477.600   9477.725      0.000
125121   9453.400   9453.542      0.000
125122   9473.600   9473.570      0.000
125125   9455.600   9455.567      0.000
125126   9455.600   9455.600      0.000
125127   9469.600   9469.715      0.000
125254   9458.600   9458.743   9455.463
125255   9477.600   9477.759      0.000
125256   9453.800   9453.810      0.000
125257   9473.600   9473.560      0.000
125259   9455.600   9455.583      0.000
125260   9469.800   9469.728      0.000
125261   9465.600   9465.602      0.000
125262   9458.600   9458.574      0.000
125285   9458.600   9458.632      0.000
125286   9477.800   9477.738      0.000
125287   9454.000   9453.885      0.000
125290   9473.600   9473.633      0.000
125291   9455.600   9455.694      0.000
125293   9469.800   9469.840      0.000
125294   9465.600   9465.698      0.000
125295   9458.600   9458.683      0.000
125303   9460.200   9460.227   9456.940
125305   9477.600   9477.744      0.000
125307   9453.600   9453.803      0.000
125308   9473.800   9470.502      0.000
125309   9455.400   9455.539      0.000
125310   9469.600   9469.657      0.000
125311   9465.400   9465.539      0.000
125312   9460.200   9460.302      0.000
125316   9460.400   9460.531      0.000
125317   9460.600   9460.550      0.000
125318   9460.600   9460.578      0.000
125325   9460.600   9460.631      0.000
125326   9460.600   9460.637      0.000
125327   9460.600   9460.673      0.000
125329   9460.600   9460.708      0.000
125331   9460.800   9460.735      0.000
125335   9460.600   9460.692      0.000
125337   9460.800   9460.689      0.000
125338   9460.600   9460.697      0.000
125339   9460.800   9460.699      0.000
125340   9460.800   9460.712      0.000
125342   9460.600   9460.316      0.000
125343   9460.800   9460.722      0.000
125344   9460.800   9460.763      0.000
125345   9460.800   9460.768      0.000
125346   9460.800   9460.757      0.000
125347   9460.600   9460.727      0.000
125348   9460.800   9460.720      0.000
125351   9460.600   9460.740      0.000
125353   9460.800   9460.713      0.000
125354   9460.800   9460.707      0.000
125357   9460.600   9460.718      0.000
125358   9460.600   9460.716      0.000
126449  10030.600  10030.722      0.000
126451  10030.600  10030.728      0.000
126453  10030.800  10030.660      0.000
126454  10041.200  10041.264      0.000
126460  10013.200  10013.097      0.000
126461  10035.200  10035.103      0.000
126462  10021.400  10021.332      0.000
126464  10021.400  10021.495      0.000
126465  10021.200  10021.415      0.000
126467  10021.400  10021.290      0.000
126469  10025.200  10025.279      0.000
127588  10021.200  10021.249      0.000
127589  10021.000  10021.072      0.000
127592  10021.200  10021.125      0.000
127594  10028.800  10028.837      0.000
127598  10053.200  10053.186      0.000
127600  10017.400  10017.419      0.000
127603  10013.200  10013.316      0.000
127606  10035.400   9997.452  10036.565  This is nuts!  The only time there was no SEN2 warning, the beam energy is happily reports a continuum energy... savesets are right...  ???
127610  10021.200  10021.164      0.000
127611  10021.200  10021.156      0.000
127612  10021.200  10021.211      0.000
127613  10027.800  10027.800      0.000
127615  10025.800  10025.785      0.000
127924  10021.000  10021.055      0.000
127925  10021.000  10021.033      0.000
127927  10021.000  10021.009      0.000
127928  10034.800  10034.913      0.000
127931  10013.200  10013.176      0.000
127932  10041.000  10041.088      0.000
127933  10030.600  10030.521      0.000
128303  10025.400  10025.464      0.000
128305  10025.400  10085.335      0.000
128306  10027.600  10027.623      0.000
128307  10016.800  10016.965      0.000
128309  10030.400  10030.463      0.000
128310  10021.000  10079.716      0.000
128312  10021.000  10079.779      0.000
128313  10021.000  10051.352  10022.284  The 10021 is believable--- one of the "bad" (SEN2) readings is in the ballpark and one of the "good" readings is at high-tail energy with no explaination
128315  10025.200  10025.255      0.000
128316  10025.600  10025.543      0.000
