122789 10330.2
122605 10330.6
122602 10330.4
121902 10329.6
122587 10330.4
122803 10330.2
122422 10329.6
121915 10329.6
122799 10330.2
122426 10329.6
122080 10329.4
122420 10329.6
122585 10330.2
122268 10329.4
122430 10329.8
123018 10330
122428 10329.6
121911 10329.8
122805 10330.2
121901 10329.6
122798 10330.2
122273 10329.4
122801 10330.2
122808 10330.2
122810 10330.2
122787 10330.2
121904 10329.8
122593 10330.4
122433 10329.8
123013 10330
122796 10330.2
122802 10330.2
122081 10329.6
122091 10329.6
122586 10330.4
122594 10330.4
122423 10329.6
121914 10329.8
122599 10330.4
123011 10330
123016 10330
122604 10330.4
122783 10330.2
121905 10329.6
122804 10330.2
122418 10329.6
122809 10330.2
122590 10330.4
122083 10329.6
121906 10329.6
122425 10329.6
123014 10330.2
121899 10330.2
122606 10330.6
121903 10329.8
122797 10329.2
123012 10330.2
122269 10329.4
123019 10330
122427 10329.6
122432 10329.6
122272 10329.4
122596 10330.4
122085 10329.6
122800 10330.2
122603 10330.4
121912 10329.8
122429 10329.6
122264 10329.4
122786 10330.2
122434 10329.8
122424 10329.6
