127698 9997.4
130461 9999.78
129728 9999.42
127643 9997.4
130206 9999.5
130207 9999.38
127424 9997.2
130275 9999.72
127661 9997.6
129680 9999.38
129676 9999.38
129709 9999.24
129849 9999.62
127444 9997.4
129863 9999.54
127700 9997.4
127619 9998.4
130420 9999.78
126258 10003.2
127646 9997.4
130249 9999.26
127951 9997
129712 9999.3
129708 9999.3
129070 9999.6
126665 9997
130421 9999.62
127667 9997.6
130427 9999.54
126273 10005.2
129681 9999.38
126266 10003.2
129710 9999.42
129845 9999.54
126256 10003.2
127680 9997.6
126851 9997.6
130204 9999.42
126656 9997.2
127626 9997.4
129519 9998.94
130247 9999.22
126480 9997.4
126485 9997.6
129693 9999.36
129691 9999.36
127637 9997.4
126669 9997.2
126268 10003.2
129715 9999.16
130423 9999.84
126670 9997.4
126473 9997.6
126853 9997.6
126668 9997.2
127682 9997.4
126658 9997.2
126846 9997.8
126255 10003.2
127678 9997.6
126836 9997.6
127694 9997.4
130426 10000.54
129857 9999.52
130271 9999.54
129713 9999.24
130614 9999.52
126479 9997.4
129861 9999.54
129069 9999.6
126483 9997.6
126487 9997.6
129531 9999.06
130276 9999.68
129853 9999.44
127417 9997
130248 9999.32
130463 9999.64
130255 9999.06
127421 9997.4
126472 9997.4
130205 9999.48
126651 9997.2
126253 10003.2
129080 9999.6
126834 9997.6
129524 9999.06
127659 9997.6
127722 9997.4
129678 9999.48
129855 9999.54
126477 9997.6
126838 9997.8
130629 9996.58
127712 9997.4
129073 9999.6
129687 9999.34
129723 9999.18
127651 9997.4
130278 9999.66
130616 10000.66
127630 9997.4
127631 9997.4
129851 9999.38
126259 10003.2
127685 9997.6
126842 9997.8
129529 9999.02
130259 9999.08
129689 9999.46
129692 9999.36
129522 9999.12
130272 9999.72
127657 9997.6
127645 9997.4
129707 9999.3
126839 9997.8
127621 9997.2
126666 9997.2
129071 9999.6
130200 9999.46
127703 9997.6
126832 9997.6
127652 9997.4
126476 9997.4
127701 9997.4
130467 9999.44
127692 9997.6
126856 9997.6
127642 9997.4
129730 9999.2
126494 9997.6
126263 10003.2
129848 9999.66
127662 9997.6
130470 9999.46
130252 9999.14
129711 9999.24
130460 9999.78
126653 9997.2
126845 9997.8
127647 9997.4
127638 9997.4
129672 9999.56
126664 9997.2
126854 9997.6
127721 9997.4
127710 9997.4
130250 9999.2
129065 9999.4
127650 9997.4
127668 9997.6
129685 9999.34
129527 9999.06
126471 9997.2
129673 9999.4
127620 9998.4
126257 10003.2
126254 10003.2
129675 9999.4
127690 9997.6
129864 9999.56
130203 9999.48
127673 9997.4
127644 9997.4
130429 9999.54
127623 9997.2
126837 9997.6
127442 9997.2
126478 9997.6
130630 9999.42
129724 9999.34
130464 10000.5
126260 10003.2
126488 9997.6
127418 9998.2
129852 9999.48
126662 9997.2
130626 9999.36
129072 9999.6
130251 9999.2
127420 9997.2
126657 9997.2
127955 9997.2
130209 9999.32
127654 9997.6
127683 9997.6
130424 9999.9
127635 9997.6
126252 10003.2
126847 9997.6
126265 10003.2
127677 9997.6
127663 9997.6
126492 9997.6
130425 9999.74
127625 9997.4
127695 9997.4
127684 9997.4
126652 9997.2
126835 9997.6
126673 9997.2
126855 9997.6
129716 9999.18
129526 9999
130628 9999.32
129674 9999.4
126475 9997.4
127627 9997.4
127622 9997.4
129860 9999.38
129850 9999.38
127702 9997.6
130469 10000.62
127641 9997.4
129066 9999.4
127681 9997.4
129719 9999.18
126667 9997.2
127443 9997.4
127423 9997.2
127422 9997.2
126490 9997.6
130462 9999.62
129714 9999.24
127670 9997.6
129847 9999.56
130210 9999.4
127723 9997.4
130254 9999.08
130199 9999.44
