124314 9433.54
124125 9433.36
124126 9433.42
124652 9433.4
123959 9433.28
125176 9433.8
125315 9433.8
124657 9433.6
124458 9433.54
124667 9433.6
123813 9433.6
123961 9433.32
124309 9433.56
124644 9433.4
124140 9433.48
123369 9433.48
124312 9432.44
123591 9433.28
123771 9431.2
124326 9433.6
125163 9433.8
124138 9433.48
123956 9433.34
124132 9433.42
124810 9433.8
123768 9432.52
124808 9433.8
123955 9433.4
125159 9434
123794 9433.52
123774 9432.74
125171 9433.8
124129 9433.42
124324 9433.66
125297 9434
124807 9433.8
123567 9433.34
124318 9433.6
124311 9433.56
124660 9433.4
123814 9433.66
123809 9433.62
124472 9433.7
123382 9433.38
123952 9433.28
124117 9433.48
124300 9433.46
124659 9433.4
124115 9433.42
124134 9433.42
123767 9432.28
123565 9433.32
123796 9432.4
123817 9433.7
123953 9433.34
123938 9433.64
124650 9433.6
124648 9433.6
124655 9433.6
124121 9433.42
124467 9433.58
125169 9434
123810 9433.64
123803 9433.56
124302 9433.56
124820 9433.8
125168 9433.8
123818 9433.64
124658 9433.6
124141 9433.48
125177 9433.8
123793 9433.46
124127 9433.42
124114 9433.42
124465 9433.7
124113 9433.36
124462 9433.54
124322 9433.66
124477 9433.62
124814 9433.8
123939 9433.68
124319 9433.6
124475 9433.7
123944 9433.66
123958 9433.36
124809 9433.8
124647 9433.4
123962 9433.34
124315 9433.56
124299 9433.46
123941 9433.64
125170 9434
123569 9433.36
123570 9433.34
124139 9433.48
123812 9433.72
124668 9433.6
123370 9433.42
124313 9433.54
123592 9433.42
123772 9432.84
124816 9433.8
124651 9433.6
123800 9433.62
123380 9433.32
124454 9433.5
123815 9433.66
124645 9433.6
123773 9432.1
124473 9433.58
124466 9433.64
125158 9433.8
124323 9433.66
124663 9433.6
123568 9433.36
123816 9433.7
125166 9434
124137 9433.48
123378 9433.4
123820 9433.72
124464 9433.76
124665 9433.6
123811 9433.64
124128 9433.42
124123 9433.42
125178 9434
124469 9433.64
123951 9433.28
124301 9432.48
124456 9433.48
123566 9433.44
123775 9432.8
123960 9433.34
124321 9433.64
125175 9434
124812 9433.8
