121887 1.00458282787438
121889 0.555471925334939
121890 0.786369593709043
121892 0.552558682023619
121897 0.54188132035871
121898 0.541749740808677
121899 0.678157671658661
121901 0.786377708978328
121902 0.60159865376525
121903 0.805431260607931
121904 0.372832746708382
121905 0.631233969791963
121906 0.641711229946524
121911 0.484390312193756
121912 0.506034009873834
121914 0.808823529411765
121915 0.605160070241794
121916 0.382462008289101
121917 0.473107700380428
121918 0.404061462435333
121920 0.294600510762495
121924 0.777471686562596
121925 0.359037877577114
121927 0.547834237129276
121928 0.505832507978431
121929 0.514751684693358
121930 0.533202136631993
121932 0.472490550188996
121933 0.358379948364888
121936 0.612355836332917
121939 0.503531438415159
121940 0.247111200040018
121943 0.416344418664604
121944 0.558307387489386
121946 0.218056787932564
121948 0.45682845780901
121949 0.376729371951826
121950 0.747759904998381
121951 0.591875828871752
121952 0.42314453125
121953 0.459812248547161
121962 0.25948973242066
121963 0.489896560019245
121965 0.332445496695275
121966 0.405951735922978
121968 0.411673371444703
121969 0.482703137570394
121970 0.426018118011915
121972 0.372930866601753
121973 0.402429764616553
121974 0.291428234322459
122064 0.636503067484663
122066 0.155396892062159
122069 0.819556806190644
122070 0.495754245754246
122071 0.708884688090737
122072 0.594152046783626
122073 0.426314142678348
122074 0.35845862790003
122076 0.390635141400093
122077 0.26500794070937
122079 0.502881920575326
122080 0.618966496308915
122081 0.679897959183673
122083 0.742861552708751
122085 0.762746087834427
122091 0.678681552365763
122092 0.68643951833607
122093 1.21269508945565
122094 0.840648210668467
122097 0.523969791495649
122098 0.209491525423729
122099 0.324941292119491
122101 0.450544685924882
122102 0.483297041797228
122105 0.336139773374691
122108 0.658557046979866
122109 0.570944599442009
122111 0.30310684516292
122112 0.434506124576492
122114 0.202720574343473
122116 0.299099099099099
122117 0.382986031600641
122118 0.449723917465853
122123 0.504881450488145
122124 0.464490655435641
122125 0.478385012272704
122126 0.592463400454521
122127 0.464714256660565
122129 0.277619220590525
122132 0.271448397678526
122133 0.496381612475792
122134 0.587985565697304
122136 0.508044620830205
122137 0.481540747514002
122138 0.487869950983434
122139 0.582329763027915
122141 0.275110277341175
122142 0.451692279121593
122143 0.284458745557583
122146 0.401893602552702
122147 0.414782271611319
122245 0.368198874296435
122246 0.560210463615606
122247 0.618309154577289
122249 0.586392900643814
122251 0.593897566291319
122252 0.299062844542448
122253 0.330169652390556
122256 0.218359431116219
122263 0.336749633967789
122264 0.864169675090253
122268 0.750235331032319
122269 0.503219360568384
122272 0.883370649297781
122273 0.350268443030424
122274 0.389926888708367
122275 0.3113631500107
122276 0.25902901124926
122277 0.262827932098765
122278 0.391513982642237
122279 0.424137301442395
122280 0.316609580780549
122281 0.457084814626714
122283 0.414088529271775
122285 0.371052766262347
122286 0.339785900493649
122287 0.461908789278511
122288 0.44281004311438
122289 0.455860560299203
122291 0.572599401927124
122292 0.759653935429416
122293 0.398029373489496
122296 0.347701882364944
122297 0.444402687086015
122298 0.3805405916265
122300 0.258982035928144
122301 0.354893059390649
122305 0.309128025663459
122306 0.325011307100859
122307 0.430922520200268
122309 0.249189189189189
122310 0.340933767643865
122312 0.206443768996961
122313 0.299543613807289
122314 0.255976853966804
122315 0.3644412191582
122317 0.601781446882468
122319 0.389424179857766
122321 0.317574461882319
122322 0.368432545748351
122323 0.29451665135005
122409 0.161407590519122
122410 0.207808564231738
122411 0.245290175749147
122412 0.24725975019118
122413 0.30009294914354
122414 0.201318577819637
122415 0.225413923798125
122416 0.0512934879571811
122418 0.29590237348858
122420 0.190581309786608
122422 0.268041237113402
122423 0.454764893308873
122424 0.292669066111006
122425 0.167930141061318
122426 0.285910787974062
122427 0.384187568157034
122428 0.366146341463415
122429 0.280720338983051
122430 0.455469155002592
122432 0.386436199493559
122433 0.322228952150212
122434 0.0950020652622883
122437 0.220588235294118
122439 0.221223021582734
122440 0.109965635738832
122443 0.190909566399916
122445 0.092902577837295
122447 0.124018189334436
122448 0.103550295857988
122450 0.189933523266857
122452 0.0771969179752268
122453 0.140651975220879
122454 0.220796971927242
122455 0.210367875912036
122461 0.173898235814999
122462 0.101258894362343
122464 0.0766077270280343
122465 0.218547153429528
122466 0.0918431162333602
122467 0.109188973232121
122468 0.126423416198877
122469 0.108729230049146
122471 0.184805088383346
122472 0.126635779891083
122473 0.12726614945532
122480 0.177233539330129
122536 0.320210701413917
122537 0.186965535112724
122538 0.142541087231353
122539 0.322137188208617
122540 0.265826253768156
122541 0.278016623674405
122542 0.183594588791067
122545 0.383895705521472
122548 0.144152177143706
122549 0.24232585596222
122550 0.333704115684093
122551 0.175510728510857
122555 0.169353193225872
122556 0.312636761487965
122557 0.297173732335827
122559 0.122564699040419
122560 0.191484214346196
122562 0.33013844515442
122563 0.0418779649926386
122564 0.280427869326395
122568 0.278728606356968
122569 0.286815068493151
122570 0.226801875477047
122571 0.0653879686137751
122572 0.254345061466723
122573 0.246027678113788
122574 0.268009511819835
122575 0.406797583081571
122576 0.137149672033393
122577 0.236461347664324
122579 0.225600784698382
122585 0.273618442313907
122586 0.293862575050033
122587 0.269467663880334
122590 0.332809224318658
122593 0.097342804525125
122594 0.629804116042648
122596 0.291788651889028
122599 0
122602 0.166630434782609
122603 0.232960951112022
122604 0.354220611082341
122605 0.0614691117713349
122606 0.121710526315789
122608 0.0959892394228418
122610 0.144704608898764
122613 0.229050279329609
122614 0.153991868416189
122615 0.106456518733582
122616 0.156874565267795
122618 0.232669704965219
122619 0.104156165513449
122620 0.0999539382772916
122623 0.114526630376774
122625 0.111955815464587
122626 0.116590593371701
122628 0.169077205133428
122629 0.173413150893197
122630 0.23918343930774
122631 0.0735265885966596
122632 0.120266536648789
122634 0.0462037962037962
122640 0.122202955990422
122641 0.136409227683049
122642 0.103130418910286
122643 0.0980211937716263
122646 0.139403392474166
122647 0.117718446601942
122648 0.108273933050618
122649 0.12510928081719
122650 0.0904510077828777
122652 0.109557754861928
122653 0.114942528735632
122654 0.140505400020971
122657 0.214944571380215
122658 0.231780167264038
122661 0.119184376794945
122665 0.190310302561125
122667 0.253291880029261
122672 0.168993740972557
122673 0.100822376062817
122766 0.117597203093548
122767 0.249325279527053
122768 0.431557572861921
122769 0.227166047330334
122770 0.16246953696182
122772 0.247095941488599
122773 0.112041036717063
122776 0
122777 0.453161114887831
122778 0.327600327600328
122779 0.543794654670548
122780 0.133565621370499
122781 0.378090856814261
122783 0.412943406444625
122786 0.35052754982415
122787 0.260506798516687
122789 0.263728736157096
122796 0.384315635655139
122797 0.390840030826819
122798 0.267586059439812
122799 0.354235197368421
122800 0.515277934378171
122801 0.421677303773374
122802 0.420091324200913
122803 0.225004949514948
122804 0.181481481481481
122805 0.281195079086116
122808 0.108695652173913
122809 0.359550561797753
122810 0.221102683120118
122812 0.156954791305235
122813 0.167466916500761
122815 0.165499351491569
122816 0.167850948357858
122819 0.0272286018704866
122820 0.127514023806266
122821 0.105952321455345
122823 0.278215709913753
122824 0.123122157394221
122825 0.120558317748483
122826 0.0746801122580032
122827 0.075607994221045
122829 0.0670490346554649
122830 0.155286239743469
122831 0.191836734693878
122832 0.100147683219494
122833 0.110456553755523
122835 0.161746231155779
122838 0.0251778872468528
122841 0.130516907767438
122842 0.150332097621254
122843 0.156696786000229
122844 0.151317608944728
122845 0.165824384080859
122846 0.131360946745562
122847 0.145600862819928
122853 0.00293288212069938
122855 0.147240153768042
122856 0.141708157793949
122858 0.155585220911205
122859 0.135046223036562
122860 0.171379235916253
122993 0.532385466034755
122995 0.216841344416335
122996 0.34718826405868
122998 0.247747747747748
122999 0.245231607629428
123001 0.384331116038433
123002 0.479670612454967
123003 0.340648542417294
123004 0.200779989241528
123011 0.5327325735489
123012 1.01187845303867
123013 0.642458100558659
123014 0
123016 0.158477256142058
123018 0.333078519165666
123019 0.43382710053424
123020 0.133204098587649
123021 0.134190984206673
123022 0.134685307522917
123023 0.182136943605727
123024 0.19025425684094
123025 0.0945874934314241
123026 0.196534653465347
123027 0.246348842061339
123028 0.327287888263498
123029 0.198862180308544
123034 0.308477046393005
123035 0.339221510082851
123036 0.152813267197755
123038 0.0577899258102304
123039 0.22205279710283
123040 0.210250944675903
123041 0.172417307986341
123042 0.133519714643787
123043 0.230845912845343
123044 0.0986118962376735
123048 0.202597402597403
123049 0.23355484927285
123050 0.198339928578323
123051 0.188749881527817
123052 0.0870719267200999
123054 0.302078053725291
123055 0.399480819152005
123056 0.222188860531452
123058 0.112748586979276
123059 0.173252539045831
123060 0.175971699396798
123062 0.179511521532752
123063 0.234934905220304
123065 0.109327250032282
123164 0.258852258852259
123165 0.410495133305121
123166 0.298323850530524
123167 0.341527082880139
123168 0.0670654341127424
123169 0.454545454545455
123170 0.0457454819277108
123172 0.418528064146621
123175 0.264188941779568
123176 0.0728243718897924
123178 0.030765115034778
123193 0.0997766514904218
123196 0.144578313253012
123197 0.0535049347456708
123198 0.106282886712897
123200 0.0958425074472219
123201 0.10383064516129
123202 0.197316555488175
123369 0.293841825570491
123370 0.358763966480447
123378 0.101092896174863
123380 0.241910460992908
123382 0.278195488721805
123565 0.639446964787211
123566 0.0915612610911837
123567 0.176524112829845
123568 0.138307470227355
123569 0.171575636259651
123570 0.120222501345774
123591 0.201928324540659
123592 0.346045197740113
123596 0.0999360015753458
123597 0.22359608449253
123598 0.578004792533737
123599 0.282218275113479
123600 0.315546176263692
123601 0.154185303514377
123602 0.269015330188679
123603 0.0723834365829801
123604 0.103374205674394
123606 0.462249045448947
123607 0.0859475719810915
123608 0.0857959205269981
123610 0.0491268340984787
123611 0.0454505005561735
123612 0.138278003455199
123615 0.0555693200722047
123616 0.0990359333917616
123617 0.0749585183192071
123618 0.0555495115211384
123619 0.0778356802306242
123620 0.0723545438565653
123621 0.0803910917979359
123623 0.0356907408670349
123624 0.0272028653684855
123631 0.130235832453362
123632 0.0767708745548081
123633 0.0366021046210157
123635 0.0615613212938622
123636 0.0831899024670109
123637 0.0549989490646676
123638 0.0594568536075848
123639 0.0952136332164474
123640 0.10756944282754
123641 0.112482652837631
123643 0.064497576205735
123644 0.0572135818037457
123645 0.114026211219982
123646 0.0982046336138373
123647 0.0829194749911316
123648 0.0938578329882678
123650 0.0998643147896879
123651 0.0505751241999731
123652 0.0814373268407354
123653 0.0783060950191869
123654 0.0775263835758636
123656 0.0725711883532093
123658 0.112409038682497
123659 0.0557396219060612
123767 0
123768 0.148570013618918
123771 0.398360311120454
123772 0.211392273247943
123773 0.149238154873722
123774 0.0880730050933786
123775 0.346723316595854
123781 0.159355707190271
123782 0.367558447818752
123783 0.405744001891029
123784 0.322840733377513
123786 0.144150184378143
123787 0.138060352346067
123789 0.157047554929922
123790 0.094470184728323
123792 0.0826411022159761
123793 0.690711126233413
123794 0.201736879011813
123796 0.318302387267904
123800 0.259265555933356
123803 0.315444591904446
123809 0.312026399413346
123810 0.304021104804541
123811 0.251395311752512
123812 0.359118236472946
123813 0.245858833129335
123814 0.232843894899536
123815 0.243107769423559
123816 0.270520520520521
123817 0.31288698092958
123818 0.415580045427778
123820 0.323394709785961
123821 0.105844885724991
123822 0.0647678501755755
123823 0.090459777589907
123826 0.0557465390690328
123829 0.0643011174279553
123830 0.138611273100203
123831 0.040573490685653
123833 0.03125
123836 0.0583388464545619
123837 0.108723329528492
123839 0.060738885410144
123840 0.102778126438224
123841 0.0627491196161139
123842 0.115909929863418
123843 0.100087705721509
123844 0.105873908362244
123845 0.0445485369343237
123847 0.0862283806011065
123849 0.0334387708992318
123850 0.101468145288017
123851 0.0493779636401813
123852 0.0710840918353485
123853 0.058820377250643
123858 0.0750894663139879
123859 0.114220669623582
123860 0.0756553585196608
123862 0.0884005619104957
123863 0.0799901043169917
123864 0.0628546486250546
123865 0.0791424666894431
123866 0.106304369730964
123867 0.096373695963737
123868 0.0821423362986729
123869 0.083774913951813
123871 0.0499693648308258
123872 0.0445079826794037
123873 0.0620877065159601
123938 0.296897721764421
123939 0.489301941346551
123941 0.245745542949757
123944 0.771018166455429
123951 0.38650129795212
123952 0.321920357275772
123953 0.476878612716763
123955 0.282486396753666
123956 0.346076458752515
123958 0.327217703801778
123959 0.222066794894212
123960 0.163438256658596
123961 0.380071989528796
123962 0.412239655014221
123963 0.123582034492299
123964 0.117704162116248
123965 0.0839774277232489
123966 0.105250349820527
123969 0.0543184778120136
123970 0.118250131065416
123971 0.0561470098129976
123972 0.0394891808881602
123973 0.199664429530201
123974 0.040527958814831
123976 0.089204475593262
123977 0.0822033898305085
123979 0.110999305206162
123980 0.0551820794830986
123981 0.0741199243720177
123982 0.0796407318098356
123984 0.0637311703360371
123985 0.101200613974221
123986 0.062214848610535
123987 0.0773750821827745
123991 0.182861012931491
123992 0.148572037889424
123993 0.0701958859853597
123994 0
123995 0.0885971430930559
123996 0.0525642846995312
123997 0.122973290514608
123998 0.122419148547415
124001 0.126549249836921
124007 0.113864549105513
124008 0.0836833602584814
124010 0.0500386327679458
124011 0.0580183630935617
124013 0.0847971256441896
124014 0.107950335255101
124016 0.0918532770384622
124017 0.131876072622166
124019 0.0752698566135009
124080 0.112383473357118
124081 0.467901234567901
124084 0.301628476725753
124085 0.569026440843183
124086 0.282253322356815
124087 0.248306560867041
124089 0.117428319796458
124091 0.133801639070079
124092 0.0658385936333401
124102 0.0735665891394479
124103 0.143451143451143
124106 0.44908940397351
124107 0.178637200736648
124109 0.156755009696186
124110 0.130626508028954
124111 0.153874114012237
124112 0.0899082568807339
124113 0.489562360919784
124114 0.253613999492772
124115 0.285835453774385
124117 0.0943952802359882
124121 0.542423763627745
124123 0.282466112811543
124125 0.35649009984769
124126 0.412077478161793
124127 0.320873304664241
124128 0.268888301154897
124129 0.401980029017667
124132 0.233401671660621
124134 0.244779185210544
124137 0.370834377349035
124138 0.33798950343157
124139 0.226418178845839
124140 0.428015900449361
124141 0.381641674612118
124142 0.184041184041184
124144 0.0875584054080923
124146 0.0682283375028429
124149 0.0545829042224511
124150 0.0893103534783372
124152 0.0818490340039483
124153 0.0469892819356916
124154 0.088518614944025
124155 0.0881792183031459
124156 0.102356208564773
124159 0.0532210660100087
124162 0.0783101110200432
124165 0.0913781738003773
124166 0.0942277978922123
124167 0.101904991560164
124170 0.0669245647969052
124171 0.103284396762658
124172 0.104865536451445
124173 0.115788098260285
124174 0.0815356837403782
124175 0.0605568274130419
124176 0.087567097603387
124177 0.0838111122693631
124178 0.0246200607902736
124179 0.0767498776309349
124181 0.0974954441381244
124185 0.0555638984832558
124186 0.0719580389266982
124188 0.102130609850404
124190 0.107314522454397
124192 0.096113074204947
124193 0.0859389986572032
124194 0.109237337473317
124281 0.242638534662648
124282 0.357269226766573
124289 0.209331651954603
124290 0.199065363840505
124291 0.0752493200362647
124293 0.147377823146612
124294 0.0925945829750645
124296 0.0924447098042142
124299 0.403402187120292
124300 0.246582214975542
124301 0.382562478796788
124302 0.346420073545317
124309 0.406732117812062
124311 0.00548523206751055
124312 0.480765773863023
124313 0.429054054054054
124314 0.270320360074133
124315 0.395927601809955
124318 0.601350290469461
124319 0.26019313304721
124321 0.672624538745388
124322 0.384442446043166
124323 0.327153762268266
124324 0.201517706576729
124326 0.280487804878049
124327 0.0674814027630181
124328 0.0838617304152178
124329 0.0612509904040849
124333 0.101640714808235
124334 0.0278090943254416
124335 0.0445902742722531
124336 0.0446823317504503
124337 0.0817599495957156
124338 0.0597938575400891
124339 0.0869955156950673
124341 0.0757862826828344
124343 0.0452221785292961
124344 0.0618400196459268
124346 0.043016788283921
124347 0.0525376768397632
124348 0.0743549548786171
124349 0.119264158743282
124350 0.0561103783263196
124351 0.0652238363474652
124352 0.0657174151150055
124353 0.0753950993185443
124354 0.0860701927829955
124359 0.0656249282944402
124360 0.0549752999294284
124361 0.0952236135957066
124374 0.0527601756023917
124375 0.121396534717957
124376 0.0483352727651666
124377 0.0581022966419617
124436 0.110558319513543
124437 0.172419613469491
124440 0.297270258682292
124444 0.079669866936163
124445 0.184691155345783
124448 0.299468157643529
124449 0.249979168402633
124450 0.0435695538057743
124452 0.20424373085215
124454 0.479723046488625
124456 0.152773165061441
124458 0.407536231884058
124462 0.415415415415415
124464 0.391250711710002
124465 0.254162679425837
124466 0.428134556574924
124467 0.513961958721165
124469 0.234886499402628
124472 0.305127398553004
124473 0.163388154358809
124475 0.397795591182365
124477 0.35964502568893
124479 0.0813276184196066
124480 0.038296242713076
124481 0.0487339249375879
124484 0.0442873782295637
124486 0.11025964444656
124490 0.0319620418165702
124491 0.0976539240204835
124492 0.020106213256988
124493 0.0786974219810041
124495 0.0968692935559809
124496 0.0729667200569497
124497 0.104525862068966
124498 0.047375668043595
124499 0.0572777229815415
124500 0.0567329268569097
124502 0.064564249586276
124505 0.0562552739319311
124506 0.0929152148664344
124507 0.0911906893464637
124508 0.0453776139611855
124509 0.0688784899311215
124510 0.150104153902708
124513 0.0434942698025498
124515 0.0774814167031045
124516 0.03911184950591
124517 0.183501020444699
124518 0.129020524811639
124519 0.0522094838258248
124522 0.113063407181054
124523 0.0961743962385125
124524 0.10061627468243
124525 0.0607718018839259
124526 0.144072330408731
124527 0.0549950959787025
124625 0.0410423774909756
124626 0.307470034246575
124629 0.113251605370695
124630 0.194032582829947
124632 0.0642914545941602
124633 0.180412371134021
124639 0.112574850299401
124640 0.0944841675178754
124641 0.122980969134815
124644 0.215304443225453
124645 0.253245582401731
124647 0.191446673706441
124648 0.251497584541063
124650 0.462894248608534
124651 0.350058447981297
124652 0.428688449986347
124655 0.507736779459276
124657 0.383727080394922
124658 0.28285209192693
124659 0.353330184222957
124660 0.529646399310048
124663 0.26862364995846
124665 0.413980660757454
124667 0.408263649778652
124668 0.261200637506641
124671 0.0220971820397749
124672 0.046828410236609
124673 0.0333755007379296
124674 0.0576806946671387
124675 0.0246796783415256
124676 0.065397853816562
124677 0.0562278048138893
124679 0.0953444425356468
124680 0.113584036838066
124681 0.0814757174898155
124684 0.09598141506358
124685 0.0898190045248869
124687 0.0399395509499136
124688 0.0663090128755365
124690 0.0898535426837314
124691 0.0552629895742277
124699 0.0901340395381792
124701 0.103889612823763
124702 0.0792276843232257
124704 0.072259193194292
124705 0.054755094744369
124706 0.0426848788816562
124707 0.0950141449087338
124708 0.101523909616395
124709 0.0745326352002722
124711 0.0815331762505171
124712 0.0517017165787323
124713 0.121582695672151
124714 0.0605558718492832
124716 0.0623018223631485
124718 0.0628800644735878
124719 0.0619897240990991
124807 0.13329469718922
124808 0.596789951151431
124809 0.213039014373717
124810 0.736872642877865
124812 0.472404831065586
124814 0.391076532232455
124816 0.324925181701582
124820 0.560104814936129
124822 0.148463356973995
124823 0.0681081508419638
124824 0.0972826341144006
124828 0.112897450587224
124831 0.0810020188702567
124836 0.0711360206941151
124845 0.0570797770657764
124849 0.0659090396626756
124851 0.0485643309536065
124852 0.0663603879530373
124853 0.0824402308326463
124855 0.13345521023766
124856 0.0752672318466642
124860 0.0884471097237055
124861 0.0632001642747952
124862 0.117503781760377
124863 0.0886147356028647
124864 0.0376427100879656
124865 0.0644695910914747
124870 0.124866945058544
124871 0.0435550807412582
124875 0.0389753805512851
124877 0.0864737082580107
124960 0
124961 0.0620732464307883
124962 0.444092955347366
124963 0.232059099437148
124966 0.348027842227378
124967 0.269574175824176
124968 0.137363532670686
124969 0.190574678682228
124970 0.311916055771166
124971 0.241244005231798
124972 0.166457286432161
124973 0.00191683869065173
125119 0.0976175848180763
125120 0.311493018259936
125121 0.313657693257594
125122 0.111416114968513
125125 0.0433052434456929
125126 0.087431693989071
125127 0.289590643274854
125149 0.0555607000648208
125151 0.0748444790046656
125153 0.106725857455607
125154 0.0362078743918092
125155 0.0638800758043566
125158 0.3590337524818
125159 0.223809523809524
125163 0.170193192272309
125166 0.289610232894896
125168 0.219318712085861
125169 0.35924981791697
125170 0.342110142777675
125171 0.115635997988939
125175 0.184938036224976
125176 0.346076088954236
125177 0.234956183057449
125178 0.193833017077799
125179 0.0398735021241737
125183 0
125184 0.161397592618613
125187 0.0378789867436672
125188 0.0292433288656025
125189 0.0753593429158111
125190 0.0468986003423623
125191 0.0759532128209023
125192 0.0438575118171629
125193 0.0471095723245452
125194 0.0951284717065201
125197 0.051948051948052
125198 0.0361339600470035
125199 0.0575887051829835
125200 0.0365725097986214
125202 0.039506061358557
125205 0.0803405891643205
125206 0.0406113812922377
125207 0.028381412292964
125209 0.0890578615697099
125212 0.0210424917050198
125213 0.0546392383127077
125214 0.0494185435198621
125215 0.0483364720652856
125217 0.0695132145842711
125222 0.029120100739808
125224 0.0408886740387133
125225 0.0483012552301255
125226 0
125227 0.0501965165692397
125254 0.0796479893060042
125255 0.0303332917238797
125256 0.142321270962048
125257 0.256061636075232
125259 0.0947749095897244
125260 0.201050070431553
125261 0.128059191804212
125262 0.217700221679077
125264 0.0677623855365109
125285 0.123820244176985
125286 0.251677852348993
125287 0.305552388553187
125290 0.1953125
125291 0.0587940118758886
125293 0.0378600823045267
125294 0.088633735337849
125295 0.0815697906565513
125297 0.240617705153528
125303 0.0318197259653493
125305 0.22667170381564
125307 0.0903243590921621
125309 0.169511038873087
125310 0.230384412848868
125311 0.203094068480094
125312 0.0773589793407163
125315 0.239845737261016
125316 0.0267238119248708
125317 0.0463907960660605
125318 0.0639801518682806
125325 0.0158525158905011
125326 0.0599199300050375
125327 0.0866742121880026
125329 0.109588353413655
125331 0.0404571659755234
125337 0.0328767123287671
125338 0.0590223327745633
125339 0.0741321044546851
125340 0.0613253515244327
125343 0.0110398661834402
125344 0.0152597645067337
125345 0.0472044451059185
125346 0.055103390756665
125347 0.0490261030873195
125351 0.0558884535607283
125353 0.0546068052443139
125354 0.0253229833894257
125357 0.0170048747307561
125358 0.0115152400428474
125360 0.0584902737513001
125361 0.0658042885380439
125362 0.0436328377504848
125363 0.0422814550051217
125364 0.0334143799930531
125366 0.0332693538067818
125367 0.0579069713917466
125368 0.0847426596791542
125369 0.0389785885696978
125370 0.0625396699460489
126252 0.332945285215367
126253 0.556478405315615
126254 0.369700103412616
126255 0.420021001050053
126256 0.247613365155131
126257 0.317936412717456
126258 0.518914185639229
126259 0.191938579654511
126260 0.375066737853711
126263 0.668965517241379
126265 0.30324471848782
126266 0.418642491864249
126268 0.413500904503475
126273 0.323460639127046
126429 0.14551062831087
126431 0.228378685666641
126432 0.228217136072818
126433 0.219584946373041
126434 0.0569979716024341
126435 0.300680272108844
126436 0.341025137470542
126449 0.134755755193711
126451 0.280982163539495
126453 0.320069204152249
126454 0.357156729462031
126460 0.17330712881901
126461 0.283279742765273
126462 0.135074290859973
126464 0.0377166156982671
126465 0.0657668903105009
126467 0.0659120217796246
126469 0.162321338791927
126471 0.451175264237261
126472 0.262260935428896
126473 0.458949175169257
126475 0.387384298937264
126476 0.588235294117647
126477 0.199506488758911
126478 0.210743431082414
126479 0.276190476190476
126480 0.333045915067903
126483 0.322893122376493
126485 0.396638020587402
126487 0.428385107896609
126488 0.295138888888889
126490 0.353101567825494
126492 0.262159575393718
126494 0.315126050420168
126496 0.264031382015691
126499 0.810702875399361
126503 0.250888563662973
126505 0.208427389014296
126506 0.425200960434283
126507 0.252384275412887
126508 0.176290155440415
126509 0.143805934997645
126510 0.217247169242692
126511 0.126949082378915
126513 0.029975237846996
126514 0.170131523122613
126520 0.446724968766732
126521 0.134529147982063
126527 0.0800961153384061
126528 0.175953079178886
126531 0.29695885509839
126532 0.170045445564118
126535 0.0760079312623926
126536 0.100756782867724
126540 0.157833345483706
126541 0.172979996849898
126542 0.361500225937641
126546 0.0688828990715783
126552 0.132572270300129
126554 0.0988748721445619
126555 0.138160428556423
126556 0.111765696010773
126557 0.20249840300944
126559 0.127161182375906
126562 0.235109343936382
126563 0.131067305744954
126564 0.138589265869125
126566 0.15161502966381
126568 0.140182015654844
126575 0.155373960203745
126577 0.162760812958642
126578 0.0649646211776389
126579 0.149374963995622
126581 0.181809343250207
126651 1.35553555355536
126652 0.353124251855399
126653 0.34758854559156
126656 0.25880594225918
126657 0.42247454972592
126658 0.51431786920095
126662 0.242195909580194
126664 0.222758492667533
126665 0.392620624408704
126666 0.359051279647511
126667 0.284988201125431
126668 0.415923387475354
126669 0.529786436867741
126670 0.313606034232666
126673 0.421702927746441
126776 0.202383924113829
126777 0.0747337609765212
126778 0.136590349137672
126779 0.0693989786565405
126780 0.322926967085747
126782 0.155397871262038
126783 0.207967927837635
126814 0.178518298125558
126815 0.269516728624535
126817 0.174927113702624
126821 0.396428571428571
126823 0.182171321411828
126824 0.225005667649059
126825 0.148996964105006
126831 0.115606936416185
126832 0.381552819698173
126834 0.300163428363901
126835 0.231120666487503
126836 0.294123134328358
126837 0.206768750609578
126838 0.556476438550793
126839 0.358115075273252
126842 0.270877280059561
126845 0.225975070365903
126846 0.278855698944139
126847 0.234142596679781
126851 0.447073283146413
126853 0.273931855056787
126854 0.375189242140885
126855 0.168134507606085
126856 0.202527108163814
126858 0.139920588965175
126859 0.106985244951634
126862 0.183993283895341
126866 0.131875377768009
126868 0.235192283912452
126869 0.151944051286321
126870 0.19656122193473
126871 0.0611546972440153
126874 0.0622491878463596
126875 0.179439252336449
126877 0
126878 0.172356131979281
126879 0.0782573618394514
126880 0.0910885076666161
126881 0.207268862911796
126882 0.178140941718207
126883 0.208051877870846
126890 0.107516419362685
126892 0.205985382519569
126893 0.259155259155259
126894 0.245901639344262
126895 0.169358823305842
126906 0.123324396782842
126907 0.0765411667356227
126909 0.223057535199027
126911 0.0883644986976636
126912 0.270587468214123
126914 0.145650048875855
126915 0.128686327077748
127206 0.578125
127213 0.492222458981462
127214 0.235831809872029
127215 0.202914798206278
127217 0
127218 0.0712074303405573
127219 0.191709844559586
127251 0.2544465497219
127257 0.153434842389367
127261 0.0232798503789743
127262 0.16887104393009
127263 0.070885643522077
127264 0.145500610776818
127266 0.0748549434135693
127267 0.113463772000357
127268 0.106072659771944
127269 0.242673792106531
127270 0.150585367976672
127271 0.0255547510541335
127272 0.0872923287340601
127273 0.0956899645149715
127278 0.203649746971323
127279 0.0893139246219815
127280 0.232888613093391
127283 0.167832167832168
127285 0.163711154896471
127287 0.115480363765686
127289 0.105387490303928
127290 0.079340963570681
127291 0.119132302708033
127294 0.114849311187449
127295 0.143362251221113
127296 0.145731235491359
127297 0.111596794489701
127304 0.140115919194193
127306 0.234037718700295
127307 0.0725441977934335
127308 0.158183434526849
127312 0.0901901546116936
127315 0.0993030024509804
127317 0.09071147897333
127318 0.101788170563961
127319 0.0927100958826847
127320 0.130766768780577
127321 0.262243285939968
127322 0.0992640120777505
127325 0.0702451954937044
127327 0.151857945975593
127328 0.0970146617205441
127329 0.14159258558729
127330 0.122579097110342
127417 0.412938747419133
127418 0
127420 0.250941028858218
127421 0.170635425951866
127422 0.360857386432834
127423 0.328886844526219
127424 0.105353846153846
127425 0.101455668284076
127442 0.262161374890766
127443 0.292250756981047
127444 0.232701812191104
127588 0.192330268049305
127589 0.205629216096767
127592 0.215843346684468
127594 0.0784646378962994
127598 0.503517215845983
127600 0.285736800630418
127601 0.0608497121302363
127602 0.24685534591195
127606 0.223268325487559
127610 0.223938223938224
127611 0.098941156049297
127612 0.118323789692868
127613 0.202744704250944
127615 0.176772819848176
127619 0.195922689965581
127620 0.203955500618047
127621 0.27027027027027
127622 0.300168634064081
127623 0.253442719015529
127625 0.246808111152835
127626 0.147936672722554
127627 0.265401833297804
127630 0.249791840133222
127631 0.32609262316448
127635 0.169249592169657
127637 0.15907751872738
127638 0.238562428999277
127641 0.345441595441595
127642 0.00375505488157135
127643 0.419714469040744
127644 0.235184241806758
127645 0.199292554568199
127646 0.260705966672639
127647 0.254105127969911
127650 0.336989574283232
127651 0.269829564077352
127652 0.205743677668238
127654 0.0899040213825781
127657 0.462577613693573
127659 0.176482638533238
127661 0.232406955956444
127662 0.252082734846309
127663 0.351908286170367
127667 0.233509870004815
127668 0.296226557204188
127670 0.168288726682887
127673 0.280182232346241
127677 0.254764993513621
127678 0.188338695754532
127680 0.142260027865366
127681 0.316502829907656
127682 0.381956912028725
127683 0.171714201705381
127684 0.259347309271666
127685 0.164070769696053
127690 0.26781253122814
127692 0.140204622963244
127694 0.340872045639772
127695 0.154718927282104
127698 0.199448529411765
127700 0.185668718937764
127701 0.32258064516129
127702 0.191987906273621
127703 0.249692160350253
127710 0.233139987879837
127712 0.0884321223709369
127721 0.409988551803091
127722 0.225854852720524
127723 0.250562708202035
127924 0.118353647765412
127925 0.143300692620014
127927 0.125902447614017
127928 0.26646787747357
127931 0
127932 0.235722964763062
127933 0.525299343375821
127951 0.247143856376778
127955 0.11358024691358
127958 0.170900692840647
127959 0.380094043887147
127961 0.795755968169761
127962 0.13022113022113
127963 0.0766995932597327
128303 0.0709562227218622
128305 0.0813657096860746
128306 0.126785344649141
128307 0.365300984206912
128309 0.138317413666422
128310 0.0458807101536006
128312 0.252240292067707
128313 0.17273627461767
128314 0.396865520728008
128315 0.139649862214297
128316 0.064521144278607
129065 0.47695821577321
129066 0.300425777585336
129069 0.517864311521477
129070 0.449267348631463
129071 0.198607007176024
129072 0.330606680299932
129073 0.272605581955692
129080 0.244885916601101
129519 0.581232492997199
129522 2.0814479638009
129524 0.298561151079137
129526 0.620453727043572
129527 0.496032831737346
129529 0.463588951129998
129531 0.583998442670819
129535 0.0890271371876006
129536 0.198769522006626
129538 0.184788430637386
129539 0.140561797752809
129540 0.159916469747761
129541 0
129545 0.130703125
129549 0.24755611381137
129550 0.283844360767438
129551 0.15190336749634
129552 0.104914982686444
129553 0.166416791604198
129564 0.160107466564318
129566 0.115351022497967
129567 0.041992963341278
129568 0.0824635257482268
129572 0.122376160343434
129573 0.0407758430681067
129574 0.163175840233804
129575 0.0490609668447861
129576 0.101921975434354
129579 0.0597714147247688
129580 0.229956494717216
129582 0.131421136003621
129591 0.153528641900735
129611 0.0430416068866571
129617 0.110931288041375
129618 0.141611707096153
129619 0.098544425062198
129620 0.0409149166913142
129623 0.154327424400417
129626 0.110498220640569
129629 0.105644161162864
129630 0.172870043188064
129631 0.108720872418708
129632 0.0523528151119003
129633 0.0599168034194558
129635 0.106364378132649
129637 0.121140007932461
129638 0.053355798932884
129641 0.107302070989222
129643 0.0694338422391858
129644 0.0567429544164933
129645 0.0545752228488266
129646 0.0742392593010783
129648 0.0835654596100279
129649 0.0501275173687451
129651 0.111088916790321
129652 0
129653 0.139612999540652
129655 0.115863875940651
129656 0.111598327331862
129659 0.104913446406714
129660 0.118720652077611
129672 0.365131578947368
129673 0.704283360790774
129674 0.504158004158004
129675 0.283082706766917
129676 0.494641384995878
129678 0
129680 0.128971176099306
129681 0.121670503123972
129685 0.250804948313845
129687 0.208592777085928
129689 0.289995166747221
129691 0.589602091199535
129692 0.199629553406051
129693 0.590636908002177
129707 0.0922901633118116
129708 0.408761329305136
129709 0.548812664907652
129710 0.214590964590965
129711 0.340350877192982
129712 0.241078208048595
129713 0.230685203574975
129714 0.132962889462195
129715 0.249557686935469
129716 0.313035352748793
129719 0.323599169878446
129723 0
129724 0.321724709784411
129728 0.32916502560063
129730 0.271393643031785
129845 0.14619442351168
129847 0.232084631548439
129848 0.212831944175228
129849 0.219803978091669
129850 0.408487434803224
129851 0.275439938791125
129852 0
129853 0.268896497234659
129855 0.149627773273384
129857 0.169913947069329
129860 0.134648742411101
129861 0.248948513415519
129863 0.383255096135297
129864 0.252851091560769
130199 0.344534346103038
130200 0.200991908117985
130203 0.181392343724762
130204 0.0631174533479693
130205 0.259796437659033
130206 0.28495046390942
130207 0.184540832538926
130209 0.0859943334099089
130210 0.28751059621362
130245 0.059344003606853
130247 0.567556120288014
130248 0.210891343436938
130249 0.302938196555218
130250 0.381912817176318
130251 0.330579975219777
130252 0.22289156626506
130254 0.278404815650865
130255 0.3125
130259 0.193996591951763
130264 0.147390792383469
130265 0.128405021982505
130266 0.0939736781343801
130268 0.200433369447454
130271 0.147651006711409
130272 0.181274528125584
130275 0.263521378133002
130276 0.320744888657377
130278 0.266649573745273
130284 0.0711593199476883
130286 0.111772390767891
130287 0.128126154983368
130289 0.163371914370583
130290 0.0655324511657215
130293 0.0757855065339396
130303 0.12270185460836
130306 0.0866109257245698
130307 0.170088875268158
130308 0.133160537826017
130310 0.131952682778023
130312 0.194831013916501
130315 0.109133519128452
130316 0.227692307692308
130317 0.0275793868805626
130318 0
130319 0.0401650021710812
130320 0.123481325933703
130324 0.0382579162920787
130328 0.0715114031696946
130329 0.0656095432062846
130332 0.173428645028336
130335 0.048130081300813
130338 0.0666225113959559
130339 0.13757203941253
130343 0.129051925617315
130346 0.0792485160026926
130347 0.0300616729166021
130348 0.162487788993813
130350 0.118450459399056
130351 0.234970364098222
130352 0.0881028304677997
130420 0.367239732569245
130421 0.268553940321347
130423 0.238837757663345
130424 0.23093055771322
130425 0.231253889234599
130426 0.167251862635951
130427 0.254526958290946
130429 0.25611620795107
130460 0.350978610950533
130461 0.188708310868058
130462 0.264239532019704
130463 0.258431824733353
130464 0.194686557157224
130467 0.318664169787765
130469 0.306793118659021
130470 0.135509945320548
130472 0.099348247313722
130473 0.0884189252589411
130474 0.115616911130285
130475 0.199724968895292
130476 0.220510009993875
130478 0.112506851818016
130482 0.155561628860344
130484 0.163737314310928
130485 0.0967657992565056
130486 0.105991129820341
130488 0.114245046259879
130489 0.149445801239902
130490 0.0881713042482538
130491 0.144172245891662
130492 0.146566606771659
130494 0.0755488592337495
130495 0.14419410745234
130497 0.106467148262814
130500 0.0861299709020369
130501 0.212831269825028
130502 0.1170992261864
130503 0.139273835920177
130505 0.0636207320068779
130506 0.085989596061865
130507 0.0785395881978349
130508 0.116728936066203
130509 0.0768485184159513
130511 0.160016386726751
130512 0.0983141322341971
130514 0.105213432964013
130515 0.15324145643522
130517 0.135526272114714
130518 0.165944188566784
130521 0.14365855507543
130614 0.041589749158432
130616 0.242263091808849
130626 0.366766061263215
130628 0.228063146085424
130629 0.0791465932553338
130630 0.181778361804643
