122472 10359
122097 10358.8
121920 10358.4
121936 10358.4
121952 10358.4
122116 10359
122323 10359
122277 10358.6
122289 10358.8
121970 10358.6
122314 10358.8
123062 10358.2
122278 10358.8
121929 10358.6
122440 10358.8
121933 10358.4
122280 10358.6
122642 10359
122437 10358.8
122847 10358.2
122631 10358.8
123022 10358
123055 10358.2
121944 10358.4
122114 10359
122820 10358
122283 10358.6
123041 10358
123036 10358.2
123040 10358
122819 10358.2
122620 10358.8
123058 10358.2
122108 10359
122321 10358.8
122464 10359
122445 10358.8
122102 10359
123060 10358.2
122132 10359
122841 10358.2
122447 10359
121917 10358.4
122858 10358
122632 10359
122473 10359
121939 10358.4
122306 10358.6
121924 10358.4
122126 10359
122838 10358.2
122640 10359
122439 10358.8
122825 10358.2
122654 10359
122142 10359
122615 10358.8
121969 10358.6
121925 10358.4
122287 10358.8
123065 10358.4
123038 10358.2
122466 10359
122647 10359
122813 10358
122827 10358.2
122579 10358.8
122629 10358.8
122279 10358.6
122292 10358.8
122274 10358.8
121948 10358.4
122443 10358.8
122146 10359.2
122118 10359
122101 10359
122623 10358.8
122673 10359.2
123025 10358
123043 10358
122613 10358.8
122652 10359
122124 10359
122853 10357.8
122821 10358.2
122461 10359.2
122648 10359
122263 10359
122310 10358.8
122843 10358.2
122297 10358.8
122099 10358.8
122298 10358.6
121963 10358.6
121927 10358.8
122093 10358.8
122577 10358.8
122136 10358.8
122815 10358
122305 10358.8
122467 10359
122832 10358.2
122300 10358.6
122138 10359
122276 10358.6
123020 10357.8
123027 10358
122625 10359
123034 10358.2
122658 10359
122835 10358.2
122092 10358.8
122643 10359
122855 10357.8
122450 10359
122313 10358.8
123063 10358.2
122823 10358.2
122109 10359
122608 10358.8
121928 10358.2
122657 10359
123035 10358.2
122626 10358.8
122630 10358.8
122826 10358
122453 10359
122125 10359
123048 10358
123051 10358.2
122134 10359
122812 10358
123059 10358.2
122471 10359
122111 10359
122307 10358.8
123028 10358
122842 10358.2
122448 10359
121951 10358.4
121930 10358.4
122117 10359
122098 10359
122469 10359
122661 10359
122133 10359.2
121973 10358.6
122127 10359
122281 10358.6
121916 10358.4
122309 10358.8
121974 10358.6
121932 10358.2
122079 10358.8
122480 10359
122610 10358.8
122646 10359
121966 10358.4
122650 10359.2
121965 10358.6
122641 10359
123056 10358.2
121953 10358.6
122123 10359
122315 10358.8
121946 10358.4
122455 10359.2
123042 10358.2
122667 10359
122293 10358.8
122322 10359
123049 10358.2
122859 10357.8
122452 10359
122618 10358.8
122619 10358.8
122576 10358.6
122286 10358.8
121918 10358.4
121949 10358.4
122831 10358
122816 10358.2
122105 10359
122147 10359
121972 10358.6
122301 10358.6
122112 10359
123021 10358
122634 10359
122317 10358.8
122860 10358
122129 10359
122291 10358.8
123044 10358
123054 10358.2
123050 10358
122616 10358.8
122665 10359
122143 10359
122094 10359
122672 10359
122296 10358.6
121968 10358.6
122285 10358.8
121962 10358.4
122846 10358.2
123039 10358.2
122829 10358.2
122137 10359
122465 10359
122628 10358.8
122468 10359
122824 10358.2
121940 10358.2
123026 10358
123029 10358
122833 10358
121950 10358.4
122275 10358.6
122139 10359
123023 10358
122319 10358.8
122856 10357.8
122614 10358.8
122141 10359
122454 10359
123024 10358
122649 10359
122312 10358.8
122462 10359.2
122653 10359
121943 10358.4
122844 10358.2
122288 10358.8
122830 10358.2
122845 10358.2
123052 10358.2
