125222 9460.6
124856 9460.4
124701 9460.2
125338 9460.6
124153 9460.66
123645 9460.34
125326 9460.6
123653 9460.46
123858 9460.14
125217 9460.8
124346 9460.36
125226 9460.8
123623 9460.12
124711 9460.4
124155 9460.64
125224 9460.8
124341 9460.42
124824 9460.2
124333 9460.32
124172 9460.76
123611 9460.02
123865 9460.18
123866 9460.14
125194 9460.4
125189 9460.2
124822 9460
123638 9460.04
124707 9460.2
123837 9459.86
123993 9460.06
123982 9460.12
123618 9460.08
124008 9460.14
124523 9460.3
124828 9460.2
124328 9460.22
124677 9460.2
123830 9459.8
123851 9460.16
125154 9460.6
124687 9460.2
125340 9460.8
123624 9460.1
123852 9460.12
123839 9459.86
123976 9460.06
123964 9459.16
123201 9460.4
124001 9460.06
125331 9460.8
123860 9460.12
124506 9460.28
124685 9460.2
124718 9460.4
124495 9460.34
123829 9459.84
123651 9460.4
124861 9460.2
123984 9460.14
124339 9460.38
124863 9460.2
124525 9460.38
123998 9460.12
123845 9459.9
123847 9459.82
123872 9460.22
123197 9460.4
124527 9460.34
123863 9460.18
124496 9460.32
125197 9460.4
123991 9459.98
124480 9460.12
124675 9460.2
125215 9460.6
125362 9460.6
123633 9460.1
124360 9460.46
123640 9460.04
125212 9460.8
125187 9460.2
123997 9460.06
124510 9460.56
123981 9460.14
123842 9459.8
124706 9460.2
123833 9459.88
125357 9460.6
123635 9460.1
124150 9460.58
124165 9460.66
125213 9460.8
123616 9460.1
124349 9460.38
124672 9460.2
123965 9459.24
123979 9460.06
124509 9460.58
125190 9460.4
124519 9460.54
125360 9460.6
124193 9460.86
123853 9460.12
124159 9460.72
123862 9460.16
124716 9460.4
124335 9460.34
124875 9460
124338 9460.38
125343 9460.8
124699 9460.2
125318 9460.6
124679 9460.2
124019 9460.1
124526 9460.38
123650 9460.38
124175 9460.82
124348 9460.38
123659 9460.46
124167 9460.76
124486 9460.22
125369 9460.6
124851 9460.4
124351 9460.44
124092 9460.56
123973 9460.14
123970 9460.1
124013 9460.1
123631 9460.12
123610 9460.04
125347 9460.6
125316 9460.4
124171 9460.78
125199 9460.4
125370 9460.6
124343 9460.36
124714 9460.4
123871 9460.24
124484 9460.22
124517 9460.54
124502 9460.34
124865 9460.2
125206 9460.6
124870 9460.2
124690 9460.2
123637 9460.04
125183 9460.2
123647 9460.34
124361 9460.46
125366 9460.6
123849 9460.1
123823 9459.76
123821 9459.68
124493 9460.34
124479 9460.12
124836 9460.4
123620 9460.08
123868 9460.22
124177 9460.82
125345 9460.8
123986 9460
123840 9459.86
125179 9460.4
124178 9460.88
124853 9460.4
123995 9460.06
124684 9460.2
124499 9460.24
124877 9460.2
123867 9460.16
124017 9460.1
125155 9460.6
125227 9460.6
124481 9460.18
123873 9460.22
124497 9460.32
125193 9460.4
124823 9460.2
123836 9459.8
125329 9460.6
123639 9460.1
124146 9460.58
123641 9460.1
125264 9460.4
123859 9460.18
123994 9460.06
124010 9460.14
123977 9460.12
124162 9460.7
125151 9460.6
124007 9460.06
124676 9460.2
124522 9460.24
124181 9460.82
124329 9460.32
124719 9460.4
124354 9460.42
123648 9460.34
125225 9460.6
124188 9460.86
124505 9460.26
124186 9460.88
123654 9460.4
125339 9460.8
124152 9460.58
125327 9460.6
125337 9460.8
124831 9460.2
123841 9459.82
124871 9460.2
124712 9460.4
124490 9460.24
124845 9460.4
124713 9460.4
124708 9460.4
123202 9460.2
123826 9459.8
123636 9460.1
124334 9460.36
124681 9460.2
124849 9460.4
125202 9460.8
123844 9459.86
125153 9460.6
125209 9460.6
123992 9460.06
125303 9460.2
124688 9460.2
123864 9460.12
124375 9460.3
124173 9460.7
125358 9460.6
123619 9460.1
123632 9460.12
125214 9460.8
123974 9460.12
124347 9460.76
125188 9460.2
125363 9460.6
124524 9460.34
123831 9459.82
124674 9460.2
125364 9460.6
124016 9460.1
123643 9460.34
125351 9460.6
124680 9460.2
124515 9460.64
124350 9460.38
124709 9460.4
123963 9459.1
124500 9460.26
124702 9460.2
124507 9460.28
123200 9460.4
123612 9460.02
123615 9460.08
124185 9460.86
124860 9460.2
124377 9460.3
123985 9460.06
124154 9460.64
123652 9460.44
125312 9460.2
125200 9460.4
124192 9460.86
125207 9460.6
125361 9460.6
123198 9460.4
124337 9460.38
125149 9460.6
124376 9460.24
124508 9460.28
124166 9460.78
125198 9460.2
124142 9460.42
124518 9460.56
125317 9460.6
124174 9460.78
124691 9460.2
124852 9460.4
124359 9460.4
123658 9460.42
124855 9460.4
125368 9460.8
125184 9460.2
124014 9460.1
124704 9460.2
123971 9460.1
124344 9460.34
123656 9460.4
123869 9460.22
124194 9460.86
123822 9459.78
123966 9460.08
124156 9460.7
123617 9460.08
124862 9460.2
124673 9460.2
124190 9460.86
124671 9460.2
124144 9460.46
125367 9460.6
124492 9460.38
125191 9460.4
124336 9460.34
124516 9460.54
124176 9460.82
125344 9460.8
125205 9460.4
123196 9460.2
123850 9460.08
123987 9460.06
124491 9460.22
123621 9460.12
124513 9460.58
123996 9460.06
125192 9460.4
124498 9460.32
124374 9460.14
123646 9460.34
123644 9460.36
124352 9460.36
124179 9460.8
123972 9460.1
124170 9460.76
124353 9460.42
124011 9460.14
125354 9460.8
123843 9459.86
125353 9460.8
125346 9460.8
124705 9460.2
123969 9460.04
123193 9460.2
124149 9460.54
123980 9460.12
124864 9460.2
125325 9460.6
