129655 10025.46
126866 10025.4
126880 10025.4
130521 10025.3
129536 10024.4
130503 10025.32
130476 10024.8
130338 10025.06
129564 10024.5
130505 10025.46
127317 10025.6
130347 10025.04
130320 10025.02
126531 10025.6
127295 10025.2
127263 10024.6
129623 10025.2
127267 10024.8
126894 10026
126868 10025.4
127287 10025.2
126513 10025.6
126557 10025.6
130264 10025.06
126831 10025.2
130351 10025.08
126911 10025.2
130290 10024.94
130497 10024.84
129644 10025.34
126577 10025.8
129545 10024.58
129582 10024.26
130501 10024.82
129580 10025.4
130318 10025.04
127315 10025.6
126509 10025.4
126508 10025.4
129632 10025.34
127325 10025.8
126882 10025.4
126878 10025.4
130478 10024.84
126874 10025.4
130488 10024.86
126858 10025.2
130245 10025.36
129553 10024.6
130490 10024.86
126568 10025.8
126546 10025.8
126527 10025.6
126579 10025.8
126914 10025.2
130268 10025.04
130328 10025.1
126912 10025
129617 10025.26
129652 10025.52
127312 10025.8
129626 10025.26
126879 10025.4
126575 10025.8
126521 10025.6
126555 10025.8
130507 10025.3
129649 10025.4
127320 10025.8
130339 10025.08
127327 10025.8
127307 10025.2
130473 10024.72
127269 10024.8
130515 10025.34
129653 10025.34
129551 10024.52
126507 10025.4
129538 10024.46
127262 10024.4
126871 10025.2
126907 10025.4
126510 10025.6
127257 10024.4
127280 10025.2
130352 10025.14
127329 10025.8
130293 10025.1
129549 10024.54
126535 10025.8
130508 10025.3
129619 10025.3
126892 10025.8
129631 10025.22
126563 10025.8
130482 10024.94
129567 10025.46
126520 10025.8
127318 10025.6
129573 10025.38
129659 10025.5
126505 10025
126909 10025.2
130310 10025.1
129540 10024.5
130495 10024.84
127270 10024.8
130287 10025.06
130485 10024.82
130475 10024.76
129638 10025.36
127322 10025.8
126541 10025.8
130315 10025.08
130489 10024.86
126859 10025.4
129579 10025.52
129633 10025.34
127283 10025
127308 10025.4
126581 10025.8
130286 10025.22
130491 10024.86
127330 10026
126578 10025.6
126542 10025.8
127251 10024.8
127425 10025.2
129656 10025.46
127264 10024.4
126532 10025.6
126881 10025.4
127273 10025
130265 10025.06
126562 10025.8
130317 10025.06
130502 10025.44
129660 10025.44
130312 10025.08
127306 10025.2
130289 10025.12
127272 10024.8
130329 10025.06
130335 10025.06
129535 10024.32
129630 10025.32
129629 10025.3
127290 10025.2
127268 10024.8
130511 10025.32
130506 10025.3
129576 10025.46
126869 10025.4
130486 10024.82
126556 10025.6
130512 10025.44
127279 10025
126890 10025.6
130306 10025.06
126875 10025.4
129645 10025.4
127304 10025.2
130324 10025.08
129591 10025.74
126906 10025.4
130308 10025.1
130500 10024.82
130348 10025.1
126514 10025.6
129635 10025.22
130319 10025.02
130518 10025.4
129648 10025.34
129643 10025.28
130472 10024.72
126883 10025.4
126862 10025.4
126564 10025.8
129620 10025.38
126893 10026
126554 10025.8
129550 10024.66
130343 10025
127289 10025.2
129637 10025.22
130484 10024.94
126506 10025.2
129539 10024.58
127291 10025.2
129618 10025.38
126496 10025.2
129611 10025.42
130492 10024.86
126499 10025.2
130346 10025.02
130514 10025.48
129574 10025.42
130307 10025.1
127294 10025.2
127328 10025.8
126566 10025.8
129575 10025.36
127319 10025.6
126528 10025.6
129566 10025.48
130316 10025
130284 10025.06
127297 10025.2
126511 10025.4
130474 10024.9
129568 10025.46
129646 10025.4
126559 10025.6
130266 10025.04
129572 10025.54
130303 10025.06
126503 10025.4
130494 10024.84
127261 10024.4
127285 10025.2
126895 10026
127321 10025.8
126870 10025.4
129552 10024.76
127271 10024.8
129541 10024.58
126540 10025.8
127278 10025
126915 10025.2
130332 10025.06
129651 10025.46
127266 10024.6
127296 10025.2
130517 10025.34
130350 10025.04
129641 10025.3
126552 10025.8
126536 10025.8
130509 10025.4
126877 10025.4
