124282 9453.42
125257 9473.6
124112 9460.46
125305 9477.6
125293 9469.8
123790 9456.72
124449 9465.2
123166 9476
124081 9475.84
125286 9477.8
124106 9472
125262 9458.6
125254 9458.6
123172 9467.8
124291 9469.38
125256 9453.8
124639 9458
123792 9459.62
125259 9455.6
125311 9465.4
124625 9458.2
124437 9458.2
124110 9463.68
125291 9455.6
124289 9473.56
124626 9477.2
123784 9471.76
123596 9456.98
124103 9475.82
123607 9463.74
124085 9471.7
123597 9475.9
123600 9472.04
124290 9455.22
124448 9469.34
123786 9453.74
123178 9457.6
124632 9455.2
125126 9455.6
125295 9458.6
123602 9467.82
125119 9458.6
125260 9469.8
123168 9463.8
125121 9453.4
124293 9465.32
123781 9456.72
124087 9467.82
125294 9465.6
124080 9456.92
123176 9453.6
123165 9453.8
123783 9451.66
125261 9465.6
124327 9462.02
124445 9455.18
124641 9460
124630 9453.4
124107 9453.6
125285 9458.6
123604 9456.96
125287 9454
123608 9459.94
124440 9477.3
124436 9458.16
124450 9458.04
124640 9460
124089 9463.8
123601 9453.7
123164 9453.6
124084 9451.94
123606 9451.92
125125 9455.6
124281 9477.4
125309 9455.4
125290 9473.6
124111 9456.84
124296 9461.98
125255 9477.6
125310 9469.6
123787 9467.94
125122 9473.6
124091 9456.6
124086 9453.68
123169 9444.4
124102 9456.6
124109 9467.8
123599 9472.02
125307 9453.6
123598 9451.88
123167 9449.8
124294 9458.24
124444 9473.44
123782 9475.88
124629 9453.4
125120 9477.6
123789 9463.8
123175 9472
124633 9469.2
125127 9469.6
123170 9467.8
124452 9453.4
123603 9463.74
