122410 10364.8
122993 10353.8
122416 10349
122066 10329.6
122780 10350.6
121898 10354.8
122537 10348.6
122536 10381
122769 10364.2
122556 10354.8
122995 10381
122064 10329.4
122560 10364.8
122412 10344.8
122773 10376.8
122076 10354.6
122562 10371
122073 10362.8
122252 10348.6
122767 10380.6
122550 10345
122077 10362.8
122069 10378.8
122766 10354
122559 10348.6
122779 10372.8
122411 10380.8
122071 10372.8
122549 10364.8
122414 10370.8
123002 10370.8
122557 10381
122246 10364.6
122548 10349
122074 10366.6
122776 10353.6
122551 10371
121890 10373
122539 10344.8
122542 10354.8
122249 10344.6
122072 10350.8
121897 10366.8
121887 10378.8
122564 10354.8
122409 10354.6
122563 10376.8
122778 10346.6
122070 10346.6
122768 10348
121892 10351
122772 10369.8
122999 10364.8
122545 10381
122996 10349
122415 10354.6
122777 10378.8
122540 10370.6
122253 10370.8
122770 10344.8
123004 10353.6
122245 10354.8
123003 10376.6
122998 10349
122251 10376.6
122247 10380.8
122538 10364.8
122541 10377
122555 10377
123001 10344.8
122256 10354.6
122413 10375.6
121889 10346.8
122781 10350.6
