126462 10021.4
127589 10021
127615 10025.8
126453 10030.8
127588 10021.2
126434 10021.2
128313 10021
126432 10021.2
127924 10021
126467 10021.4
128309 10030.4
126824 10021.4
126778 10021.2
127592 10021.2
126782 10017.4
127601 10030.6
126460 10013.2
126776 10021.4
126815 10041.4
127961 10041.2
127958 10030.4
127928 10034.8
126465 10021.2
126435 10053.2
127932 10041
128315 10025.2
128316 10025.6
126817 10013.6
128306 10027.6
127963 10020.8
127959 10017
126454 10041.2
127598 10053.2
127613 10027.8
128312 10021
126429 10021.2
126433 10021.2
127606 10035.4
127610 10021.2
126823 10021.4
126451 10030.6
127611 10021.2
126449 10030.6
126461 10035.2
126431 10021.4
126821 10035.4
127931 10013.2
126783 10031
126436 10017.2
126777 10021.2
126780 10053.2
127600 10017.4
127594 10028.8
128307 10016.8
127925 10021
128310 10021
128303 10025.4
126814 10031
126779 10021.2
126469 10025.2
126464 10021.4
127612 10021.2
128314 9997
127602 10041.2
127962 10027.4
128305 10025.4
127927 10021
126825 10021.4
127933 10030.6
