5.0124 41.9265
5.01273 58.8139
5.1793 15.1268
5.0427 1.32252
5.1797 24.2972
5.1791 23.2285
4.7301 66.307
4.73003 87.3678
5.1791 34.6386
5.179 17.8865
5.1795 36.4739
4.7302 104.204
5.1795 32.5985
5.1791 33.7738
5.1791 26.2277
4.7301 124.44
5.01265 52.8567
4.72999 124.88
5.0123 34.3388
4.7368 9.45174
5.1792 31.8919
5.1791 24.7785
5.1769 13.5951
5.1791 40.905
4.73033 110.522
5.0124 28.085
5.1646 -0.360788
5.178 32.5739
5.1782 19.8158
5.1796 25.8214
4.73023 76.9397
4.73044 118.767
5.1795 36.8898
4.7304 115.438
5.014 30.0759
5.1796 27.0672
5.01274 54.7094
4.73019 79.4812
5.1796 33.7921
4.7304 58.732
4.73041 125.281
5.01262 47.0599
5.1792 32.017
5.01246 58.0045
5.1795 31.808
5.01225 58.4362
5.1795 30.1308
4.73016 110.118
4.73006 112.749
5.01273 54.1709
5.1795 19.7357
5.0136 41.9574
4.7388 8.32137
5.1795 32.622
5.0127 19.9485
5.01252 58.5796
5.1777 15.6315
5.1784 20.5087
4.7349 13.9466
4.7301 69.1499
5.01251 52.4907
5.1653 0.604629
4.73029 117.663
5.1791 9.4552
5.01264 32.0365
5.1792 18.7353
5.1792 27.0802
5.0128 50.5653
4.7304 121.194
5.1795 34.1135
5.1646 -0.0947569
4.73021 47.4449
5.0126 54.9346
5.0123 34.262
4.717 2.1497
5.1793 32.8424
5.0127 54.2962
4.7301 67.2018
5.0126 23.8252
5.1793 37.3664
5.0124 46.1428
4.73016 115.239
4.73036 80.5278
5.1645 0.512753
5.01284 54.9685
4.73012 110.352
4.73005 116.402
5.0154 11.2633
5.1795 32.6112
5.1796 35.2812
5.1793 36.1256
5.1794 31.1529
5.0126 44.5597
5.0126 44.6132
4.73009 128.002
5.1758 19.4525
5.179 34.1158
4.73007 127.174
5.1791 33.969
5.0009 1.15811
5.0129 43.6664
5.0125 55.1085
4.7301 113.995
5.1793 29.3327
5.1796 30.6797
5.0123 31.1269
5.1793 26.335
4.7168 -0.849061
5.0128 29.9186
4.73 54.7195
4.9987 -0.942488
4.73002 43.3918
5.1795 32.6219
5.0124 21.9008
4.7301 117.901
5.179 38.5192
4.73003 115.215
4.73013 125.051
5.0122 26.2119
5.0124 52.2669
5.0141 40.0587
5.0126 31.576
4.73006 110.263
5.0142 27.0333
5.0124 51.3561
5.1645 -0.0736084
4.73014 125.674
5.1797 33.1783
5.179 35.8635
4.73015 72.9485
5.1997 0.082507
5.1796 20.3846
5.1793 34.3089
5.1792 29.3921
4.7389 6.41826
5.1798 28.4936
4.736 8.42212
5.1794 10.9591
5.0126 49.5808
5.0106 29.7866
5.0123 58.4318
5.178 28.4309
5.1774 15.0957
4.7302 114.598
5.1796 32.7883
5.1795 16.2137
5.1795 25.4254
4.7301 51.5409
5.1652 0.638422
5.1797 21.2498
4.7302 109.332
5.1795 22.7332
5.0123 56.08
4.9992 0.431552
4.7339 17.3225
5.1791 19.4196
4.73 87.1214
5.01267 46.8874
4.73469 17.0603
5.1794 16.3563
4.73008 125.186
5.1791 25.2974
5.1792 28.8602
5.1791 30.9982
4.7304 108.568
5.1796 31.7516
5.01261 23.201
4.7269 25.2811
5.01247 61.4626
5.01229 33.6808
5.1779 29.1884
4.73006 126.695
5.1824 11.3056
5.179 26.992
4.7303 76.5263
4.73003 82.5965
4.72993 112.507
5.165 -1.94474
5.1792 20.5855
5.0126 34.3428
4.73006 111.449
5.1797 32.7829
5.1795 19.0018
5.0129 48.6115
5.0137 47.076
4.72958 95.3491
5.1796 28.0073
5.0142 30.5263
5.0126 41.0856
5.1724 0.0503997
5.1796 31.8817
4.73003 65.9429
5.1791 29.0016
4.7304 90.0925
4.73032 90.6199
5.1796 16.9303
5.1793 29.1183
5.0125 48.5675
5.013 53.9573
4.73006 75.2922
4.72981 105.611
4.7303 120.032
4.7301 113.43
5.1785 10.0007
5.01241 56.6674
4.7302 119.212
5.1796 30.2601
5.1779 26.0018
4.7303 54.8622
5.01252 27.4755
5.0128 54.0272
5.1793 35.0225
5.0137 47.6191
5.1646 -0.785817
4.73003 104.939
5.01277 62.9073
5.0126 58.8389
5.0125 57.6966
4.7304 102.988
5.0127 51.3505
4.7302 112.202
5.0106 30.2097
4.9986 -0.869408
5.0137 49.7368
5.1794 32.2357
5.1796 33.576
4.7291 52.5262
4.7301 111.514
4.7301 76.5073
5.1792 22.6467
5.0142 34.5932
4.7301 53.9659
5.1797 35.6564
5.179 36.7212
5.1646 -1.35979
5.01261 28.6496
5.0126 42.1352
5.1797 20.4883
5.1782 11.9312
5.1796 12.107
5.01283 54.0025
4.73678 5.78959
5.1789 26.5832
5.0127 50.9105
5.0123 39.8883
5.1794 28.1796
5.1794 25.2418
5.01258 59.485
5.0126 55.4183
5.1884 2.15607
5.1646 -1.10414
5.0126 54.5598
5.1773 16.1191
4.72995 115.974
4.73016 124.64
5.1759 18.3345
5.0127 51.0559
5.1791 35.3525
4.72991 101.325
5.1795 23.1962
5.0142 26.7958
5.01279 57.2585
4.73001 120.448
5.1781 10.51
4.73017 90.0162
5.01242 47.016
5.1792 29.6109
5.0124 46.771
4.7301 107.933
5.1792 26.0979
4.7301 102.386
5.179 35.4141
5.178 23.3999
5.0142 28.6353
5.01243 51.6197
4.9998 0.281948
5.165 0.588542
4.73026 118.895
5.01278 57.1169
4.9992 -0.834806
5.1795 35.938
5.1793 35.1214
5.0126 50.1585
5.1793 26.8048
4.7303 117.388
4.73006 115.88
5.1792 16.4277
4.7301 116.537
5.1795 18.8048
5.1814 23.81
4.7303 111.698
5.0126 50.1105
5.1795 16.7388
4.7303 91.4598
4.73004 102.323
5.1796 27.4851
5.0123 25.8349
4.7301 113.327
4.73023 125.626
5.0126 52.3734
5.179 32.3894
5.1765 7.07666
5.1796 27.3711
5.179 32.6536
5.0127 61.2707
4.7304 112.283
5.1781 22.0964
5.1997 0.467836
5.1795 16.6459
5.1903 0.677069
5.1794 12.9658
4.998 0.749457
4.7301 103.676
5.0129 52.8697
5.1795 34.0327
5.01252 62.2894
5.014 36.9815
5.1795 24.6876
5.1725 -1.62315
5.1758 11.7419
5.0124 41.1699
5.179 30.3788
5.1795 19.1294
5.0129 43.4421
4.7301 108.998
4.73003 58.2654
5.1796 33.1663
5.01281 53.9397
4.73028 68.3686
5.1778 28.897
5.0137 47.5406
4.73008 57.6548
4.7301 44.3279
4.73038 108.306
5.0127 54.3915
5.01257 56.819
5.01252 13.4418
5.1646 -0.151751
5.0107 22.0177
5.1796 33.1598
5.1796 19.2129
5.01253 47.8631
5.178 12.2134
5.0152 12.8093
4.73003 123.204
4.72994 111.801
5.1795 25.5642
5.0123 57.5397
5.1795 33.9739
5.0128 46.2911
4.73795 8.02411
5.1795 10.5123
5.0126 53.6287
4.7303 97.6943
5.1795 30.0187
5.01263 52.9716
5.1792 18.2673
5.0124 54.7264
5.0125 54.1097
5.1791 17.764
5.01276 35.5597
5.0139 23.4045
5.1792 31.2884
5.0129 47.2176
4.7369 7.15832
5.01263 41.4171
4.73028 53.5513
5.1997 0.164791
5.0111 41.8123
4.7304 117.909
5.0107 34.2042
4.73008 116.536
5.1793 9.11265
5.0123 57.5271
4.73011 108.568
5.0124 52.88
5.1791 26.7874
5.0124 36.9319
5.1764 12.5708
5.0426 0.665989
4.7804 1.2191
5.1793 10.9271
4.73005 111.841
5.1796 15.5494
5.1791 23.1484
4.73029 107.257
5.01258 37.9719
5.1781 30.5803
5.0126 46.7506
5.1795 37.3337
5.0126 52.4822
5.1794 27.7516
5.0106 33.4075
5.0129 51.9334
5.1792 34.6879
4.7302 56.1576
5.0126 28.8451
5.1795 30.8636
5.1786 21.0764
4.7302 82.8592
4.73005 50.3496
5.01255 60.6068
5.1743 0.638658
5.1781 27.0706
5.1795 19.4274
5.0129 53.6197
5.1791 24.62
5.0123 57.765
4.73467 14.1008
5.0127 59.3257
4.72687 20.7011
4.7301 118.64
5.1795 33.601
4.73003 106.882
4.7303 65.4737
5.1795 21.8966
5.0427 2.1492
5.0087 9.9874
4.73029 125.779
5.179 31.1911
5.1778 22.4508
5.0128 24.1764
5.1791 34.3796
5.1791 33.4619
5.1795 28.1947
5.1796 33.7048
4.7302 83.5598
4.73027 71.1971
5.1782 12.3144
5.1791 27.0087
5.0153 18.7502
5.0129 56.6259
4.72914 69.6513
4.9987 -0.913785
5.0125 50.7965
4.73008 90.3538
4.73036 82.6869
5.0126 55.4548
5.1794 14.5415
5.1792 13.5284
5.1758 16.1731
4.7301 122.244
5.0124 47.9403
4.73002 77.2483
5.1794 34.8434
5.0066 0.865932
4.7304 101.148
5.1778 10.7359
5.01236 53.1842
5.1796 34.1046
4.7301 57.4885
4.73021 125.256
5.0107 35.1423
5.01266 36.142
5.0124 47.3606
5.0207 3.14603
5.1794 16.3853
5.01279 53.4273
4.7288 43.0882
5.0206 0.711399
4.7302 123.049
5.179 32.3923
5.1795 33.9354
5.01264 52.4989
5.0126 55.2523
5.1795 29.899
5.179 25.4725
5.1792 30.649
5.1792 28.0677
4.73019 110.041
5.1781 23.5175
5.0127 32.3593
4.73041 120.543
5.0128 46.2588
4.7301 100.249
5.01223 28.1719
4.73019 114.73
4.9992 0.0276308
5.179 37.4855
4.73027 110.048
4.73026 92.5131
5.1646 1.43034
5.1795 26.0238
4.7303 108.147
5.1794 22.893
5.1779 24.6691
4.73001 126.534
4.73022 126.773
5.1652 0.339386
5.179 30.362
4.73028 63.4532
5.0127 18.7089
5.0126 53.8189
4.7276 44.4642
5.0125 58.9724
5.1824 11.9829
5.0152 7.08006
5.013 46.1178
5.179 31.968
4.7301 108.156
5.1794 17.9823
4.7803 2.00681
5.1792 26.8747
5.01254 58.7103
5.1796 32.2501
5.1793 21.0538
4.9986 -1.13379
5.1795 38.9705
5.1795 17.2721
5.1854 3.28438
4.7278 43.0947
5.1796 29.614
5.0143 25.2773
4.73006 49.1718
5.1764 14.452
4.73028 107.529
5.1796 11.6439
5.1791 29.5014
4.7303 79.7702
5.0126 54.5932
5.1796 32.4744
5.01307 52.9277
4.7302 104.145
5.1755 9.47362
5.0126 51.839
5.01272 56.0799
4.7299 99.9896
4.7302 35.7214
5.1795 25.5226
5.1795 24.9635
4.7301 101.369
5.0125 58.9409
5.1764 9.10946
5.0126 52.6143
5.1745 -0.0358591
4.7303 112.603
5.1796 37.6184
5.1794 30.3115
5.0126 53.9182
5.1795 18.1155
4.7302 102.12
4.7303 119.084
4.73026 48.6537
5.0129 53.0967
4.73043 114.24
5.0126 51.7312
4.7302 127.099
4.73012 125.629
5.1782 30.1445
5.1791 36.0255
5.1797 30.3454
4.73011 101.918
5.1796 33.3098
5.1646 -1.12087
4.73038 88.9646
4.73031 104.815
5.1646 -1.9306
4.7302 71.6937
5.01227 42.2062
4.73391 26.382
5.1781 27.357
5.1795 15.8351
5.1794 32.1947
4.7301 110.789
5.0129 19.728
4.73008 104.877
5.1791 28.1665
4.7293 61.391
5.014 37.9568
4.71682 0.489366
5.01261 33.4853
4.7302 87.5268
4.7301 113.684
5.1795 28.4067
4.7301 112.307
5.1796 30.8843
5.1793 35.8542
5.0126 36.414
4.7302 125.011
4.73002 87.012
5.01261 60.8759
4.7301 36.4575
5.01265 53.87
4.73017 112.83
5.1795 35.7917
5.0127 22.9004
4.7349 14.5566
5.1792 27.3796
4.73023 129.592
4.9986 0.453431
5.1795 19.2729
5.1792 28.0216
4.7303 109.14
4.9985 0.475891
5.0128 52.0955
4.73017 58.2929
5.01251 44.994
5.0124 21.6251
4.72988 111.849
5.0129 50.1848
5.1794 27.0968
4.73 100.631
5.1794 24.9253
5.0126 38.4814
5.1855 1.83812
5.0141 22.1926
5.1793 16.6249
4.72984 79.2086
5.0128 37.27
4.73017 107.093
5.01247 44.2003
5.1797 36.0524
5.1791 28.8157
4.72878 72.4679
5.1646 -1.27227
5.01264 52.4304
5.1997 -4.06911
5.01273 30.9649
4.73004 111.537
5.0126 51.5256
4.73027 98.161
5.0129 26.2273
5.1795 26.0384
5.01275 25.33
4.9986 1.42923
5.1794 13.8572
5.01277 60.4366
5.1795 31.9697
5.1795 36.6992
5.1791 33.6884
4.73013 113.07
5.0124 53.6806
4.9987 -0.0784891
4.7301 115.952
4.7302 116.141
4.73 114.085
4.9986 -0.450129
4.7301 113.03
5.01242 53.4416
5.1792 28.9547
4.72997 122.184
4.72993 113.861
5.0124 54.0354
4.73002 118.107
5.0124 54.9839
5.01265 32.1849
5.1789 24.137
5.1793 19.9368
4.7319 57.6644
5.1758 10.8859
5.01253 43.2424
5.01241 53.2381
4.7302 118.927
4.73044 52.4013
5.0124 39.9401
4.72836 59.391
4.7302 110.547
5.1724 -1.15213
5.18 11.9371
5.1796 14.8503
5.179 31.0634
5.01274 56.2326
5.01268 57.0038
4.73012 107.635
4.73391 24.4693
5.1791 20.1469
5.1784 21.7732
5.0129 51.4817
5.01243 58.7652
5.1795 31.1709
4.73008 128.227
5.1795 33.9079
5.0123 30.8332
5.0085 4.64165
5.1791 32.7459
5.0125 53.9819
4.73005 122.338
4.7301 111.077
5.01261 55.6353
5.1792 31.6178
5.01258 60.7251
5.1796 2.89017
5.1791 12.8938
5.1792 23.6907
5.0206 4.45788
4.9985 0.524902
4.7303 116.052
4.7301 116.694
4.7301 98.4096
5.1796 33.124
5.0127 37.103
4.73016 100.451
4.7301 118.649
5.1795 13.4261
5.1794 12.7205
5.01287 58.5237
5.1795 22.2401
5.1796 14.7486
5.1791 10.5505
5.1795 31.4262
4.9999 -0.502544
4.72583 7.42708
4.7301 85.6107
4.7303 115.6
5.0127 44.1037
5.0125 19.8123
4.7303 74.2081
4.73002 49.0454
5.0127 33.6264
5.0105 19.8926
4.73005 111.177
5.1791 35.6326
5.1791 33.8155
4.7303 117.828
5.1782 29.3671
5.1797 16.8867
4.7301 112.704
5.0123 42.9225
5.0124 38.9663
5.1796 14.5012
4.73001 98.2142
5.1795 24.0768
4.73005 104.533
5.1758 11.4483
5.179 34.8496
4.7302 77.7518
4.73014 125.197
5.0123 31.3918
5.1723 -1.59078
5.014 43.7901
5.01243 51.8945
5.1794 28.7207
4.73009 82.9384
4.72759 30.0103
4.73003 40.6669
5.1781 28.3054
5.1795 24.2355
4.73007 121.066
5.1795 7.29845
5.1799 30.4308
5.0143 24.7213
5.1754 4.32231
4.73006 113.819
4.73011 115.14
4.72995 124.104
4.7268 14.5655
5.1784 21.459
4.73024 121.737
5.1796 36.7269
4.73033 102.868
5.1758 8.91212
5.0129 26.2111
4.7293 55.6619
4.72848 66.501
5.1793 31.4743
5.1791 28.8729
5.01251 33.6381
4.73022 68.4248
5.1796 21.421
5.1792 28.3966
5.0106 30.0353
5.1794 32.8978
5.179 33.5767
4.72999 129.933
5.1647 1.01276
5.0128 53.7857
4.727 21.6011
5.01249 54.7217
5.01273 59.7756
5.1646 0.940229
5.1651 0.0625212
4.73026 93.3026
5.1793 28.711
4.7302 127.171
5.179 30.1302
5.0128 62.3401
5.0122 48.6792
4.73012 122.512
5.1772 17.65
4.73021 117.676
5.0111 41.8299
4.73017 91.0703
5.1791 35.4196
5.179 28.0428
5.1755 6.18528
5.1795 17.0364
5.1796 27.3287
5.0126 55.1719
5.1791 30.9702
4.73046 89.7984
4.7301 120.762
4.73044 114.777
4.7302 120.759
5.1796 26.1015
5.1796 33.7219
4.73016 128.322
4.72997 102.357
5.1779 25.9427
5.1651 0.887909
5.01279 60.6076
5.178 22.8231
5.1791 37.0509
5.1798 31.6252
4.73029 110.262
4.73008 77.969
5.1777 24.8782
4.73029 122.608
5.0126 56.1984
5.1796 40.1648
5.1795 24.5829
5.1794 32.1367
5.1795 33.779
5.1791 40.6655
5.1792 28.8788
4.7301 80.4017
5.1785 19.8365
5.0126 36.3235
4.7301 108.425
5.1796 26.4773
5.0106 33.6405
4.72908 48.4841
5.1781 21.1247
5.1795 32.4354
5.01256 43.7246
5.0124 51.4726
5.1792 27.4975
5.01253 46.8167
5.1791 37.3146
4.7301 83.6762
5.1646 -0.601522
5.01258 61.2071
5.1758 18.3564
5.1795 31.0685
4.73028 112.937
4.73038 114.248
5.1794 33.7
4.73022 51.5146
4.7301 57.7254
5.01266 53.4757
4.7299 53.4691
5.1834 10.8315
5.1792 28.4234
4.7302 120.741
5.01277 40.4583
5.0125 62.0222
4.7804 0.175255
5.179 31.4472
5.0126 55.9081
5.1793 24.3416
4.7301 109.849
5.1795 31.2645
5.0127 50.1964
5.1796 33.1693
4.73015 121.47
5.0124 48.3299
5.1791 29.6982
5.0153 10.896
5.0124 51.6799
5.1791 28.4572
5.1894 2.54296
5.1779 19.0308
5.1758 11.1795
5.01266 51.2623
5.1795 31.7019
4.7304 111.578
5.1773 14.0712
5.0127 52.7098
4.7303 95.2235
4.72993 116.742
5.0106 34.4072
5.1653 0.238814
5.1796 32.0424
4.7303 92.592
4.73 46.8484
5.01241 53.0224
4.7301 123.206
4.7301 115.646
5.1653 0.791524
5.1796 28.1351
5.179 33.7114
5.01272 54.2009
5.1795 35.704
5.1785 13.2048
4.72998 125.013
5.1789 26.6944
4.7301 85.3054
5.1796 24.5369
5.0128 54.0112
4.7301 113.267
5.1795 32.0458
5.0125 42.9619
5.0128 46.5955
5.1796 14.125
5.0129 51.7025
4.72685 28.3023
5.01253 52.8077
5.1792 29.6154
4.73035 122.215
4.7301 70.3152
5.0127 38.3637
4.9987 0.889025
5.0136 49.0154
5.1791 23.2061
5.1793 21.648
5.01256 54.0684
5.0124 18.7797
5.179 28.9369
5.01262 59.3112
4.7268 11.5984
4.9998 0.983291
5.1791 33.982
5.1793 28.7587
5.174 2.66946
5.1796 35.752
4.9992 1.10637
4.72999 88.3853
5.1791 32.9767
4.73006 102.362
5.0009 -1.61421
4.73006 72.7218
5.1795 27.9153
4.7303 71.4076
4.7303 115.524
5.1792 18.546
4.73017 82.2773
5.1849 6.32728
4.72597 6.59827
5.1792 11.5796
4.72991 117.14
5.0124 31.9837
5.1791 14.2723
5.1792 32.7309
4.7301 114.456
5.1794 29.2662
5.01287 62.9041
4.7303 110.821
5.01254 46.0589
5.01258 19.1844
5.01269 58.5487
5.0009 -0.278022
5.0124 45.8527
5.1791 16.9995
4.7301 116.703
5.178 27.6605
4.7301 116.528
4.73013 123.684
5.1793 13.0344
5.1795 32.3008
5.1745 3.73471
5.1791 19.9925
5.0125 62.2126
5.0126 53.1185
5.1793 29.1005
4.7303 68.3227
5.01308 58.8699
5.1796 34.6553
4.7302 122.036
4.73019 116.262
5.1781 28.7088
5.01252 18.2809
5.01274 52.5764
5.0127 57.6089
5.0129 54.3704
5.1773 19.5891
5.1793 24.0994
5.179 33.8387
5.01287 44.5998
5.0127 12.6274
5.1795 33.7939
4.99974 0.920131
5.1794 34.418
5.1791 25.7532
5.0176 6.01855
4.7301 124.231
5.1724 -0.942842
4.72924 82.7641
4.7302 125.002
4.7303 122.916
4.73014 124.715
5.1756 4.62624
5.1796 31.9721
5.0127 54.0703
5.0127 49.3687
5.1795 25.6723
5.0123 56.3597
4.7387 6.64156
5.01241 49.1467
5.0125 25.2224
5.1796 29.7266
5.1797 22.3339
5.1794 28.8265
5.1796 29.6493
4.73043 76.7177
5.1791 32.7705
5.1789 35.0102
5.0125 30.3406
4.73015 109.464
5.1779 27.2123
5.1781 17.1216
5.1796 36.8265
5.01261 59.9138
5.01251 54.8105
5.1796 31.3732
5.1796 37.7275
4.7301 90.1541
5.0126 41.9787
5.0127 52.6836
5.0107 27.487
5.0125 56.1513
5.1797 29.2995
5.1796 29.721
5.0177 7.50952
5.1653 -1.98798
5.1791 31.9378
5.1794 34.0924
5.0128 28.9627
4.7303 123.647
4.7303 116.786
5.1782 22.1317
5.1792 34.9029
4.73007 110.612
5.1779 27.3065
4.71684 -1.18874
5.1796 34.0684
5.1894 1.24584
4.9998 0.289386
5.1791 29.1912
5.01267 55.0867
5.01264 59.3142
5.1791 27.9135
5.0066 1.17212
5.1793 14.382
5.1792 20.9049
5.0155 19.2088
5.1794 31.4346
5.0125 55.375
4.73099 103.578
4.73004 41.5301
4.73043 118.454
5.1795 34.2268
4.73012 127.764
5.1792 25.8195
4.7303 113.027
5.1796 26.0958
5.1781 30.2341
5.1795 32.5343
5.01255 61.8515
5.0126 54.6252
5.01278 51.7933
4.7302 93.2844
4.7302 89.9985
4.7303 77.1679
4.73029 127.315
5.1778 29.1934
5.0127 48.114
5.0127 37.8818
5.0129 39.0364
5.01282 58.1363
4.9998 0.36306
5.0137 48.4802
5.1792 34.9698
4.7303 94.0822
5.0009 -1.39704
4.73016 91.9204
5.0086 8.84619
4.7303 105.949
4.7301 68.0995
5.1795 28.917
5.01269 46.2715
5.0129 54.775
4.73014 121.089
5.179 33.6148
5.0106 32.8748
5.01233 23.8206
5.0124 40.6463
5.0125 45.3515
4.7301 102.52
4.7302 111.377
5.1795 27.0371
5.1653 -0.00361729
5.1791 33.8888
4.73028 101.882
5.0266 3.03632
5.1774 15.4568
4.73039 118.816
5.1796 33.1424
4.9991 0.997958
4.73397 28.0319
5.0127 52.2301
4.7302 111.575
5.0124 59.2074
5.01267 55.1128
5.1795 31.5555
5.0127 47.8153
4.7301 98.3247
5.01254 44.7565
5.1792 30.111
4.7302 88.9636
5.1791 34.9277
5.1795 21.2289
5.179 31.1526
5.0084 5.82669
5.0126 54.9218
4.73011 52.7614
5.0105 33.2408
5.179 36.066
5.01269 62.2058
5.0105 17.0343
5.0426 1.9478
5.1792 24.7615
5.0126 25.3578
5.1796 33.0694
5.1792 25.6898
5.1793 33.01
5.1796 35.1127
5.01262 57.9834
4.9993 -0.0496056
4.7301 57.7995
5.1791 23.5565
5.0124 39.0026
4.7301 97.9141
5.0123 49.0461
5.0131 57.0519
4.73005 125.761
5.1795 31.4592
4.7302 98.5833
5.1822 11.789
4.7283 79.8232
5.1794 30.1917
5.1785 13.8315
5.179 28.8169
4.7302 97.09
4.73005 76.8368
5.01249 60.9586
5.0143 30.5561
5.1782 13.0262
5.1796 15.5167
5.0122 43.5392
5.1795 33.7142
5.0128 46.6752
4.73017 113.68
5.0426 0.987942
5.0126 16.3121
5.1795 29.3261
5.1759 19.2404
5.0125 38.8799
5.1791 44.1599
5.0126 29.5433
5.01251 56.9413
5.01271 41.4872
5.1795 30.1314
5.1794 33.0729
5.1791 31.5956
4.7301 130.04
5.0155 19.8585
4.73003 125.604
4.72989 104.767
5.1795 26.4618
5.01247 40.6311
5.01255 28.2146
5.0106 30.5691
4.9985 0.020489
5.0126 51.8818
5.1795 31.5016
4.7301 118.716
5.0129 54.4999
4.73035 110.656
5.0126 56.6014
5.1793 27.0809
5.0107 25.8363
4.73601 9.98762
4.73004 113.044
5.0126 43.5891
5.0129 52.649
5.1883 1.88996
5.01276 57.0125
4.7268 23.3579
4.9998 0.717523
5.0142 14.3224
5.1796 28.8092
5.1646 -1.61868
5.1795 35.4508
5.1791 25.1685
5.1764 13.9667
5.1793 33.4188
5.0128 53.0357
5.1997 1.30788
4.72594 11.6036
5.1793 27.5874
5.0126 55.0816
5.1794 31.7471
5.0124 34.9464
4.7301 103.811
5.1796 13.3583
4.73022 127.496
5.1792 11.0928
4.7301 112.067
4.73022 53.2122
5.1791 34.174
5.0127 42.7497
4.73023 104.464
4.7303 109.924
4.7301 121.644
5.1791 32.039
5.01253 51.599
5.1646 0.239793
5.0125 52.4276
5.0126 56.5372
5.0126 51.6874
5.1791 32.9735
5.0127 28.1997
5.01286 61.7896
4.7249 1.45239
5.1785 22.0325
4.73019 113.885
4.73672 6.90115
5.01245 34.818
4.73794 6.43014
4.9984 0.0701144
5.1795 30.8858
5.01247 60.3821
5.1791 24.3462
5.0125 42.5791
4.7301 116.597
5.01273 42.8601
5.0427 1.89183
4.7302 106.179
5.1795 37.9312
5.1796 25.6124
5.0127 43.7883
5.179 28.0685
5.1791 29.7908
4.73017 114.9
5.1796 15.693
4.73013 122.497
5.0123 35.6294
4.7388 7.35655
4.73021 38.4934
4.7301 65.7355
5.1794 35.9267
5.1792 30.9587
5.1796 18.2509
5.1792 25.6686
5.1795 23.9186
5.178 28.3792
5.1796 15.841
5.0127 45.5488
5.0127 42.4342
5.0127 52.5081
5.1824 13.1505
5.01253 50.1847
5.0124 56.8936
5.0124 41.8578
4.73004 76.0697
4.73003 114.903
4.73027 73.8875
5.01242 52.6407
4.73041 55.8457
5.179 32.9178
5.1796 13.2066
5.179 30.3651
5.0122 45.9846
4.73006 105.653
5.01285 60.1164
4.9986 -1.93944
5.013 50.0887
4.73029 109.065
5.0124 57.2678
4.7303 115.547
5.1796 28.4063
5.1795 18.5167
5.0129 20.1124
5.1791 34.1361
4.73003 66.242
5.0124 50.9044
4.9998 -1.53703
5.0124 53.6951
5.1793 23.0809
5.0206 2.49273
4.7303 77.9384
4.736 6.57365
4.7301 108.313
5.1782 26.1132
5.0123 37.7429
5.178 32.176
5.01229 21.3963
5.0124 37.2433
4.73016 109.641
5.1795 31.0096
4.73007 120.122
4.72991 53.4309
4.73017 116.024
5.0126 55.0022
4.73032 121.783
5.1795 36.1646
5.0125 52.9258
4.7303 116.876
5.1794 31.9831
5.1795 29.5927
5.1779 25.9658
5.1724 0.331421
5.1795 35.9322
5.0125 37.5878
4.73002 117.789
5.1796 24.6656
4.7346 18.8376
5.0126 50.6333
5.1794 34.8471
5.1795 33.4793
4.73031 118.761
5.0128 38.6842
4.73021 124.535
5.0126 56.2235
5.0142 27.3514
4.7348 14.1614
5.1788 21.0965
5.01253 42.5786
5.0125 61.2208
5.1788 29.7002
5.1795 34.1001
5.1764 6.75643
5.1796 12.8354
4.7304 101.61
5.1795 32.2621
4.72993 74.0499
4.7304 103.692
5.0106 7.40264
4.7304 99.9001
5.0127 45.6811
5.1796 33.3753
5.0124 48.4304
4.73004 127.449
4.7304 48.5665
4.7301 124.96
5.1796 33.6937
5.1791 29.705
5.1792 22.5139
4.73002 114.941
5.01252 58.4099
4.73002 93.0955
5.1758 21.0395
4.73044 120.174
4.7288 41.4335
5.013 38.6324
4.7267 18.3162
4.73001 99.3972
5.0107 33.094
5.1795 26.6333
4.7302 127.928
4.73027 74.6471
5.1753 4.45404
5.0139 13.6134
4.7301 48.0968
5.1791 34.0265
5.0129 50.5993
4.73006 108.252
4.7303 105.033
5.0126 29.2398
5.01272 52.215
5.013 47.1426
4.73026 128.312
5.1791 31.1277
5.1795 34.238
5.1824 14.1796
4.72671 17.6302
5.0126 51.1115
5.1795 35.9652
5.1795 19.4793
5.0125 35.1248
4.7303 103.034
5.0426 1.04103
5.1755 7.38945
4.73008 90.4478
5.0127 43.7604
5.0127 26.8284
4.7302 125.433
4.7303 102.504
5.1796 26.284
5.0107 16.4644
5.0122 25.0074
5.1745 2.74253
5.178 29.5274
5.1796 16.9985
4.73003 97.0317
4.7301 116.316
4.72999 121.653
4.73017 105.307
4.7303 103.115
5.0124 57.4515
5.1795 36.6493
5.0127 44.2902
5.1796 48.6054
4.73031 120.815
5.0127 55.3146
4.73023 119.661
4.73007 93.6571
4.9987 0.642032
4.7302 125.044
5.1792 24.2166
5.1794 25.1234
5.1797 13.8548
5.01268 56.4047
5.179 22.8483
5.0122 42.7691
4.73018 74.9715
5.1792 26.5676
4.7301 115.644
4.7804 2.83125
5.01266 55.0591
5.0124 56.0583
4.73017 122.69
5.01253 51.4536
5.0127 54.7361
5.1795 17.8628
5.1792 28.4742
5.1796 28.8613
5.0126 47.3805
5.1757 8.74967
5.0128 48.957
4.7302 124.658
5.1796 33.1598
5.0126 25.4394
5.1795 17.1074
5.1791 33.8666
5.0128 16.2521
5.0105 35.1264
5.01261 22.9125
5.1758 21.6968
5.1798 13.1847
5.1797 24.9558
4.73032 61.235
5.1753 1.66194
5.1651 0.803742
4.9985 -0.418401
4.9988 -0.953241
4.7301 78.1881
5.1774 20.0434
4.72836 53.4943
5.1796 32.6465
5.0129 46.4801
4.73038 116.808
4.73019 127.731
5.1793 27.986
5.013 20.6593
4.738 8.73131
4.7326 40.1939
5.0127 52.0328
4.72998 68.6778
5.1791 25.0582
5.1792 10.8717
5.1794 27.1512
4.7301 116.69
5.01264 29.3684
5.178 23.0396
5.01255 60.8039
4.73002 118.98
4.73792 9.38966
5.01283 55.6009
4.73001 111.981
5.0126 49.3196
5.1784 17.5538
4.71681 -2.20154
4.99956 -0.0927523
5.1795 30.9776
5.1791 29.6581
5.0106 28.3155
4.7302 105.586
5.1784 22.9794
5.01276 32.4251
4.7303 74.1423
4.7301 104.987
5.01259 58.606
4.72993 111.214
4.7301 124.407
5.0126 55.7621
5.179 24.9329
5.0128 55.0863
4.9986 -1.61583
5.0126 56.1091
5.1794 17.586
5.01253 61.6163
5.1793 35.3996
5.013 51.0257
4.7301 110.373
4.73008 116.92
5.1793 28.9772
5.1794 29.5132
5.1743 2.71315
5.1796 29.022
5.1905 -0.36352
5.1796 29.7298
5.1795 24.8426
4.73004 112.253
5.01261 59.5671
5.1791 26.0603
5.01254 22.225
4.73007 121.774
5.0143 37.1411
5.0126 50.6794
5.1796 30.0463
5.0124 46.5324
5.01246 58.0663
5.1821 13.846
5.01262 26.9611
4.7301 87.8247
4.73011 116.929
5.01247 56.834
5.1795 33.6017
4.73011 109.76
5.01249 58.5965
5.1796 19.8422
4.7293 69.7973
5.0124 57.5292
5.0123 38.376
4.7293 71.0431
4.7301 92.8594
5.1764 7.13236
5.1791 37.1035
5.1905 2.26937
4.7299 115.62
5.01242 47.0801
5.01271 60.5993
4.7301 53.595
5.179 32.815
4.7301 71.9031
4.7303 100.56
5.0129 55.6128
4.7301 101.45
5.1795 29.9617
5.0126 46.985
4.7301 46.1264
5.0124 25.1183
4.73016 102.749
4.73005 108.811
4.73004 125.922
5.1781 27.9286
5.0128 49.5883
5.1796 32.925
5.1791 35.0913
5.1648 0.752537
4.73003 116.587
5.01213 42.3548
4.729 70.5718
5.1782 30.7835
5.1791 31.947
4.7302 88.5744
5.0124 50.9687
4.9992 -0.0225129
5.179 34.1007
5.179 34.6687
5.1791 26.9567
5.0125 55.4535
4.73014 60.6163
5.1796 23.5312
5.1759 19.0525
5.0123 60.0113
5.1791 31.9261
5.1795 27.3516
5.0126 54.8222
5.0127 17.8995
4.73017 112.936
5.0125 55.7905
5.178 17.1257
4.7804 1.65665
4.7278 48.1528
5.0127 49.7781
4.7327 39.6902
4.99978 -1.16306
5.01285 60.6364
5.1792 30.7979
5.179 33.5302
5.0105 24.0221
5.1795 32.0287
4.72992 119.238
5.0127 47.9296
4.73006 128.512
5.1791 22.0365
4.7291 58.2947
5.1793 13.862
5.1791 35.4773
5.01267 58.2518
5.0129 38.2871
5.1791 14.821
5.0127 48.092
5.0125 53.0497
5.1795 30.0159
5.1796 23.3446
5.1795 35.599
5.1795 7.45571
4.73007 109.765
4.73184 51.5661
5.1791 35.388
5.1792 18.1456
4.7278 40.8736
5.178 26.398
5.1795 30.4314
5.0128 58.3033
5.0105 27.2784
5.1758 18.1318
4.73019 111.569
4.9986 1.33537
5.1795 12.2907
5.1797 21.0127
5.1794 34.4456
5.1795 34.7861
5.1795 36.1394
5.0129 46.9271
5.0126 47.1503
5.1653 0.149111
4.7301 107.02
5.1796 33.2061
4.73019 75.339
4.9985 1.7181
4.7386 7.35186
5.1795 31.184
5.1791 33.002
4.73006 51.9886
5.0142 30.9563
4.9986 1.2428
5.1795 30.5061
5.1855 0.981009
5.1781 31.5818
4.73011 126.854
5.1796 15.4521
4.7302 87.966
5.0126 54.3176
4.7804 1.67751
5.0137 50.1983
5.1792 28.4445
5.01243 46.6557
5.0127 24.2405
5.179 27.9322
4.73588 11.4943
5.1789 19.7987
4.72849 62.4802
4.73009 80.6977
4.7302 125.516
4.7301 34.489
5.1795 17.091
4.73016 108.594
5.0127 45.3969
5.01272 59.1004
5.1789 28.1911
5.01275 54.5044
5.1792 30.1545
5.1797 33.0496
5.1792 29.1632
4.7302 63.0673
5.01253 24.0739
5.01252 52.1888
5.0123 42.6028
5.1791 29.5067
5.0126 51.3146
5.1792 15.7301
5.013 42.0505
5.1792 14.3557
4.72999 113.751
5.1791 26.4428
5.1789 27.642
5.0125 37.1444
5.1793 30.2206
4.7303 117.575
4.73005 96.1547
5.01268 61.7041
5.1793 24.2509
4.73025 58.5938
5.0142 29.737
5.1796 28.9894
4.7301 68.6218
4.7301 76.4419
5.01243 50.6813
5.0124 22.2506
4.73791 6.99256
4.73002 106.039
5.1758 13.1423
5.1794 21.9022
5.1797 13.1669
5.0128 55.2746
5.1743 2.74183
5.1792 21.2702
4.73011 111.168
5.01251 63.062
5.0123 56.6815
5.1791 23.0488
5.1795 32.9643
4.73187 36.2788
5.1794 16.8438
5.1803 18.6588
5.1791 32.8356
5.1793 19.906
5.1792 19.4983
5.0128 39.1094
5.0129 16.7331
4.73585 10.7687
5.1653 -1.02113
4.7299 63.0842
4.73007 111.076
5.0126 52.8424
4.73029 111.761
5.1814 18.9599
5.1795 32.6675
4.73009 112.991
5.1792 31.1367
4.7804 1.85326
4.73029 121.416
5.1793 34.4186
5.0124 53.2382
4.7301 124.194
5.179 27.0428
5.01245 60.4576
5.1822 13.409
5.01258 20.7173
4.7303 98.5848
4.73005 110.786
5.01251 15.2619
5.01255 34.455
5.179 38.6811
5.0125 41.0437
5.1651 -0.215662
4.73041 118.957
4.7301 121.814
5.1791 34.9679
4.73029 113.001
5.0128 34.9654
4.73029 105.509
5.1793 36.1263
5.1767 11.5984
4.73005 99.5307
4.7303 111.136
5.1646 0.508559
5.1796 22.1785
5.1795 34.4875
5.1792 22.8525
4.73033 111.551
5.178 32.2234
5.1794 33.6972
4.7288 28.1558
5.1758 3.78028
5.178 12.056
5.1796 29.4907
4.7301 105.221
5.1792 24.7446
5.1782 20.8446
5.014 31.2268
4.73026 119.272
4.73002 50.7299
5.0125 51.1189
4.73019 117.03
4.72998 126.717
5.179 20.1178
5.1796 32.3783
5.1795 30.7045
5.1764 7.90719
4.7301 114.497
5.01308 37.3511
5.0127 37.891
5.1755 15.9299
4.73001 45.8879
4.72962 98.6177
4.7302 123.77
5.013 45.6715
4.7301 118.492
4.7302 113.281
4.9985 0.657376
5.1894 3.68621
5.0128 20.4591
5.177 15.7398
5.0126 51.1938
4.7302 100.199
4.7302 124.875
5.1791 29.7904
5.0142 37.2637
4.73602 10.8201
4.72761 39.9962
5.01265 52.4088
5.0125 59.9156
5.0129 47.9403
4.7301 115.399
5.1791 26.9953
4.7301 116.548
4.73013 128.349
5.0106 34.7573
5.1864 2.01068
4.7301 105.979
5.01254 59.5852
4.7302 106.775
4.7303 113.1
4.73043 120.021
4.73006 124.672
5.01256 54.2278
5.0124 57.9684
5.1792 21.7544
5.1795 27.6719
4.73017 82.3248
4.7302 127.328
4.73019 113.623
4.73 114.431
5.1904 1.426
4.7288 40.5262
4.7303 103.087
4.9987 -0.704595
5.1791 28.6999
4.7301 109.691
5.18 23.427
5.01247 55.403
5.0124 47.6738
4.7303 107.317
5.1793 24.9793
5.01267 57.8961
5.1781 31.8676
5.1796 32.2698
5.0124 50.5127
5.01267 60.3313
4.73005 92.5886
5.1792 19.255
5.1794 29.4331
5.0124 22.9566
5.1795 6.35598
5.0128 61.1112
5.01226 46.2168
4.7302 92.1022
4.73019 71.3439
4.9993 1.7827
4.7303 115.29
5.01265 55.3135
5.1793 23.1236
5.1795 17.1737
5.0122 29.9474
4.7311 107.299
4.7301 107.637
4.73023 119.69
5.1794 32.0175
5.1864 4.84651
4.73046 121.635
5.1795 34.8667
4.7301 36.3292
4.73038 108.038
5.1779 25.8414
5.1796 33.4035
4.73011 108.421
5.1795 32.3492
4.7301 109.232
5.0124 45.9944
5.0126 41.2019
5.0126 49.7942
4.7302 110.056
4.73017 81.3193
5.0128 51.0884
5.1796 18.5304
5.1647 0.439921
5.1789 27.1636
5.1796 33.7271
5.1796 32.4127
4.73017 138.661
5.1793 19.7497
5.179 32.0395
4.7301 54.6367
5.0174 3.40255
4.73007 77.3143
5.1795 12.5619
4.73005 69.105
5.1795 27.3266
5.1647 -0.413588
5.1795 33.8981
5.01245 62.199
5.0122 44.8466
5.1789 21.3313
4.73005 122.475
5.1795 18.9929
5.1791 30.2081
5.1854 2.53676
5.1791 30.6113
4.73002 111.877
5.0126 52.9133
5.0124 48.9515
4.73011 108.54
4.73 129.425
4.73005 114.632
5.1795 32.6536
5.1791 28.4545
5.0124 50.9769
5.0106 29.1184
5.0126 39.9786
5.1651 -1.10829
4.73041 112.035
5.1796 27.8747
5.1905 -0.235584
5.1794 15.3435
5.1791 32.1368
5.01257 56.5514
5.1795 14.4466
5.1823 13.1522
4.73039 110.212
5.1794 34.0887
5.1793 25.8435
5.1791 38.1999
4.7302 125.799
5.1653 -0.0335071
5.1795 30.4219
5.1796 26.858
4.73018 76.1104
4.7304 112.27
5.01255 51.8422
5.1782 30.4048
5.0266 3.27396
5.0142 33.8967
4.7301 129.379
4.7293 66.0794
4.73027 124.388
5.01311 54.2726
5.0111 42.2489
5.0137 44.7411
5.0126 20.5471
5.1796 28.0454
5.1791 32.0898
4.73017 109.728
5.1833 11.9467
5.1791 13.6737
5.0205 3.16533
5.1794 33.4652
5.013 49.6103
5.0139 19.0634
4.7301 83.5161
4.7303 115.18
4.7167 0.648539
5.01265 60.1126
5.1793 22.1859
4.73005 56.8554
5.1768 14.0706
5.0143 17.3118
5.1794 24.9473
5.01261 55.9374
5.1794 31.6322
5.1793 32.309
5.01281 60.1412
5.0129 53.7621
5.1796 19.3642
5.1796 36.0942
4.73006 88.8994
5.014 14.6298
5.01246 62.5307
4.9988 -1.53844
5.1865 3.49988
4.73006 50.7673
5.0142 35.4494
4.7302 95.0393
5.1781 28.2191
4.72998 96.1049
5.0068 1.41249
5.1792 27.3811
5.0123 59.1843
5.0128 52.2878
4.7302 124.933
5.1795 28.5184
5.1796 32.4768
5.0128 18.0715
5.0129 52.6384
5.01269 32.5724
5.1792 11.568
5.179 33.7594
4.73024 89.8534
4.73015 116.086
4.7303 83.8002
4.7303 69.9327
4.73011 123.978
4.7301 99.1005
5.0125 37.2638
5.01258 60.9858
5.1778 29.4784
4.73041 114.295
5.0126 50.2469
5.0126 41.1722
4.7304 107.233
4.73029 128.122
5.01255 55.5635
5.01225 41.3515
5.0066 0.309738
5.0127 17.9162
5.01278 59.8622
5.1798 28.9881
5.01274 53.1426
5.1791 32.1679
5.1779 27.4868
5.1793 27.9997
5.0137 48.0108
5.1795 30.0913
4.7301 116.47
5.0126 50.0838
4.9991 1.20537
5.0125 50.3886
5.1792 17.9308
5.1781 29.9567
5.0138 38.5724
5.0124 49.1254
5.1796 35.4073
4.7267 24.1814
5.1646 -0.476956
4.73266 49.5104
5.0126 38.3906
5.1793 34.082
4.73007 67.9644
5.01238 38.178
5.0104 18.0566
4.73003 56.1698
5.0129 42.4166
5.1652 -1.29561
4.7301 116.468
5.1795 26.7303
5.0124 49.1047
5.1795 31.6197
5.1795 21.6232
5.0129 53.0828
5.0128 40.3064
5.01254 40.9097
5.01281 56.2041
4.73026 125.681
4.7301 116.728
5.1791 27.1665
5.1758 13.8016
5.0123 60.3283
5.0123 56.9528
5.1794 27.9064
4.7328 38.339
5.0127 53.6929
5.1792 17.0426
4.7303 115.323
5.01261 23.0472
5.01275 57.3354
5.1795 31.3908
4.9997 -1.94483
5.1779 17.428
5.0127 46.9885
4.72846 56.0307
5.01276 52.4937
5.0266 2.60158
4.7268 18.9716
5.1758 14.0188
4.7303 116.744
4.7269 8.64468
4.73009 115.061
4.73011 116.617
5.1796 32.2879
5.1796 35.4796
5.1789 27.4975
5.1791 35.4624
5.0124 34.3116
5.1792 18.4492
4.9986 -0.136305
5.1645 -0.467093
5.1791 25.5111
5.01267 51.6812
4.7302 100.13
5.0124 58.6828
5.01264 59.9628
5.0139 40.0005
4.7301 65.684
5.1774 15.9396
4.7299 117.33
5.0127 74.0695
5.0129 47.6757
5.1794 27.1098
5.0129 36.3109
4.73 126.119
4.73029 87.0551
5.1796 29.8323
5.01261 44.9552
4.7328 41.6159
5.01276 58.4398
5.1795 29.1762
5.1794 24.0218
5.179 17.767
5.0106 31.7568
5.01252 31.5632
5.0124 48.141
5.1796 12.4292
5.01254 47.6543
4.73101 98.307
5.1793 36.5798
5.013 51.5486
5.1774 17.986
4.7301 107.566
5.0124 58.7613
5.0122 22.555
5.0155 16.7205
5.1791 27.2923
5.01284 36.9354
5.1794 23.7181
4.73 84.0451
5.0128 49.6553
4.73002 119.825
5.1795 31.1718
5.1791 18.5564
4.7267 16.0419
4.7302 100.461
4.73035 106.36
4.7303 92.2131
4.7292 38.3415
4.73003 109.659
4.7301 118.04
5.0123 45.812
4.7302 57.3203
5.1795 22.8304
4.73012 42.5705
4.7303 52.4902
5.01251 43.0176
5.1794 31.5879
4.73041 106.903
4.73016 113.77
4.7301 115.953
5.0124 40.3442
5.1795 32.5885
5.0126 -0.433846
5.1795 13.4093
5.1795 31.0318
4.7301 121.044
5.1779 32.722
5.0125 52.7686
5.1796 31.5487
5.1776 23.4693
5.0128 51.0117
4.7303 90.248
5.0125 47.4026
5.179 27.981
5.0127 53.7282
5.0127 49.829
4.73006 85.6789
4.73043 101.926
5.179 32.5061
5.1795 32.8518
5.0128 32.2836
4.7302 124.505
4.7301 117.415
5.1791 32.5977
4.73013 95.1357
5.01272 50.6782
5.179 36.622
4.7304 96.1328
5.0125 49.75
4.72999 121.058
5.1791 23.9707
4.73865 6.4184
5.01253 47.5057
5.0126 53.7419
5.0127 44.0871
5.0129 51.756
5.1795 37.6272
5.1795 37.0344
4.7303 97.2452
5.01253 51.6491
5.01272 53.9741
5.0177 6.45204
5.01272 48.8262
5.01254 38.3442
5.0127 43.1134
5.179 23.6255
5.1796 36.7465
4.7304 100.922
4.7301 119.136
5.01261 30.2677
5.179 31.9467
5.1796 28.6993
4.72991 118.494
4.73003 124.919
4.7307 75.406
5.0128 29.5811
5.01253 41.0616
4.7302 121.03
5.1796 30.2935
5.01216 30.1892
4.73026 57.3629
5.1792 31.1704
5.1796 21.7437
4.73012 71.2082
5.0126 50.7796
5.1795 17.1134
4.7302 101.202
4.7302 96.2492
4.7302 125.768
5.1792 28.619
4.7302 126.654
5.0107 32.0353
5.01265 59.5343
5.1795 31.2887
4.73005 104.47
5.0142 36.4547
4.73007 118.184
5.1795 27.3113
5.1759 17.9616
4.7804 0.810611
5.1793 29.5445
4.73018 62.8051
5.1792 22.8736
5.1795 33.2359
5.0125 58.238
5.0126 53.2703
5.0127 37.0335
4.7302 109.994
5.1795 18.4607
4.7299 78.4982
4.72902 66.9726
5.1795 32.7547
4.7301 120.302
5.0126 27.8601
5.0124 21.286
5.01265 51.1484
5.1774 18.7581
5.1652 0.861586
5.01276 59.0077
5.01273 55.9253
5.0126 46.3757
4.7804 0.852525
5.1792 17.3677
4.73001 123.459
4.7303 73.0772
5.01285 60.6804
5.1884 0.595338
5.1733 -0.351484
5.0127 48.3549
4.73003 124.16
5.01287 57.3267
5.0127 35.6066
5.0125 43.7124
5.0128 56.1972
5.0126 51.5206
4.7319 46.5474
5.1793 11.9052
4.7302 58.6171
5.1793 14.0225
4.73006 126.745
5.1997 1.60943
5.1779 25.3513
5.0127 40.3502
5.01272 59.3689
5.1792 27.2496
4.73015 120.766
5.1651 1.13639
5.0126 53.8311
4.73019 128.569
5.1803 10.5189
4.9986 -1.26071
4.7301 100.224
4.7303 108.638
4.7301 86.0621
5.1646 -0.224107
5.1781 29.9245
5.1797 29.6997
4.9999 -0.846213
5.01256 42.502
4.73002 73.2416
5.1646 0.116163
5.0141 37.0566
5.1794 31.0554
4.73005 111.253
5.0142 36.6789
5.1733 2.52403
5.0127 32.1743
5.1795 14.8615
5.1795 27.4788
5.1795 28.2598
5.1789 26.5017
4.7304 114.976
5.0124 58.8877
5.1797 25.1176
4.73038 117.281
4.7301 108.693
5.0124 28.6371
5.1794 32.3301
5.1797 34.2143
4.7301 97.7208
5.0126 43.0342
5.1755 6.16578
4.7303 115.837
5.1792 24.9108
5.1795 25.1374
5.1793 24.6557
4.73 122.063
5.0127 34.9548
5.1824 11.6067
5.1795 24.172
5.0153 17.7101
5.0124 56.4336
5.1803 16.3098
5.0127 55.7744
4.73021 115.587
4.9998 0.979522
4.9985 2.8333
5.1792 35.2275
5.1794 12.4215
4.73005 124.762
4.73002 118.782
4.73017 118.001
5.1792 28.1757
4.7301 108.882
4.7303 70.8518
4.7303 37.4525
5.1905 1.56971
5.1796 32.7481
5.1793 23.5856
4.73019 79.5957
4.73011 113.553
4.72596 10.2649
5.0124 47.4739
5.0123 48.1696
4.73032 125.687
5.1791 29.1379
4.7278 34.2932
4.72955 49.9602
4.73013 109.746
4.9993 0.523663
4.73021 85.8737
5.1792 16.9654
5.1796 31.7765
5.1784 10.8843
5.0126 54.9961
5.1796 32.6596
5.0143 33.1964
5.1795 36.1126
4.7302 45.9637
4.73001 108.717
5.1791 30.5695
5.1795 27.4688
5.1796 19.7539
4.7301 115.939
5.01274 55.727
5.01255 56.8852
5.01255 61.1171
4.73021 116.082
5.1792 25.5121
5.1791 33.7408
5.1789 21.2946
5.1795 31.7698
4.73004 88.5683
5.1755 11.6636
5.0129 51.0448
5.1796 33.6729
4.7277 45.4145
5.01255 58.2002
5.1795 30.8793
5.1795 35.0571
4.72925 61.4831
4.7301 100.986
5.01246 21.4565
4.7368 7.11511
5.0126 54.0281
5.1795 32.462
5.0128 51.2219
5.1792 24.2751
5.1792 31.9427
5.1792 27.3817
5.1764 8.692
4.73003 114.16
4.73032 107.79
5.0137 48.1532
4.73022 113.856
4.7804 1.68374
5.1794 30.9422
5.1791 32.0581
5.1793 34.9183
5.1792 28.7391
4.73008 101.814
5.1792 23.3771
5.1797 21.4067
4.72842 55.3588
5.0124 23.7506
5.1789 27.4212
5.1795 32.4232
5.0125 59.7615
4.73031 104.855
4.9986 1.78711
4.73029 137.297
5.001 1.63556
5.1796 15.9465
5.1793 11.8614
5.1645 -1.25122
4.73013 85.4605
5.1795 36.8458
5.0126 56.9317
5.0143 37.1002
5.1651 -0.720847
4.7302 100.959
5.1796 33.1729
5.01281 59.8933
5.01236 51.9841
5.179 25.3906
4.7303 106.626
5.0124 46.952
5.1853 2.01954
4.73024 102.644
4.7303 116.03
4.72999 49.7736
5.1779 27.7421
4.73019 116.37
5.1795 30.6659
4.73012 125.643
5.1791 27.3357
4.7326 37.9962
4.73006 126.509
5.0126 53.4939
4.7301 80.8139
5.1796 17.936
5.1791 16.1335
4.7301 111.179
5.013 41.6532
5.1791 29.3082
4.73039 109.419
5.1758 11.694
4.73035 113.047
5.0125 57.8953
5.0128 38.0739
5.1854 4.11144
4.7301 108.53
5.0126 51.1328
5.1651 1.8162
5.179 27.6055
5.0125 26.8563
5.0138 17.4381
5.1646 0.493233
5.1724 0.0527311
5.0124 55.4475
5.0126 55.0113
4.7388 5.02588
4.7302 98.3233
5.01282 43.9325
5.1795 32.6597
4.73021 47.7859
4.7301 70.2254
4.7288 37.1705
5.1795 29.6074
5.0125 59.0523
5.1795 5.7387
5.1796 14.5688
4.7348 11.0519
4.72998 38.3993
4.7303 103.84
5.1764 9.52274
5.1768 12.2695
5.1791 35.1175
5.179 31.8661
5.01261 61.4159
5.0124 45.1619
4.9992 -0.418521
5.1795 21.2695
4.7301 115.22
5.1793 33.3437
4.7302 110.238
5.0087 7.84714
5.1793 34.1703
4.7302 111.181
4.7302 98.4016
5.1795 33.1527
4.7368 8.38904
5.01265 58.6492
5.1795 24.9653
4.73021 112.98
5.01247 53.8492
5.1795 24.7699
5.1795 33.744
5.179 38.4269
5.0144 25.3632
4.7304 81.7063
4.7283 53.4927
4.7302 86.9897
4.7803 1.76544
5.1792 20.428
4.7304 111.512
4.73002 122.012
5.0137 49.1849
5.0126 32.7038
5.01229 51.14
5.1795 24.3245
5.01282 22.8908
5.1796 23.8452
5.1883 1.80563
5.1795 33.6052
5.1794 16.3351
5.01274 54.0536
4.7301 78.7649
4.73022 120.175
5.1795 25.9225
5.1795 34.7727
4.72684 17.9268
5.0127 28.1759
5.0123 59.0781
5.01271 37.7692
5.1781 26.5577
5.1792 24.2542
4.7301 127.557
5.0127 37.9474
5.1801 25.878
5.1796 33.1216
5.1794 21.0853
5.0129 51.9331
5.1796 27.7194
5.1796 18.5568
4.72999 100.125
5.1789 25.3975
4.7222 0.652802
5.1652 2.0643
5.0143 16.3524
4.72998 98.7576
4.9986 -0.00621765
5.01243 54.4338
4.73007 95.1728
5.01275 45.1481
5.1796 33.0291
4.7302 111.799
5.1791 17.2065
5.1791 32.4566
5.1652 -1.37412
4.73029 107.292
5.1791 34.4465
5.0123 56.4357
5.0125 58.1104
5.01274 49.2483
4.9992 0.215027
5.0127 54.1578
5.0126 46.1419
5.179 32.5802
4.7303 116.505
4.7301 118.482
4.73011 131.492
5.0127 31.2084
5.1646 0.0410813
5.1795 27.8476
5.1795 34.9279
4.73043 117.281
4.7301 120.238
4.9985 1.6297
5.1745 2.53453
4.73009 108.791
4.73003 127.671
5.0126 55.1826
5.1791 32.4946
4.73004 95.0543
5.1755 7.26613
5.0129 18.3312
4.7302 111.034
5.1646 -2.8305
5.0126 38.3862
4.7339 20.7252
5.0129 48.5614
5.1781 28.7991
5.1779 14.7314
5.0106 36.0118
5.1795 24.866
5.01268 58.2786
5.1791 20.8704
5.1795 36.5026
4.7302 90.7119
5.1792 16.6402
5.0128 18.2001
5.01274 58.1191
4.73005 111.487
5.1796 30.1264
4.7303 84.0573
5.1792 27.0562
4.73043 114.653
4.7301 108.695
5.1793 31.3338
5.0126 48.1895
5.1997 1.238
5.0125 18.8422
5.1791 26.6488
5.01254 55.3181
5.1796 27.6248
5.01262 53.2751
4.72912 65.4019
4.7301 59.8138
5.1792 29.9969
5.0126 55.1362
5.1795 23.1184
5.1904 2.55647
5.1796 24.3515
4.7267 19.3894
5.1795 35.017
5.1794 16.8524
5.1795 23.8299
5.0126 21.0555
5.179 25.5333
5.0127 62.8723
4.7804 1.51453
5.0125 52.3024
5.1795 32.1586
4.73027 126.147
5.0123 58.9013
4.73041 122.126
5.0128 52.9782
5.01252 63.3257
4.7304 106.093
5.1791 32.7705
5.1795 39.2705
4.9996 0.533741
5.0126 52.3764
5.1795 30.548
4.7302 112.017
4.72996 51.7248
5.01277 63.2757
4.7301 88.1457
5.1759 8.47513
5.1791 32.3186
4.7301 47.3663
4.9987 -1.91533
5.1798 16.8178
4.7301 55.9179
5.0126 51.0781
4.7301 113.572
5.0127 22.5247
5.1795 29.1276
5.1795 29.2118
4.73028 116.628
5.01282 61.3007
5.1793 34.1416
4.73011 99.2
5.1778 11.8994
5.0126 53.085
5.0124 55.3415
5.0127 51.4612
4.73005 75.2584
5.1792 28.328
5.179 33.0852
5.01238 43.114
5.1791 24.0458
4.73003 44.4772
5.1792 31.5031
4.73006 51.0174
5.01279 55.993
4.7302 108.211
4.7319 59.7412
5.1792 24.1079
5.1795 32.4167
5.1791 25.8966
4.7301 115.42
5.01277 54.1139
5.0137 25.026
5.1785 19.2278
4.7302 113.951
5.0129 54.1071
5.1796 27.3365
4.9985 -0.748938
5.0126 48.4173
5.1794 31.642
5.0127 38.7001
4.73018 110.407
4.73018 123.814
5.179 34.0232
5.1885 1.00156
5.1885 2.46483
5.1792 31.4883
4.7304 118.561
4.73005 109.203
5.0129 55.786
5.178 26.2718
5.1773 14.216
5.1789 12.1792
4.73038 88.4207
4.7303 119.956
4.7301 109.816
5.0105 28.9599
5.1878 0.0708388
5.1795 32.9451
5.0122 21.5013
5.1791 28.7446
5.1759 19.5963
5.179 36.2583
5.1795 23.4888
4.73007 122.122
5.1789 21.9867
5.1793 12.3133
5.1794 30.1796
5.01273 59.9803
4.73019 90.7427
5.1796 12.2505
5.1795 33.9539
5.1652 -0.00922488
5.0123 40.6334
5.0123 36.1991
5.1792 20.3197
5.0121 34.9051
5.18 25.382
5.1791 40.373
5.1796 33.6157
5.1791 22.5837
5.1758 17.0856
5.178 29.4922
5.0126 39.3891
5.1791 39.2371
5.1781 29.0169
5.0124 46.5597
5.01267 55.5655
4.7339 17.4322
5.1734 0.589033
5.1795 17.1445
5.1792 30.1574
5.0137 46.6732
5.0124 48.322
5.1793 12.0059
4.7301 80.4831
5.1997 1.2324
5.01255 58.1667
5.01265 61.4449
5.1793 18.2352
4.7301 43.0691
5.0125 41.6761
5.0129 52.8058
5.1794 33.6674
4.72999 92.5143
5.0123 56.2063
4.73187 55.5249
5.0126 47.656
5.1784 17.0666
5.1791 37.3134
5.0127 55.2975
4.7301 93.5706
4.73014 130.36
4.7301 108.863
5.0124 55.3113
4.9985 1.08841
5.0127 24.8349
5.0126 52.4164
5.0153 14.8926
5.1653 0.228796
5.1793 24.2697
5.1795 30.9239
