   9425.00000000000        6.02749092036510     
   9425.13600000000        6.02732334946449     
   9425.27200000000        6.02715587037108     
   9425.40800000000        6.02698847546219     
   9425.54400000000        6.02682116598341     
   9425.68000000000        6.02665394083499     
   9425.81600000000        6.02648679960497     
   9425.95200000000        6.02631975430384     
   9426.08800000000        6.02615279966939     
   9426.22400000000        6.02598593466246     
   9426.36000000000        6.02581916561038     
   9426.49600000000        6.02565248463792     
   9426.63200000001        6.02548590690102     
   9426.76800000001        6.02531942456273     
   9426.90400000001        6.02515304415445     
   9427.04000000001        6.02498676469834     
   9427.17600000001        6.02482058057439     
   9427.31200000001        6.02465450541030     
   9427.44800000001        6.02448853866828     
   9427.58400000001        6.02432267947978     
   9427.72000000001        6.02415692958864     
   9427.85600000001        6.02399128827374     
   9427.99200000001        6.02382576245338     
   9428.12800000001        6.02366034365677     
   9428.26400000001        6.02349504927069     
   9428.40000000001        6.02332987098253     
   9428.53600000001        6.02316481589593     
   9428.67200000001        6.02299988344324     
   9428.80800000001        6.02283507310550     
   9428.94400000001        6.02267039231610     
   9429.08000000001        6.02250584055364     
   9429.21600000001        6.02234142004965     
   9429.35200000001        6.02217713049878     
   9429.48800000001        6.02201297951488     
   9429.62400000001        6.02184896679971     
   9429.76000000001        6.02168509213501     
   9429.89600000002        6.02152136346654     
   9430.03200000002        6.02135778058798     
   9430.16800000002        6.02119434338838     
   9430.30400000002        6.02103105101788     
   9430.44000000002        6.02086792154713     
   9430.57600000002        6.02070495810397     
   9430.71200000002        6.02054214232328     
   9430.84800000002        6.02037949190476     
   9430.98400000002        6.02021700708210     
   9431.12000000002        6.02005468822079     
   9431.25600000002        6.01989254413343     
   9431.39200000002        6.01973057522811     
   9431.52800000002        6.01956878206297     
   9431.66400000002        6.01940717380424     
   9431.80000000002        6.01924575106382     
   9431.93600000002        6.01908451462287     
   9432.07200000002        6.01892347401110     
   9432.20800000002        6.01876263007655     
   9432.34400000002        6.01860198385684     
   9432.48000000002        6.01844154525710     
   9432.61600000002        6.01828132664588     
   9432.75200000002        6.01812130713270     
   9432.88800000002        6.01796150800085     
   9433.02400000002        6.01780193068206     
   9433.16000000003        6.01764257684170     
   9433.29600000003        6.01748345718325     
   9433.43200000003        6.01732458258506     
   9433.56800000003        6.01716594034450     
   9433.70400000003        6.01700754419208     
   9433.84000000003        6.01684939631189     
   9433.97600000003        6.01669152115167     
   9434.11200000003        6.01653389602093     
   9434.24800000003        6.01637653589641     
   9434.38400000003        6.01621945297423     
   9434.52000000003        6.01606266039326     
   9434.65600000003        6.01590614443887     
   9434.79200000003        6.01574992121272     
   9434.92800000003        6.01559400816269     
   9435.06400000003        6.01543839114326     
   9435.20000000003        6.01528308732187     
   9435.33600000003        6.01512811545675     
   9435.47200000003        6.01497346071202     
   9435.60800000003        6.01481913825118     
   9435.74400000003        6.01466517828890     
   9435.88000000003        6.01451155512137     
   9436.01600000003        6.01435830465405     
   9436.15200000003        6.01420541126597     
   9436.28800000004        6.01405289227595     
   9436.42400000004        6.01390078086806     
   9436.56000000004        6.01374904631633     
   9436.69600000004        6.01359773942724     
   9436.83200000004        6.01344683245007     
   9436.96800000004        6.01329636743012     
   9437.10400000004        6.01314632673303     
   9437.24000000004        6.01299675076150     
   9437.37600000004        6.01284762138912     
   9437.51200000004        6.01269898115636     
   9437.64800000004        6.01255083098983     
   9437.78400000004        6.01240316040250     
   9437.92000000004        6.01225601860368     
   9438.05600000004        6.01210940693155     
   9438.19200000004        6.01196331168824     
   9438.32800000004        6.01181779661476     
   9438.46400000004        6.01167284887218     
   9438.60000000004        6.01152846975931     
   9438.73600000004        6.01138471250650     
   9438.87200000004        6.01124157986149     
   9439.00800000004        6.01109908183123     
   9439.14400000004        6.01095724476583     
   9439.28000000004        6.01081605523753     
   9439.41600000004        6.01067559015311     
   9439.55200000005        6.01053583775647     
   9439.68800000005        6.01039682769728     
   9439.82400000005        6.01025857813364     
   9439.96000000005        6.01012110851210     
   9440.09600000005        6.00998445082542     
   9440.23200000005        6.00984862237137     
   9440.36800000005        6.00971365726473     
   9440.50400000005        6.00957957483194     
   9440.64000000005        6.00944640734796     
   9440.77600000005        6.00931418890454     
   9440.91200000005        6.00918294180167     
   9441.04800000005        6.00905270694250     
   9441.18400000005        6.00892354478363     
   9441.32000000005        6.00879542969139     
   9441.45600000005        6.00866842382616     
   9441.59200000005        6.00854257436137     
   9441.72800000005        6.00841795283470     
   9441.86400000005        6.00829453175770     
   9442.00000000005        6.00817242700539     
   9442.13600000005        6.00805161115585     
   9442.27200000005        6.00793220904424     
   9442.40800000005        6.00781419271577     
   9442.54400000005        6.00769769773788     
   9442.68000000005        6.00758269037473     
   9442.81600000006        6.00746933263828     
   9442.95200000006        6.00735762920001     
   9443.08800000006        6.00724759951676     
   9443.22400000006        6.00713941323664     
   9443.36000000006        6.00703309871549     
   9443.49600000006        6.00692872391397     
   9443.63200000006        6.00682637493889     
   9443.76800000006        6.00672614309765     
   9443.90400000006        6.00662811000237     
   9444.04000000006        6.00653238215018     
   9444.17600000006        6.00643913258261     
   9444.31200000006        6.00634832006466     
   9444.44800000006        6.00626014128375     
   9444.58400000006        6.00617480411361     
   9444.72000000006        6.00609236217238     
   9444.85600000006        6.00601285973211     
   9444.99200000006        6.00593664162134     
   9445.12800000006        6.00586378354707     
   9445.26400000006        6.00579445175457     
   9445.40000000006        6.00572884141131     
   9445.53600000006        6.00566716323512     
   9445.67200000006        6.00560978982333     
   9445.80800000006        6.00555683518801     
   9445.94400000006        6.00550838587957     
   9446.08000000007        6.00546508822507     
   9446.21600000007        6.00542710009230     
   9446.35200000007        6.00539504929511     
   9446.48800000007        6.00536913391486     
   9446.62400000007        6.00534983570669     
   9446.76000000007        6.00533770444440     
   9446.89600000007        6.00533381088141     
   9447.03200000007        6.00533862103282     
   9447.16800000007        6.00535377430258     
   9447.30400000007        6.00538099525708     
   9447.44000000007        6.00542290139179     
   9447.57600000007        6.00548383312700     
   9447.71200000007        6.00557471069610     
   9447.84800000007        6.00573841845090     
   9447.98400000007        6.00655363477820     
   9448.12000000007        6.00959228990848     
   9448.25600000007        6.01087852870357     
   9448.39200000007        6.01218794908605     
   9448.52800000007        6.01367867611509     
   9448.66400000007        6.01539768996951     
   9448.80000000007        6.01740470053339     
   9448.93600000007        6.01973211781146     
   9449.07200000007        6.02243994090053     
   9449.20800000008        6.02559265277890     
   9449.34400000008        6.02925549739163     
   9449.48000000008        6.03349695132002     
   9449.61600000008        6.03840543728890     
   9449.75200000008        6.04406896397005     
   9449.88800000008        6.05060105722561     
   9450.02400000008        6.05810797141968     
   9450.16000000008        6.06671841182806     
   9450.29600000008        6.07658350963499     
   9450.43200000008        6.08785564276578     
   9450.56800000008        6.10070370784385     
   9450.70400000008        6.11532118607560     
   9450.84000000008        6.13191498548177     
   9450.97600000008        6.15071044939817     
   9451.11200000008        6.17195211685121     
   9451.24800000008        6.19590442749582     
   9451.38400000008        6.22284883161261     
   9451.52000000008        6.25309806363336     
   9451.65600000008        6.28697131269951     
   9451.79200000008        6.32482385694004     
   9451.92800000008        6.36701727430889     
   9452.06400000008        6.41394306634138     
   9452.20000000008        6.46601066638897     
   9452.33600000008        6.52364917819012     
   9452.47200000009        6.58729624739793     
   9452.60800000009        6.65741433189318     
   9452.74400000009        6.73447205660748     
   9452.88000000009        6.81895747917300     
   9453.01600000009        6.91135806487606     
   9453.15200000009        7.01216584733450     
   9453.28800000009        7.12187197241150     
   9453.42400000009        7.24097126917447     
   9453.56000000009        7.36993881794499     
   9453.69600000009        7.50923788446541     
   9453.83200000009        7.65931864229688     
   9453.96800000009        7.82059351652955     
   9454.10400000009        7.99345503494628     
   9454.24000000009        8.17824513117098     
   9454.37600000009        8.37526835593049     
   9454.51200000009        8.58477676256629     
   9454.64800000009        8.80695645824678     
   9454.78400000009        9.04193429474384     
   9454.92000000009        9.28976198076263     
   9455.05600000009        9.55041432678954     
   9455.19200000009        9.82377427820614     
   9455.32800000009        10.1096410334580     
   9455.46400000009        10.4077152936984     
   9455.60000000009        10.7175972247224     
   9455.73600000010        11.0387829481851     
   9455.87200000010        11.3706618686102     
   9456.00800000010        11.7125150373297     
   9456.14400000010        12.0635141230324     
   9456.28000000010        12.4227217987361     
   9456.41600000010        12.7890936069755     
   9456.55200000010        13.1614806404288     
   9456.68800000010        13.5386334924856     
   9456.82400000010        13.9192049645446     
   9456.96000000010        14.3017690696064     
   9457.09600000010        14.6848108239039     
   9457.23200000010        15.0667473059422     
   9457.36800000010        15.4459353926814     
   9457.50400000010        15.8206812485416     
   9457.64000000010        16.1892623485551     
   9457.77600000010        16.5499252669282     
   9457.91200000010        16.9009086915686     
   9458.04800000010        17.2404651005972     
   9458.18400000010        17.5668597814882     
   9458.32000000010        17.8783952742570     
   9458.45600000010        18.1734337430378     
   9458.59200000010        18.4503958840400     
   9458.72800000010        18.7077849279106     
   9458.86400000011        18.9442079223708     
   9459.00000000011        19.1583701286510     
   9459.13600000011        19.3491107351277     
   9459.27200000011        19.5153905359750     
   9459.40800000011        19.6563247705248     
   9459.54400000011        19.7711713207646     
   9459.68000000011        19.8593554584191     
   9459.81600000011        19.9204604326038     
   9459.95200000011        19.9542445907781     
   9460.08800000011        19.9606305241803     
   9460.22400000011        19.9397161706070     
   9460.36000000011        19.8917703435656     
   9460.49600000011        19.8172198536074     
   9460.63200000011        19.7166633595663     
   9460.76800000011        19.5908421479997     
   9460.90400000011        19.4406531246780     
   9461.04000000011        19.2671262799254     
   9461.17600000011        19.0714135838371     
   9461.31200000011        18.8547847215943     
   9461.44800000011        18.6186102359834     
   9461.58400000011        18.3643417959560     
   9461.72000000011        18.0935094561083     
   9461.85600000011        17.8077003657685     
   9461.99200000011        17.5085440133563     
   9462.12800000012        17.1976947687082     
   9462.26400000012        16.8768249139138     
   9462.40000000012        16.5476039628776     
   9462.53600000012        16.2116918620320     
   9462.67200000012        15.8707115828029     
   9462.80800000012        15.5262557921230     
   9462.94400000012        15.1798620258609     
   9463.08000000012        14.8330066673218     
   9463.21600000012        14.4870979437107     
   9463.35200000012        14.1434670302528     
   9463.48800000012        13.8033542711286     
   9463.62400000012        13.4679150423814     
   9463.76000000012        13.1382081682352     
   9463.89600000012        12.8151946821084     
   9464.03200000012        12.4997382023153     
   9464.16800000012        12.1925989727301     
   9464.30400000012        11.8944379413357     
   9464.44000000012        11.6058174894626     
   9464.57600000012        11.3272071404046     
   9464.71200000012        11.0589743300197     
   9464.84800000012        10.8014044983313     
   9464.98400000012        10.5546948434041     
   9465.12000000012        10.3189613439852     
   9465.25600000012        10.0942478741579     
   9465.39200000013        9.88052695523681     
   9465.52800000013        9.67770767990714     
   9465.66400000013        9.48564118443315     
   9465.80000000013        9.30413030380871     
   9465.93600000013        9.13293042679739     
   9466.07200000013        8.97175817416182     
   9466.20800000013        8.82029634375139     
   9466.34400000013        8.67820306544952     
   9466.48000000013        8.54511157291843     
   9466.61600000013        8.42063873946854     
   9466.75200000013        8.30438841655241     
   9466.88800000013        8.19595931828715     
   9467.02400000013        8.09494138618818     
   9467.16000000013        8.00093043755382     
   9467.29600000013        7.91352178920816     
   9467.43200000013        7.83231597262763     
   9467.56800000013        7.75692183815384     
   9467.70400000013        7.68696103565721     
   9467.84000000013        7.62206656265102     
   9467.97600000013        7.56188423435068     
   9468.11200000013        7.50607385029023     
   9468.24800000013        7.45431409732735     
   9468.38400000013        7.40629676102760     
   9468.52000000014        7.36173305045929     
   9468.65600000014        7.32035083325194     
   9468.79200000014        7.28189220726845     
   9468.92800000014        7.24611716134000     
   9469.06400000014        7.21280209288079     
   9469.20000000014        7.18174047295093     
   9469.33600000014        7.15273940246848     
   9469.47200000014        7.12562254191813     
   9469.60800000014        7.10022590346931     
   9469.74400000014        7.07639917262381     
   9469.88000000014        7.05400187335813     
   9470.01600000014        7.03291351917327     
   9470.15200000014        7.01301601199756     
   9470.28800000014        6.99420551398125     
   9470.42400000014        6.97638761630655     
   9470.56000000014        6.95947375115732     
   9470.69600000014        6.94338892667153     
   9470.83200000014        6.92806106951822     
   9470.96800000014        6.91342485158662     
   9471.10400000014        6.89941419071523     
   9471.24000000014        6.88597216290709     
   9471.37600000014        6.87293859773828     
   9471.51200000014        6.85824878237982     
   9471.64800000014        6.84618317273925     
   9471.78400000015        6.83495245498413     
   9471.92000000015        6.82416276647775     
   9472.05600000015        6.81372574468112     
   9472.19200000015        6.80360540536269     
   9472.32800000015        6.79376938129062     
   9472.46400000015        6.78420498460826     
   9472.60000000015        6.77489407597589     
   9472.73600000015        6.76582271101217     
   9472.87200000015        6.75698221127433     
   9473.00800000015        6.74835533181033     
   9473.14400000015        6.73993674836299     
   9473.28000000015        6.73171872008116     
   9473.41600000015        6.72368923999395     
   9473.55200000015        6.71584194889603     
   9473.68800000015        6.70816837317913     
   9473.82400000015        6.70066696714446     
   9473.96000000015        6.69332225821349     
   9474.09600000015        6.68613788314572     
   9474.23200000015        6.67910204627143     
   9474.36800000015        6.67221113303480     
   9474.50400000015        6.66546117060728     
   9474.64000000015        6.65884355269697     
   9474.77600000015        6.65236217190918     
   9474.91200000015        6.64600146864479     
   9475.04800000016        6.63976331321958     
   9475.18400000016        6.63364822329409     
   9475.32000000016        6.62764467511831     
   9475.45600000016        6.62175087029629     
   9475.59200000016        6.61596806410835     
   9475.72800000016        6.61028657209663     
   9475.86400000016        6.60470947607180     
   9476.00000000016        6.59922735519429     
   9476.13600000016        6.59384365212770     
   9476.27200000016        6.58854990157745     
   9476.40800000016        6.58335062569016     
   9476.54400000016        6.57823679140382     
   9476.68000000016        6.57320517496929     
   9476.81600000016        6.56825928354464     
   9476.95200000016        6.56339433803844     
   9477.08800000016        6.55860628102827     
   9477.22400000016        6.55389706686512     
   9477.36000000016        6.54925866108554     
   9477.49600000016        6.54469737009721     
   9477.63200000016        6.54020203033614     
   9477.76800000016        6.53577912400742     
   9477.90400000016        6.53142248653820     
   9478.04000000016        6.52712871093820     
   9478.17600000017        6.52290228524206     
   9478.31200000017        6.51873736819100     
   9478.44800000017        6.51463304627952     
   9478.58400000017        6.51058844765410     
   9478.72000000017        6.50659794714575     
   9478.85600000017        6.50266900824581     
   9478.99200000017        6.49879276645178     
   9479.12800000017        6.49497266383202     
   9479.26400000017        6.49120267088814     
   9479.40000000017        6.48748645328529     
   9479.53600000017        6.48381843918513     
   9479.67200000017        6.48020279816634     
   9479.80800000017        6.47663285485262     
   9479.94400000017        6.47311217496713     
   9480.08000000017        6.46963807826374     
   9480.21600000017        6.46620775533327     
   9480.35200000017        6.46282201600224     
   9480.48800000017        6.45947890999623     
   9480.62400000017        6.45617869584662     
   9480.76000000017        6.45292166364125     
   9480.89600000017        6.44970271218213     
   9481.03200000017        6.44652505068268     
   9481.16800000017        6.44338413085066     
   9481.30400000017        6.44028614957679     
   9481.44000000018        6.43722101675273     
   9481.57600000018        6.43419281988285     
   9481.71200000018        6.43120387555160     
   9481.84800000018        6.42824814654397     
   9481.98400000018        6.42532829121841     
   9482.12000000018        6.42244156711589     
   9482.25600000018        6.41958746342740     
   9482.39200000018        6.41676743809196     
   9482.52800000018        6.41397872605031     
   9482.66400000018        6.41122155985112     
   9482.80000000018        6.40849323507985     
   9482.93600000018        6.40579965074090     
   9483.07200000018        6.40313176738253     
   9483.20800000018        6.40049648914883     
   9483.34400000018        6.39788690665845     
   9483.48000000018        6.39530753895496     
   9483.61600000018        6.39275776243703     
   9483.75200000018        6.39023045868367     
   9483.88800000018        6.38773363812977     
   9484.02400000018        6.38525926168250     
   9484.16000000018        6.38281312744279     
   9484.29600000018        6.38039245308231     
   9484.43200000018        6.37799588769081     
   9484.56800000018        6.37562504556791     
   9484.70400000019        6.37327897322142     
   9484.84000000019        6.37095238986839     
   9484.97600000019        6.36865331315928     
   9485.11200000019        6.36637462902870     
   9485.24800000019        6.36412124444008     
   9485.38400000019        6.36188577950511     
   9485.52000000019        6.35967588393206     
   9485.65600000019        6.35748719141380     
   9485.79200000019        6.35531798123294     
   9485.92800000019        6.35316738015388     
   9486.06400000019        6.35104135630784     
   9486.20000000019        6.34893304226084     
   9486.33600000019        6.34684705696304     
   9486.47200000019        6.34477902375230     
   9486.60800000019        6.34272824914633     
   9486.74400000019        6.34069889795780     
   9486.88000000019        6.33868619341254     
   9487.01600000019        6.33669257252906     
   9487.15200000019        6.33471922220007     
   9487.28800000019        6.33276083380176     
   9487.42400000019        6.33082019468937     
   9487.56000000019        6.32889886522906     
   9487.69600000019        6.32699000967414     
   9487.83200000019        6.32510044022864     
   9487.96800000020        6.32322894309381     
   9488.10400000020        6.32137137118982     
   9488.24000000020        6.31953091901700     
   9488.37600000020        6.31770739755927     
   9488.51200000020        6.31589685923331     
   9488.64800000020        6.31410125399818     
   9488.78400000020        6.31232420579111     
   9488.92000000020        6.31055990948067     
   9489.05600000020        6.30881002858528     
   9489.19200000020        6.30707333414107     
   9489.32800000020        6.30535381659336     
   9489.46400000020        6.30364638980437     
   9489.60000000020        6.30195390345077     
   9489.73600000020        6.30027393917635     
   9489.87200000020        6.29860878542002     
   9490.00800000020        6.29695554642369     
   9490.14400000020        6.29531641703052     
   9490.28000000020        6.29368816625931     
   9490.41600000020        6.29207573907502     
   9490.55200000020        6.29047391254244     
   9490.68800000020        6.28888719959059     
   9490.82400000020        6.28731028104410     
   9490.96000000020        6.28574505697935     
   9491.09600000021        6.28419218098426     
   9491.23200000021        6.28265195535817     
   9491.36800000021        6.28112258770337     
   9491.50400000021        6.27960338622206     
   9491.64000000021        6.27809791962371     
   9491.77600000021        6.27660222143497     
   9491.91200000021        6.27511948908079     
   9492.04800000021        6.27364438897696     
   9492.18400000021        6.27218393469763     
   9492.32000000021        6.27073107153054     
   9492.45600000021        6.26929008415959     
   9492.59200000021        6.26785838670209     
   9492.72800000021        6.26643939691015     
   9492.86400000021        6.26502704692417     
   9493.00000000021        6.26362682470998     
   9493.13600000021        6.26223622267349     
   9493.27200000021        6.26085527375045     
   9493.40800000021        6.25948449181412     
   9493.54400000021        6.25812153583631     
   9493.68000000021        6.25676883659800     
   9493.81600000021        6.25542497041738     
   9493.95200000021        6.25409059664597     
   9494.08800000021        6.25276480249404     
   9494.22400000021        6.25144991636975     
   9494.36000000022        6.25014267754758     
   9494.49600000022        6.24884324956434     
   9494.63200000022        6.24755379665585     
   9494.76800000022        6.24627171946049     
   9494.90400000022        6.24499789855555     
   9495.04000000022        6.24373358746184     
   9495.17600000022        6.24247779893278     
   9495.31200000022        6.24122767957828     
   9495.44800000022        6.23998847254633     
   9495.58400000022        6.23875687948783     
   9495.72000000022        6.23753129512436     
   9495.85600000022        6.23631390984357     
   9495.99200000022        6.23510506251033     
   9496.12800000022        6.23390476258229     
   9496.26400000022        6.23271118770702     
   9496.40000000022        6.23152299006747     
   9496.53600000022        6.23034530331597     
   9496.67200000022        6.22917202776037     
   9496.80800000022        6.22800803215173     
   9496.94400000022        6.22685152700691     
   9497.08000000022        6.22569953974320     
   9497.21600000022        6.22455572299943     
   9497.35200000022        6.22341987372734     
   9497.48800000022        6.22229010781603     
   9497.62400000023        6.22116595304628     
   9497.76000000023        6.22005157726664     
   9497.89600000023        6.21894003734887     
   9498.03200000023        6.21783636438452     
   9498.16800000023        6.21674141234286     
   9498.30400000023        6.21565063154626     
   9498.44000000023        6.21456743703929     
   9498.57600000023        6.21348770200746     
   9498.71200000023        6.21241716067974     
   9498.84800000023        6.21135099914180     
   9498.98400000023        6.21029327986224     
   9499.12000000023        6.20923995191154     
   9499.25600000023        6.20819111093105     
   9499.39200000023        6.20714983395719     
   9499.52800000023        6.20611290470725     
   9499.66400000023        6.20508338947927     
   9499.80000000023        6.20405960648964     
   9499.93600000023        6.20304127040817     
   9500.07200000023        6.20202765361354     
   9500.20800000023        6.20101916884259     
   9500.34400000023        6.20001729280543     
   9500.48000000023        6.19902011398761     
   9500.61600000023        6.19802907810623     
   9500.75200000024        6.19704326618340     
   9500.88800000024        6.19606238324880     
   9501.02400000024        6.19508748170515     
   9501.16000000024        6.19411556104448     
   9501.29600000024        6.19315203846391     
   9501.43200000024        6.19219140325773     
   9501.56800000024        6.19123428378185     
   9501.70400000024        6.19028461690919     
   9501.84000000024        6.18933962131966     
   9501.97600000024        6.18840000315119     
   9502.11200000024        6.18746292901656     
   9502.24800000024        6.18653417546945     
   9502.38400000024        6.18560734793801     
   9502.52000000024        6.18468687516759     
   9502.65600000024        6.18376882867806     
   9502.79200000024        6.18285859444840     
   9502.92800000024        6.18195077620789     
   9503.06400000024        6.18104695135755     
   9503.20000000024        6.18014998872382     
   9503.33600000024        6.17925540548793     
   9503.47200000024        6.17836693790923     
   9503.60800000024        6.17748208712315     
   9503.74400000024        6.17660143936588     
   9503.88000000024        6.17572600569447     
   9504.01600000025        6.17485215942951     
   9504.15200000025        6.17398713411028     
   9504.28800000025        6.17312216795913     
   9504.42400000025        6.17226404103505     
   9504.56000000025        6.17140894490897     
   9504.69600000025        6.17055890911444     
   9504.83200000025        6.16971085080399     
   9504.96800000025        6.16886710228805     
   9505.10400000025        6.16802975675796     
   9505.24000000025        6.16719294192183     
   9505.37600000025        6.16636237493335     
   9505.51200000025        6.16553338185441     
   9505.64800000025        6.16471017347731     
   9505.78400000025        6.16389232968247     
   9505.92000000025        6.16307499151006     
   9506.05600000025        6.16226373483142     
   9506.19200000025        6.16145435949422     
   9506.32800000025        6.16064795825555     
   9506.46400000025        6.15984661485694     
   9506.60000000025        6.15904780992758     
   9506.73600000025        6.15825485169647     
   9506.87200000025        6.15746225435891     
   9507.00800000025        6.15667486612080     
   9507.14400000025        6.15589135607132     
   9507.28000000026        6.15511107012686     
   9507.41600000026        6.15433403669623     
   9507.55200000026        6.15355886577392     
   9507.68800000026        6.15278919984274     
   9507.82400000026        6.15201991742235     
   9507.96000000026        6.15125629318703     
   9508.09600000026        6.15049798260473     
   9508.23200000026        6.14973906321698     
   9508.36800000026        6.14898460884644     
   9508.50400000026        6.14823420734826     
   9508.64000000026        6.14748612108332     
   9508.77600000026        6.14674223049852     
   9508.91200000026        6.14599858238442     
   9509.04800000026        6.14526269898628     
   9509.18400000026        6.14452721677300     
   9509.32000000026        6.14379423146081     
   9509.45600000026        6.14306519802212     
   9509.59200000026        6.14233843657496     
   9509.72800000026        6.14161442171942     
   9509.86400000026        6.14089500998963     
   9510.00000000026        6.14017582516137     
   9510.13600000026        6.13946358353775     
   9510.27200000026        6.13875075781955     
   9510.40800000027        6.13804127116476     
   9510.54400000027        6.13733544372582     
   9510.68000000027        6.13663340995276     
   9510.81600000027        6.13593162830663     
   9510.95200000027        6.13523393713987     
   9511.08800000027        6.13453905744035     
   9511.22400000027        6.13384582114335     
   9511.36000000027        6.13315396218471     
   9511.49600000027        6.13246867790559     
   9511.63200000027        6.13178191156159     
   9511.76800000027        6.13110012432370     
   9511.90400000027        6.13041979717982     
   9512.04000000027        6.12974136217063     
   9512.17600000027        6.12906574984754     
   9512.31200000027        6.12839345254293     
   9512.44800000027        6.12772113177427     
   9512.58400000027        6.12705577417754     
   9512.72000000027        6.12638944065620     
   9512.85600000027        6.12572640468233     
   9512.99200000027        6.12506394298250     
   9513.12800000027        6.12440561401579     
   9513.26400000027        6.12375061250227     
   9513.40000000027        6.12309580448606     
   9513.53600000027        6.12244582561680     
   9513.67200000028        6.12179660652036     
   9513.80800000028        6.12114765857569     
   9513.94400000028        6.12050448016434     
   9514.08000000028        6.11986237118497     
   9514.21600000028        6.11922223968629     
   9514.35200000028        6.11858395951080     
   9514.48800000028        6.11794841955406     
   9514.62400000028        6.11731795983646     
   9514.76000000028        6.11668529329140     
   9514.89600000028        6.11605738145532     
   9515.03200000028        6.11543123255323     
   9515.16800000028        6.11480789659635     
   9515.30400000028        6.11418569347605     
   9515.44000000028        6.11356717763363     
   9515.57600000028        6.11294878464644     
   9515.71200000028        6.11233638702354     
   9515.84800000028        6.11172169370706     
   9515.98400000028        6.11111195964437     
   9516.12000000028        6.11050512814029     
   9516.25600000028        6.10989866909610     
   9516.39200000028        6.10929366262591     
   9516.52800000028        6.10869240933850     
   9516.66400000028        6.10809268911999     
   9516.80000000028        6.10749525022864     
   9516.93600000029        6.10689896634803     
   9517.07200000029        6.10630461452391     
   9517.20800000029        6.10571482360867     
   9517.34400000029        6.10512388550450     
   9517.48000000029        6.10453568156366     
   9517.61600000029        6.10394805630456     
   9517.75200000029        6.10336379689310     
   9517.88800000029        6.10278272315084     
   9518.02400000029        6.10220057569104     
   9518.16000000029        6.10162046363393     
   9518.29600000029        6.10104489242897     
   9518.43200000029        6.10046920654740     
   9518.56800000029        6.09989303311330     
   9518.70400000029        6.09932115126500     
   9518.84000000029        6.09874911410120     
   9518.97600000029        6.09818155087350     
   9519.11200000029        6.09761331957578     
   9519.24800000029        6.09704644134773     
   9519.38400000029        6.09648236421509     
   9519.52000000029        6.09591986274038     
   9519.65600000029        6.09535900462284     
   9519.79200000029        6.09479906117033     
   9519.92800000029        6.09423999489709     
   9520.06400000029        6.09368464157534     
   9520.20000000030        6.09313035637020     
   9520.33600000030        6.09257561800578     
   9520.47200000030        6.09202684560291     
   9520.60800000030        6.09147519687693     
   9520.74400000030        6.09092795573677     
   9520.88000000030        6.09038240036524     
   9521.01600000030        6.08983758920067     
   9521.15200000030        6.08929604072343     
   9521.28800000030        6.08875325090975     
   9521.42400000030        6.08821410005017     
   9521.56000000030        6.08767740543402     
   9521.69600000030        6.08714222046519     
   9521.83200000030        6.08660828822241     
   9521.96800000030        6.08607640695685     
   9522.10400000030        6.08554470734167     
   9522.24000000030        6.08501698949522     
   9522.37600000030        6.08449051223356     
   9522.51200000030        6.08396350648694     
   9522.64800000030        6.08344244665189     
   9522.78400000030        6.08291923217350     
   9522.92000000030        6.08239950225871     
   9523.05600000030        6.08188118807527     
   9523.19200000030        6.08136426277911     
   9523.32800000031        6.08084953814163     
   9523.46400000031        6.08033415526920     
   9523.60000000031        6.07982103191793     
   9523.73600000031        6.07931108434893     
   9523.87200000031        6.07880186817728     
   9524.00800000031        6.07829227938355     
   9524.14400000031        6.07778524622240     
   9524.28000000031        6.07728138013542     
   9524.41600000031        6.07677452526294     
   9524.55200000031        6.07627176688761     
   9524.68800000031        6.07576918281921     
   9524.82400000031        6.07526836341528     
   9524.96000000031        6.07476952856787     
   9525.09600000031        6.07427071836218     
   9525.23200000031        6.07377310632157     
   9525.36800000031        6.07327607089904     
   9525.50400000031        6.07278056587271     
   9525.64000000031        6.07228526258898     
   9525.77600000031        6.07179260201830     
   9525.91200000031        6.07129944081133     
   9526.04800000031        6.07080911459698     
   9526.18400000031        6.07031892287324     
   9526.32000000031        6.06982724716109     
   9526.45600000031        6.06934106794001     
   9526.59200000032        6.06885255532987     
   9526.72800000032        6.06836709952077     
   9526.86400000032        6.06788239887354     
   9527.00000000032        6.06739790699379     
   9527.13600000032        6.06691528581920     
   9527.27200000032        6.06643293656477     
   9527.40800000032        6.06595300618446     
   9527.54400000032        6.06547235107286     
   9527.68000000032        6.06499750118766     
   9527.81600000032        6.06452104898227     
   9527.95200000032        6.06404601906794     
   9528.08800000032        6.06357361837815     
   9528.22400000032        6.06310015172073     
   9528.36000000032        6.06263051276415     
   9528.49600000032        6.06215906830469     
   9528.63200000032        6.06169162748876     
   9528.76800000032        6.06122743584000     
   9528.90400000032        6.06076224545522     
   9529.04000000032        6.06029938631716     
   9529.17600000032        6.05983598167407     
   9529.31200000032        6.05937677356354     
   9529.44800000032        6.05891783494672     
   9529.58400000032        6.05845922811435     
   9529.72000000032        6.05800277530451     
   9529.85600000033        6.05754714328540     
   9529.99200000033        6.05709623871929     
   9530.12800000033        6.05664320841959     
   9530.26400000033        6.05619241367324     
   9530.40000000033        6.05574413692502     
   9530.53600000033        6.05529361185662     
   9530.67200000033        6.05484706945019     
   9530.80800000033        6.05440097050398     
   9530.94400000033        6.05395467673348     
   9531.08000000033        6.05350993590046     
   9531.21600000033        6.05306704574236     
   9531.35200000033        6.05262463352808     
   9531.48800000033        6.05218074430645     
   9531.62400000033        6.05174159848484     
   9531.76000000033        6.05130127803667     
   9531.89600000033        6.05086101623387     
   9532.03200000033        6.05042267179569     
   9532.16800000033        6.04998355926333     
   9532.30400000033        6.04954718407624     
   9532.44000000033        6.04911015616745     
   9532.57600000033        6.04867167383595     
   9532.71200000033        6.04823521517054     
   9532.84800000033        6.04780158854602     
   9532.98400000034        6.04736489042016     
   9533.12000000034        6.04693033060482     
   9533.25600000034        6.04649664453147     
   9533.39200000034        6.04606335489250     
   9533.52800000034        6.04563027727622     
   9533.66400000034        6.04519847094743     
   9533.80000000034        6.04476706809387     
   9533.93600000034        6.04433682913623     
   9534.07200000034        6.04390726768944     
   9534.20800000034        6.04347748674864     
   9534.34400000034        6.04304911213524     
   9534.48000000034        6.04262253046243     
   9534.61600000034        6.04219455062022     
   9534.75200000034        6.04177033057790     
   9534.88800000034        6.04134606690748     
   9535.02400000034        6.04092097234766     
   9535.16000000034        6.04050041471283     
   9535.29600000034        6.04007901809911     
   9535.43200000034        6.03965974400474     
   9535.56800000034        6.03923958220032     
   9535.70400000034        6.03882327861742     
   9535.84000000034        6.03840736554519     
   9535.97600000034        6.03799169813115     
   9536.11200000034        6.03757892804619     
   9536.24800000035        6.03716678894366     
   9536.38400000035        6.03675792415946     
   9536.52000000035        6.03634905925821     
   9536.65600000035        6.03594041122507     
   9536.79200000035        6.03553346824421     
   9536.92800000035        6.03512938576876     
   9537.06400000035        6.03472330337921     
   9537.20000000035        6.03432157132988     
   9537.33600000035        6.03392012519781     
   9537.47200000035        6.03351872903211     
   9537.60800000035        6.03312176693095     
   9537.74400000035        6.03272273387866     
   9537.88000000035        6.03232535233077     
   9538.01600000035        6.03192849451865     
   9538.15200000035        6.03153217896887     
   9538.28800000035        6.03113742286835     
   9538.42400000035        6.03074374336107     
   9538.56000000035        6.03034943062915     
   9538.69600000035        6.02995519829001     
   9538.83200000035        6.02956444895267     
   9538.96800000035        6.02917256219380     
   9539.10400000035        6.02877878127741     
   9539.24000000035        6.02838718047464     
   9539.37600000035        6.02799766990455     
   9539.51200000036        6.02760540164003     
   9539.64800000036        6.02721542437003     
   9539.78400000036        6.02682471718912     
   9539.92000000036        6.02643388292910     
   9540.05600000036        6.02604535102430     
   9540.19200000036        6.02565338080847     
   9540.32800000036        6.02526310605080     
   9540.46400000036        6.02487313385060     
   9540.60000000036        6.02448361092960     
   9540.73600000036        6.02409425415069     
   9540.87200000036        6.02370480566537     
   9541.00800000036        6.02331565765946     
   9541.14400000036        6.02292673494065     
   9541.28000000036        6.02253781272982     
   9541.41600000036        6.02214934019628     
   9541.55200000036        6.02176160343155     
   9541.68800000036        6.02137233286649     
   9541.82400000036        6.02098797317409     
   9541.96000000036        6.02060165973040     
   9542.09600000036        6.02021605567759     
   9542.23200000036        6.01983216382728     
   9542.36800000036        6.01944669565621     
   9542.50400000036        6.01906371772793     
   9542.64000000037        6.01868305954067     
   9542.77600000037        6.01830023253737     
   9542.91200000037        6.01792067952845     
   9543.04800000037        6.01754421835104     
   9543.18400000037        6.01716633394001     
   9543.32000000037        6.01679013383140     
   9543.45600000037        6.01641446547602     
   9543.59200000037        6.01604176441005     
   9543.72800000037        6.01566962293058     
   9543.86400000037        6.01529752860619     
   9544.00000000037        6.01492856464628     
   9544.13600000037        6.01456034464683     
   9544.27200000037        6.01419228817175     
   9544.40800000037        6.01382972864809     
   9544.54400000037        6.01346483912947     
   9544.68000000037        6.01310210718313     
   9544.81600000037        6.01274155365047     
   9544.95200000037        6.01237876976669     
   9545.08800000037        6.01202041899188     
   9545.22400000037        6.01166175008304     
   9545.36000000037        6.01130349963882     
   9545.49600000037        6.01094743426203     
   9545.63200000037        6.01059422993250     
   9545.76800000037        6.01023868802478     
   9545.90400000038        6.00988425023310     
   9546.04000000038        6.00953158387164     
   9546.17600000038        6.00917600199218     
   9546.31200000038        6.00882309844186     
   9546.44800000038        6.00847090975689     
   9546.58400000038        6.00811742095651     
   9546.72000000038        6.00776502774692     
   9546.85600000038        6.00741408971507     
   9546.99200000038        6.00706114504485     
   9547.12800000038        6.00670873233071     
   9547.26400000038        6.00635425638384     
   9547.40000000038        6.00600302680078     
   9547.53600000038        6.00564995745070     
   9547.67200000038        6.00529558168321     
   9547.80800000038        6.00494252725001     
   9547.94400000038        6.00458787876956     
   9548.08000000038        6.00423314229118     
   9548.21600000038        6.00388055486467     
   9548.35200000038        6.00352421453585     
   9548.48800000038        6.00316934291822     
   9548.62400000038        6.00281587246667     
   9548.76000000038        6.00245849300170     
   9548.89600000038        6.00210338339125     
   9549.03200000038        6.00174807001919     
   9549.16800000039        6.00139265159387     
   9549.30400000039        6.00103778856726     
   9549.44000000039        6.00068413860652     
   9549.57600000039        6.00032778839216     
   9549.71200000039        5.99997342838921     
   9549.84800000039        5.99961940333472     
   9549.98400000039        5.99926617953952     
   9550.12000000039        5.99891378688991     
   9550.25600000039        5.99856198807517     
   9550.39200000039        5.99821001202835     
   9550.52800000039        5.99786058679565     
   9550.66400000039        5.99751025885646     
   9550.80000000039        5.99716334624413     
   9550.93600000039        5.99681664280501     
   9551.07200000039        5.99646872218236     
   9551.20800000039        5.99612423823235     
   9551.34400000039        5.99578370624511     
   9551.48000000039        5.99544150412038     
   9551.61600000039        5.99510188564424     
   9551.75200000039        5.99476442095308     
   9551.88800000039        5.99442615600296     
   9552.02400000039        5.99409024725454     
   9552.16000000039        5.99375696670633     
   9552.29600000039        5.99342215324936     
   9552.43200000040        5.99309086853630     
   9552.56800000040        5.99276311749145     
   9552.70400000040        5.99243333202200     
   9552.84000000040        5.99210615043429     
   9552.97600000040        5.99177939138201     
   9553.11200000040        5.99145499391605     
   9553.24800000040        5.99113090324163     
   9553.38400000040        5.99080612516841     
   9553.52000000040        5.99048367771534     
   9553.65600000040        5.99016268317925     
   9553.79200000040        5.98984140920085     
   9553.92800000040        5.98952204026749     
   9554.06400000040        5.98920214288224     
   9554.20000000040        5.98888147116952     
   9554.33600000040        5.98856159243195     
   9554.47200000040        5.98824314281976     
   9554.60800000040        5.98792148790110     
   9554.74400000040        5.98760234028208     
   9554.88000000040        5.98728192676715     
   9555.01600000040        5.98696021287673     
   9555.15200000040        5.98663944744384     
   9555.28800000040        5.98631985618761     
   9555.42400000040        5.98599855452808     
   9555.56000000041        5.98567584198509     
   9555.69600000041        5.98535242454136     
   9555.83200000041        5.98502855080835     
   9555.96800000041        5.98470418820398     
   9556.10400000041        5.98437950848909     
   9556.24000000041        5.98405227335965     
   9556.37600000041        5.98372569442981     
   9556.51200000041        5.98339814315508     
   9556.64800000041        5.98307180605165     
   9556.78400000041        5.98274375528596     
   9556.92000000041        5.98241538764215     
   9557.05600000041        5.98208453782599     
   9557.19200000041        5.98175690055606     
   9557.32800000041        5.98142721412897     
   9557.46400000041        5.98109580298610     
   9557.60000000041        5.98076658750107     
   9557.73600000041        5.98043632228021     
   9557.87200000041        5.98010604425608     
   9558.00800000041        5.97977838778256     
   9558.14400000041        5.97944846784045     
   9558.28000000041        5.97912014136445     
   9558.41600000041        5.97879251275847     
   9558.55200000041        5.97846788456180     
   9558.68800000041        5.97813995871563     
   9558.82400000042        5.97781562548566     
   9558.96000000042        5.97749232388751     
   9559.09600000042        5.97716884115456     
   9559.23200000042        5.97684768295267     
   9559.36800000042        5.97652814078855     
   9559.50400000042        5.97620981111495     
   9559.64000000042        5.97589297425721     
   9559.77600000042        5.97557759463809     
   9559.91200000042        5.97526432642029     
   9560.04800000042        5.97495265300768     
   9560.18400000042        5.97464254852439     
   9560.32000000042        5.97433370114496     
   9560.45600000042        5.97402661997555     
   9560.59200000042        5.97372044620367     
   9560.72800000042        5.97341737239329     
   9560.86400000042        5.97311523849334     
   9561.00000000042        5.97281460304273     
   9561.13600000042        5.97251259994170     
   9561.27200000042        5.97221717622957     
   9561.40800000042        5.97192028790409     
   9561.54400000042        5.97162351063497     
   9561.68000000042        5.97132851258613     
   9561.81600000042        5.97103487904838     
   9561.95200000042        5.97074130650953     
   9562.08800000043        5.97044969223965     
   9562.22400000043        5.97015761157284     
   9562.36000000043        5.96986345959904     
   9562.49600000043        5.96957167641812     
   9562.63200000043        5.96928243563498     
   9562.76800000043        5.96898940752652     
   9562.90400000043        5.96869782638055     
   9563.04000000043        5.96840485803092     
   9563.17600000043        5.96811295134884     
   9563.31200000043        5.96782004968025     
   9563.44800000043        5.96752663985445     
   9563.58400000043        5.96722995569472     
   9563.72000000043        5.96693463244574     
   9563.85600000043        5.96663794665371     
   9563.99200000043        5.96634079826618     
   9564.12800000043        5.96604262381483     
   9564.26400000043        5.96574250951001     
   9564.40000000043        5.96544230792734     
   9564.53600000043        5.96514150921008     
   9564.67200000043        5.96483873813869     
   9564.80800000043        5.96453314612002     
   9564.94400000043        5.96422868359142     
   9565.08000000043        5.96392305771887     
   9565.21600000044        5.96361399089195     
   9565.35200000044        5.96330860291932     
   9565.48800000044        5.96300016724691     
   9565.62400000044        5.96269097671089     
   9565.76000000044        5.96238085799361     
   9565.89600000044        5.96207253811568     
   9566.03200000044        5.96176088913403     
   9566.16800000044        5.96145039810206     
   9566.30400000044        5.96114027580201     
   9566.44000000044        5.96083058190350     
   9566.57600000044        5.96051829464065     
   9566.71200000044        5.96020841858394     
   9566.84800000044        5.95990066693837     
   9566.98400000044        5.95959164988804     
