tracks1s

579, 824, 2006, 3975, 9603, 13701, 21878, 21341, 23734, 16895, 13466, 7424, 4539, 1996, 895,
                                       321, 133, 32, 15, 3, 0, 1, 0, 0, 0, 0, 0, 0, 0, 0, 0

tracks2s

653, 894, 3436, 4681, 10243, 13556, 22277, 23936, 27632, 22158, 19051, 11991, 7825, 3875,
                               2012, 848, 345, 111, 33, 11, 4, 0, 0, 1, 0, 0, 0, 0, 0, 0, 0

tracks3s

305, 399, 1663, 2137, 5030, 7267, 12096, 12945, 15469, 12424, 10951, 6904, 4775, 2438, 1243,
                                       521, 247, 88, 36, 7, 9, 3, 0, 0, 0, 0, 0, 0, 0, 0, 0

cblototracks1s

    17   32   75    137   111   77     48     82      0   0   0   0   0   0   0   0   0
     
    15   26   58    128   132   130    105    230     0   0   0   0   0   0   0   0   0
     
    9    30   78    166   253   291    297    882     0   0   0   0   0   0   0   0   0
     
    8    25   96    184   390   498    608    2166    0   0   0   0   0   0   0   0   0
     
    6    38   119   310   633   1061   1383   6053    0   0   0   0   0   0   0   0   0
     
    3    18   102   293   650   1206   1861   9568    0   0   0   0   0   0   0   0   0
     
    2    14   74    298   751   1532   2617   16590   0   0   0   0   0   0   0   0   0
     
    0    12   49    189   565   1223   2280   17023   0   0   0   0   0   0   0   0   0
     
    0    4    24    136   402   1148   2087   19933   0   0   0   0   0   0   0   0   0
     
    1    0    10    65    242   671    1328   14578   0   0   0   0   0   0   0   0   0
     
    0    1    11    43    160   435    953    11863   0   0   0   0   0   0   0   0   0
     
    0    1    3     18    61    225    479    6637    0   0   0   0   0   0   0   0   0
     
    0    0    2     6     32    106    232    4161    0   0   0   0   0   0   0   0   0
     
    0    0    1     3     15    44     103    1830    0   0   0   0   0   0   0   0   0
     
    0    0    0     0     5     22     46     822     0   0   0   0   0   0   0   0   0
     
    0    0    0     0     2     5      20     294     0   0   0   0   0   0   0   0   0
     
    0    0    0     0     0     0      8      125     0   0   0   0   0   0   0   0   0
     
    0    0    0     0     0     0      2      30      0   0   0   0   0   0   0   0   0
     
    0    0    0     0     0     1      0      14      0   0   0   0   0   0   0   0   0
     
    0    0    0     0     0     1      0      2       0   0   0   0   0   0   0   0   0
     
    0    0    0     0     0     0      0      0       0   0   0   0   0   0   0   0   0
     
    0    0    0     0     0     0      0      1       0   0   0   0   0   0   0   0   0
     
cbmdtotracks1s

    136     88     173    153   22    6    1   0   0   0   0   0   0   0   0   0   0   0
     
    230     189    199    155   42    8    1   0   0   0   0   0   0   0   0   0   0   0
     
    632     587    420    263   86    18   0   0   0   0   0   0   0   0   0   0   0   0
     
    1469    1391   736    269   87    21   2   0   0   0   0   0   0   0   0   0   0   0
     
    3423    3538   1848   621   140   29   3   1   0   0   0   0   0   0   0   0   0   0
     
    5725    5176   2157   551   84    8    0   0   0   0   0   0   0   0   0   0   0   0
     
    9289    8517   3244   696   111   19   1   1   0   0   0   0   0   0   0   0   0   0
     
    10315   8158   2408   409   43    8    0   0   0   0   0   0   0   0   0   0   0   0
     
    12083   8845   2425   352   27    1    1   0   0   0   0   0   0   0   0   0   0   0
     
    9496    5963   1305   123   8     0    0   0   0   0   0   0   0   0   0   0   0   0
     
    7930    4564   872    93    5     2    0   0   0   0   0   0   0   0   0   0   0   0
     
    4784    2249   358    32    1     0    0   0   0   0   0   0   0   0   0   0   0   0
     
    3067    1254   199    19    0     0    0   0   0   0   0   0   0   0   0   0   0   0
     
    1426    507    57     6     0     0    0   0   0   0   0   0   0   0   0   0   0   0
     
    655     222    18     0     0     0    0   0   0   0   0   0   0   0   0   0   0   0
     
    244     72     3      1     1     0    0   0   0   0   0   0   0   0   0   0   0   0
     
    98      33     1      1     0     0    0   0   0   0   0   0   0   0   0   0   0   0
     
    25      7      0      0     0     0    0   0   0   0   0   0   0   0   0   0   0   0
     
    12      2      1      0     0     0    0   0   0   0   0   0   0   0   0   0   0   0
     
    3       0      0      0     0     0    0   0   0   0   0   0   0   0   0   0   0   0
     
    0       0      0      0     0     0    0   0   0   0   0   0   0   0   0   0   0   0
     
    1       0      0      0     0     0    0   0   0   0   0   0   0   0   0   0   0   0

cblototracks2s

    24   80    84    130   128   81     35     91      0   0   0   0   0   0   0   0   0
     
    54   65    77    110   146   129    87     226     0   0   0   0   0   0   0   0   0
     
    86   163   353   635   567   429    311    892     0   0   0   0   0   0   0   0   0
     
    46   139   376   410   399   480    568    2263    0   0   0   0   0   0   0   0   0
     
    46   148   543   648   668   911    1284   5995    0   0   0   0   0   0   0   0   0
     
    4    27    96    274   569   1047   1626   9913    0   0   0   0   0   0   0   0   0
     
    4    13    72    267   668   1428   2298   17527   0   0   0   0   0   0   0   0   0
     
    2    11    48    200   524   1163   2188   19800   0   0   0   0   0   0   0   0   0
     
    1    4     28    136   435   1072   2112   23844   0   0   0   0   0   0   0   0   0
     
    0    2     17    75    276   761    1521   19506   0   0   0   0   0   0   0   0   0
     
    0    1     10    56    195   460    1114   17215   0   0   0   0   0   0   0   0   0
     
    0    1     4     26    88    270    635    10967   0   0   0   0   0   0   0   0   0
     
    0    0     9     11    36    155    416    7198    0   0   0   0   0   0   0   0   0
     
    0    0     2     4     18    64     149    3638    0   0   0   0   0   0   0   0   0
     
    0    0     0     1     13    29     81     1888    0   0   0   0   0   0   0   0   0
     
    0    0     0     0     2     16     40     790     0   0   0   0   0   0   0   0   0
     
    0    0     0     0     1     4      10     330     0   0   0   0   0   0   0   0   0
     
    0    0     0     0     0     0      1      110     0   0   0   0   0   0   0   0   0
     
    0    0     0     0     0     0      1      32      0   0   0   0   0   0   0   0   0
     
    0    0     0     0     0     0      0      11      0   0   0   0   0   0   0   0   0
     
    0    0     0     0     0     0      0      4       0   0   0   0   0   0   0   0   0
     
    0    0     0     0     0     0      0      0       0   0   0   0   0   0   0   0   0
     
    0    0     0     0     0     0      0      0       0   0   0   0   0   0   0   0   0
     
    0    0     0     0     0     0      0      1       0   0   0   0   0   0   0   0   0

cbmdtotracks2s

    231     91      160    141   26    2    2   0   0   0   0   0   0   0   0   0   0   0
     
    315     203     199    132   37    7    1   0   0   0   0   0   0   0   0   0   0   0
     
    1415    774     851    317   65    13   1   0   0   0   0   0   0   0   0   0   0   0
     
    1774    1463    957    380   91    14   2   0   0   0   0   0   0   0   0   0   0   0
     
    3731    3516    2105   697   159   31   4   0   0   0   0   0   0   0   0   0   0   0
     
    5355    5121    2287   650   120   21   2   0   0   0   0   0   0   0   0   0   0   0
     
    8863    8751    3616   855   163   27   2   0   0   0   0   0   0   0   0   0   0   0
     
    10782   9163    3268   637   75    8    3   0   0   0   0   0   0   0   0   0   0   0
     
    13014   10548   3431   571   59    8    1   0   0   0   0   0   0   0   0   0   0   0
     
    11641   8123    2058   302   28    6    0   0   0   0   0   0   0   0   0   0   0   0
     
    10334   6878    1641   176   17    5    0   0   0   0   0   0   0   0   0   0   0   0
     
    7149    3929    821    87    5     0    0   0   0   0   0   0   0   0   0   0   0   0
     
    4949    2405    432    34    4     1    0   0   0   0   0   0   0   0   0   0   0   0
     
    2592    1134    135    12    2     0    0   0   0   0   0   0   0   0   0   0   0   0
     
    1434    497     78     3     0     0    0   0   0   0   0   0   0   0   0   0   0   0
     
    607     213     27     1     0     0    0   0   0   0   0   0   0   0   0   0   0   0
     
    256     81      7      1     0     0    0   0   0   0   0   0   0   0   0   0   0   0
     
    92      18      1      0     0     0    0   0   0   0   0   0   0   0   0   0   0   0
     
    22      9       2      0     0     0    0   0   0   0   0   0   0   0   0   0   0   0
     
    11      0       0      0     0     0    0   0   0   0   0   0   0   0   0   0   0   0
     
    4       0       0      0     0     0    0   0   0   0   0   0   0   0   0   0   0   0
     
    0       0       0      0     0     0    0   0   0   0   0   0   0   0   0   0   0   0
     
    0       0       0      0     0     0    0   0   0   0   0   0   0   0   0   0   0   0
     
    0       1       0      0     0     0    0   0   0   0   0   0   0   0   0   0   0   0

cblototracks3s

    18   30   38    61    57    39    24     38      0   0   0   0   0   0   0   0   0
     
    15   25   41    63    58    55    46     96      0   0   0   0   0   0   0   0   0
     
    20   84   188   321   237   209   155    449     0   0   0   0   0   0   0   0   0
     
    17   38   104   129   198   238   257    1156    0   0   0   0   0   0   0   0   0
     
    9    32   111   223   348   522   621    3164    0   0   0   0   0   0   0   0   0
     
    8    21   49    140   314   580   845    5310    0   0   0   0   0   0   0   0   0
     
    1    10   41    114   336   732   1237   9625    0   0   0   0   0   0   0   0   0
     
    2    3    18    95    266   602   1113   10846   0   0   0   0   0   0   0   0   0
     
    2    2    9     89    221   546   1126   13474   0   0   0   0   0   0   0   0   0
     
    0    0    11    42    133   384   809    11045   0   0   0   0   0   0   0   0   0
     
    0    0    9     26    62    244   564    10046   0   0   0   0   0   0   0   0   0
     
    0    0    2     15    49    148   340    6350    0   0   0   0   0   0   0   0   0
     
    0    0    2     8     25    62    195    4483    0   0   0   0   0   0   0   0   0
     
    0    0    0     0     11    36    87     2304    0   0   0   0   0   0   0   0   0
     
    0    0    0     1     1     11    38     1192    0   0   0   0   0   0   0   0   0
     
    0    0    0     1     3     4     18     495     0   0   0   0   0   0   0   0   0
     
    0    0    0     0     0     5     3      239     0   0   0   0   0   0   0   0   0
     
    0    0    0     0     0     0     4      84      0   0   0   0   0   0   0   0   0
     
    0    0    0     0     0     0     1      35      0   0   0   0   0   0   0   0   0
     
    0    0    0     0     0     0     0      7       0   0   0   0   0   0   0   0   0
     
    0    0    0     0     0     0     0      9       0   0   0   0   0   0   0   0   0
     
    0    0    0     0     0     0     0      3       0   0   0   0   0   0   0   0   0

cbmdtotracks3s
 
    107    35     88     57    14    4    0   0   0   0   0   0   0   0   0   0   0   0
     
    137    92     81     69    18    2    0   0   0   0   0   0   0   0   0   0   0   0
     
    663    409    394    158   32    6    1   0   0   0   0   0   0   0   0   0   0   0
     
    741    719    427    192   48    10   0   0   0   0   0   0   0   0   0   0   0   0
     
    1715   1761   1050   367   111   23   3   0   0   0   0   0   0   0   0   0   0   0
     
    2621   2837   1313   410   76    8    1   1   0   0   0   0   0   0   0   0   0   0
     
    4620   4664   2138   557   105   12   0   0   0   0   0   0   0   0   0   0   0   0
     
    5390   5080   2033   389   49    4    0   0   0   0   0   0   0   0   0   0   0   0
     
    6777   6014   2249   390   35    3    1   0   0   0   0   0   0   0   0   0   0   0
     
    6094   4701   1384   224   19    1    1   0   0   0   0   0   0   0   0   0   0   0
     
    5577   4083   1122   156   11    2    0   0   0   0   0   0   0   0   0   0   0   0
     
    3883   2400   543    74    4     0    0   0   0   0   0   0   0   0   0   0   0   0
     
    2828   1597   316    32    2     0    0   0   0   0   0   0   0   0   0   0   0   0
     
    1547   719    158    13    1     0    0   0   0   0   0   0   0   0   0   0   0   0
     
    810    372    57     4     0     0    0   0   0   0   0   0   0   0   0   0   0   0
     
    360    139    22     0     0     0    0   0   0   0   0   0   0   0   0   0   0   0
     
    171    67     9      0     0     0    0   0   0   0   0   0   0   0   0   0   0   0
     
    52     34     2      0     0     0    0   0   0   0   0   0   0   0   0   0   0   0
     
    31     5      0      0     0     0    0   0   0   0   0   0   0   0   0   0   0   0
     
    5      2      0      0     0     0    0   0   0   0   0   0   0   0   0   0   0   0
     
    5      3      1      0     0     0    0   0   0   0   0   0   0   0   0   0   0   0
     
    2      1      0      0     0     0    0   0   0   0   0   0   0   0   0   0   0   0










axialtotracks
 
    104   208   146    38     42     15     16     6      3      1      0      0      0
     
    9     234   315    79     79     48     32     19     7      1      1      0      0
     
    7     106   1091   372    205    101    60     37     14     10     2      0      1
     
    0     22    397    1851   1023   346    196    80     42     12     4      1      1
     
    0     5     212    1474   5069   1676   744    258    91     39     22     10     0
     
    0     0     53     413    2444   6080   3083   1027   358    160    59     18     5
     
    0     0     24     151    1209   5508   9815   3313   1248   378    154    53     15
     
    0     0     6      30     328    1752   5712   8251   3534   1140   403    123    44
     
    0     0     3      5      86     650    2995   7702   8214   2750   903    276    103
     
    0     0     0      2      20     128    811    2798   5260   5030   1971   598    198
     
    0     0     0      2      4      29     209    1077   2952   4400   3214   1092   353
     
    0     0     0      0      2      5      41     277    874    1712   2212   1505   564
     
    0     0     0      0      0      1      11     65     245    762    1196   1223   678
     
    0     0     0      0      0      1      2      18     62     203    396    533    455
     
    0     0     0      0      0      0      1      3      10     48     106    200    230
     
    0     0     0      0      0      0      0      0      3      12     36     65     83
     
    0     0     0      0      0      0      0      0      0      1      9      22     27
     
    0     0     0      0      0      0      0      0      0      1      1      5      5
     
    0     0     0      0      0      0      0      0      0      0      2      0      2





stereotoaxial

    120   0     0      0      0      0      0       0       0      0      0      0
     
    67    508   0      0      0      0      0       0       0      0      0      0
     
    82    352   1813   0      0      0      0       0       0      0      0      0
     
    44    254   1063   3056   0      0      0       0       0      0      0      0
     
    32    163   900    3101   6315   0      0       0       0      0      0      0
     
    14    82    449    1743   5140   8912   0       0       0      0      0      0
     
    6     31    203    863    2971   7813   11841   0       0      0      0      0
     
    2     12    81     330    1109   3594   8542    11261   0      0      0      0
     
    1     4     24     94     410    1396   3712    7934    9342   0      0      0
     
    1     2     5      32     121    387    1240    2959    5678   6235   0      0
     
    1     1     2      6      34     111    365     949     2118   3568   3536   0
     
    0     0     0      6      12     29     90      237     590    1168   1901   1691
     
    0     0     0      1      2      7      24      61      147    316    598    867
     
    0     0     0      0      0      5      5       23      35     74     127    275
     
    0     0     0      0      1      0      3       5       8      14     37     67
     
    0     0     0      0      0      0      0       1       4      5      14     22
axialtotracksdata
 
    948   111    3156   331   82    19    6     0     1     0     0     0    0    0    0
     
    6     2455   481    191   37    11    1     0     0     0     0     0    0    0    0
     
    3     72     9376   188   32    7     1     0     0     0     0     0    0    0    0
     
    0     1      111    316   81    15    6     6     1     1     0     0    0    0    0
     
    0     2      21     134   300   71    14    4     5     2     1     0    0    0    0
     
    0     0      5      24    96    221   75    21    16    3     2     1    0    0    0
     
    0     0      3      6     45    170   338   93    32    12    6     4    0    0    1
     
    0     0      0      2     9     71    199   256   107   35    15    6    2    0    0
     
    0     0      0      2     4     21    104   242   260   90    30    12   7    2    2
     
    0     0      0      0     0     7     27    96    169   154   63    26   5    0    0
     
    0     0      0      1     1     2     11    44    104   173   123   45   18   9    3
     
    0     0      0      0     0     0     2     10    44    77    73    56   24   7    2
     
    0     0      0      0     0     0     0     1     9     38    45    49   29   11   6
     
    0     0      0      0     0     0     0     2     6     9     33    21   17   18   12
     
    0     0      0      0     0     0     0     0     1     5     5     25   21   22   3
     
    0     0      0      0     0     0     0     0     0     1     4     6    8    10   7
     
    0     0      0      0     0     0     0     0     0     0     0     2    1    7    2
     
    0     0      0      0     0     0     0     0     0     0     0     0    1    2    1
     
    0     0      0      0     0     0     0     0     0     0     1     0    0    1    0
     
    0     0      0      0     0     0     0     0     0     0     0     0    0    0    1
     
    0     0      0      0     0     0     0     0     0     0     0     0    0    0    1

stereotoaxialdata
 
    945    0      11      1     0     0     0     0     0     0     0     0    0    0
     
    204    2419   18      0     0     0     0     0     0     0     0     0    0    0
     
    1847   1089   10217   0     0     0     0     0     0     0     0     0    0    0
     
    256    214    289     436   0     0     0     0     0     0     0     0    0    0
     
    48     49     88      209   292   1     0     0     0     0     0     0    0    0
     
    10     6      31      82    172   313   1     0     0     0     0     0    0    0
     
    0      2      10      28    122   243   378   1     0     0     0     0    0    0
     
    0      0      7       10    39    118   272   327   2     0     0     0    0    0
     
    0      0      1       7     17    49    131   245   303   2     0     0    0    0
     
    1      0      0       1     5     18    41    91    223   218   2     0    0    0
     
    0      0      0       0     1     4     14    34    78    129   140   1    0    0
     
    0      0      0       0     2     1     6     10    32    55    77    70   0    0
     
    0      0      0       0     0     0     1     1     6     13    27    41   44   0
     
    0      0      0       0     0     0     0     2     4     8     8     21   31   15
     
    0      0      0       0     0     0     0     0     0     2     6     4    6    9
     
    0      0      0       0     0     0     0     0     0     0     0     0    3    5
