  114710.0    
  3939583.    
  12247.00    
  0.000000    
  4739.000    
  0.000000    
  0.000000    
  0.000000    
  111228.0    
  0.000000    
  0.000000    
  0.000000    
  0.000000    
  0.000000    
  0.000000    
  0.000000    
  37682.00    
  0.000000    
  0.000000    
  0.000000    
  0.000000    
  0.000000    
  0.000000    
  0.000000    
  0.000000    
  0.000000    
  0.000000    
  0.000000    
  0.000000    
  0.000000    
  0.000000    
  0.000000    
  0.000000    
  0.000000    
  73735.00    
  0.000000    
  0.000000    
  0.000000    
  0.000000    
  0.000000    
  0.000000    
  0.000000    
  0.000000    
  0.000000    
  0.000000    
  0.000000    
  0.000000    
  0.000000    
  0.000000    
  0.000000    
  0.000000    
  0.000000    
  0.000000    
  0.000000    
  0.000000    
  0.000000    
  0.000000    
  0.000000    
  0.000000    
  0.000000    
  0.000000    
  0.000000    
  0.000000    
  0.000000    
