   10322.0000000000        3.19257422741319     
   10322.0780000000        3.19252669256830     
   10322.1560000000        3.19247916453538     
   10322.2340000000        3.19243164249736     
   10322.3120000000        3.19238412563133     
   10322.3900000000        3.19233661572838     
   10322.4680000000        3.19228911196045     
   10322.5460000000        3.19224161349160     
   10322.6240000000        3.19219412214363     
   10322.7020000000        3.19214663707594     
   10322.7800000000        3.19209915743804     
   10322.8580000000        3.19205168508578     
   10322.9360000000        3.19200421916447     
   10323.0140000000        3.19195675880743     
   10323.0920000000        3.19190930608647     
   10323.1700000000        3.19186185977570     
   10323.2480000000        3.19181441916756     
   10323.3260000000        3.19176698619678     
   10323.4040000000        3.19171955997559     
   10323.4820000000        3.19167213959949     
   10323.5600000000        3.19162472704847     
   10323.6380000000        3.19157732141550     
   10323.7160000000        3.19152992177434     
   10323.7940000000        3.19148253015440     
   10323.8720000000        3.19143514562749     
   10323.9500000000        3.19138776825351     
   10324.0280000000        3.19134039708579     
   10324.1060000000        3.19129303420287     
   10324.1840000000        3.19124567865702     
   10324.2620000000        3.19119832965860     
   10324.3400000000        3.19115098897986     
   10324.4180000000        3.19110365582960     
   10324.4960000000        3.19105633027335     
   10324.5740000000        3.19100901131091     
   10324.6520000000        3.19096170114374     
   10324.7300000000        3.19091439877224     
   10324.8080000000        3.19086710426549     
   10324.8860000000        3.19081981769350     
   10324.9640000000        3.19077253802591     
   10325.0420000000        3.19072526753689     
   10325.1200000000        3.19067800519805     
   10325.1980000000        3.19063075108322     
   10325.2760000000        3.19058350412568     
   10325.3540000000        3.19053626668306     
   10325.4320000000        3.19048903769174     
   10325.5100000000        3.19044181722966     
   10325.5880000000        3.19039460537581     
   10325.6660000000        3.19034740221030     
   10325.7440000000        3.19030020681327     
   10325.8220000000        3.19025302126709     
   10325.9000000000        3.19020584465588     
   10325.9780000000        3.19015867706429     
   10326.0560000000        3.19011151857811     
   10326.1340000000        3.19006436928435     
   10326.2120000000        3.19001722801652     
   10326.2900000000        3.18997009736855     
   10326.3680000000        3.18992297618114     
   10326.4460000000        3.18987586454631     
   10326.5240000000        3.18982876255743     
   10326.6020000000        3.18978167030919     
   10326.6800000000        3.18973458789765     
   10326.7580000000        3.18968751542024     
   10326.8360000000        3.18964045297581     
   10326.9140000000        3.18959339931117     
   10326.9920000000        3.18954635722669     
   10327.0700000000        3.18949932548009     
   10327.1480000000        3.18945230417612     
   10327.2260000000        3.18940529342108     
   10327.3040000000        3.18935829332285     
   10327.3820000000        3.18931130399091     
   10327.4600000000        3.18926432553636     
   10327.5380000000        3.18921735807199     
   10327.6160000000        3.18917040171226     
   10327.6940000000        3.18912345657337     
   10327.7720000000        3.18907652277328     
   10327.8500000000        3.18902960043174     
   10327.9280000000        3.18898268987351     
   10328.0060000000        3.18893579081647     
   10328.0840000000        3.18888890358834     
   10328.1620000000        3.18884202831637     
   10328.2400000000        3.18879516512983     
   10328.3180000000        3.18874831415995     
   10328.3960000000        3.18870147554006     
   10328.4740000000        3.18865464940555     
   10328.5520000000        3.18860783589394     
   10328.6300000000        3.18856103514494     
   10328.7080000000        3.18851424730047     
   10328.7860000000        3.18846747250471     
   10328.8640000000        3.18842071090415     
   10328.9420000000        3.18837396264762     
   10329.0200000000        3.18832722788637     
   10329.0980000000        3.18828050854773     
   10329.1760000000        3.18823380126460     
   10329.2540000000        3.18818710794616     
   10329.3320000000        3.18814042875379     
   10329.4100000000        3.18809376385151     
   10329.4880000000        3.18804711340605     
   10329.5660000000        3.18800047758694     
   10329.6440000000        3.18795385656649     
   10329.7220000000        3.18790725245841     
   10329.8000000000        3.18786066159454     
   10329.8780000000        3.18781408606493     
   10329.9560000000        3.18776752605385     
   10330.0340000000        3.18772098174874     
   10330.1120000000        3.18767445538993     
   10330.1899999999        3.18762794310739     
   10330.2679999999        3.18758144711381     
   10330.3459999999        3.18753496760993     
   10330.4239999999        3.18748850694509     
   10330.5019999999        3.18744206107659     
   10330.5799999999        3.18739563232262     
   10330.6579999999        3.18734922089843     
   10330.7359999999        3.18730282928029     
   10330.8139999999        3.18725645322135     
   10330.8919999999        3.18721009516275     
   10330.9699999999        3.18716375767524     
   10331.0479999999        3.18711743636330     
   10331.1259999999        3.18707113375935     
   10331.2039999999        3.18702485254062     
   10331.2819999999        3.18697858814200     
   10331.3599999999        3.18693234319885     
   10331.4379999999        3.18688612050792     
   10331.5159999999        3.18683991531163     
   10331.5939999999        3.18679373036096     
   10331.6719999999        3.18674756858668     
   10331.7499999999        3.18670142501338     
   10331.8279999999        3.18665530524751     
   10331.9059999999        3.18660920419247     
   10331.9839999999        3.18656312760444     
   10332.0619999999        3.18651707025333     
   10332.1399999999        3.18647103805895     
   10332.2179999999        3.18642502564458     
   10332.2959999999        3.18637903910844     
   10332.3739999999        3.18633307291314     
   10332.4519999999        3.18628713335122     
   10332.5299999999        3.18624121470948     
   10332.6079999999        3.18619532325773     
   10332.6859999999        3.18614945355878     
   10332.7639999999        3.18610361211244     
   10332.8419999999        3.18605779612006     
   10332.9199999999        3.18601200261614     
   10332.9979999999        3.18596623865216     
   10333.0759999999        3.18592050131021     
   10333.1539999999        3.18587478747651     
   10333.2319999999        3.18582910456745     
   10333.3099999999        3.18578344952586     
   10333.3879999999        3.18573781906600     
   10333.4659999999        3.18569222102232     
   10333.5439999999        3.18564665217581     
   10333.6219999999        3.18560111299083     
   10333.6999999999        3.18555560394236     
   10333.7779999999        3.18551012144338     
   10333.8559999999        3.18546467406944     
   10333.9339999999        3.18541925832007     
   10334.0119999999        3.18537387471592     
   10334.0899999999        3.18532852379003     
   10334.1679999999        3.18528320608822     
   10334.2459999999        3.18523792216950     
   10334.3239999999        3.18519267260651     
   10334.4019999999        3.18514745798598     
   10334.4799999999        3.18510227890919     
   10334.5579999999        3.18505713599248     
   10334.6359999999        3.18501202961743     
   10334.7139999999        3.18496696093290     
   10334.7919999999        3.18492193035305     
   10334.8699999999        3.18487693855984     
   10334.9479999999        3.18483198625308     
   10335.0259999999        3.18478707415113     
   10335.1039999999        3.18474220889038     
   10335.1819999999        3.18469737959770     
   10335.2599999999        3.18465259279206     
   10335.3379999999        3.18460784927357     
   10335.4159999999        3.18456315640741     
   10335.4939999999        3.18451850215946     
   10335.5719999999        3.18447389374767     
   10335.6499999999        3.18442933918052     
   10335.7279999999        3.18438482539466     
   10335.8059999999        3.18434036775079     
   10335.8839999999        3.18429595244192     
   10335.9619999999        3.18425159548315     
   10336.0399999999        3.18420729095788     
   10336.1179999999        3.18416303127984     
   10336.1959999999        3.18411883425091     
   10336.2739999999        3.18407469285820     
   10336.3519999999        3.18403059900021     
   10336.4299999999        3.18398657233676     
   10336.5079999999        3.18394260514857     
   10336.5859999999        3.18389869881772     
   10336.6639999999        3.18385485477885     
   10336.7419999999        3.18381107452224     
   10336.8199999999        3.18376735959718     
   10336.8979999999        3.18372371161560     
   10336.9759999999        3.18368013225602     
   10337.0539999999        3.18363663623967     
   10337.1319999999        3.18359320007198     
   10337.2099999999        3.18354983805763     
   10337.2879999999        3.18350656739816     
   10337.3659999999        3.18346337650597     
   10337.4439999999        3.18342025103946     
   10337.5219999999        3.18337722614031     
   10337.5999999999        3.18333428855514     
   10337.6779999999        3.18329144113280     
   10337.7559999999        3.18324868690387     
   10337.8339999999        3.18320602909986     
   10337.9119999999        3.18316347089500     
   10337.9899999999        3.18312101655347     
   10338.0679999999        3.18307869710319     
   10338.1459999999        3.18303649373486     
   10338.2239999999        3.18299438001789     
   10338.3019999999        3.18295242302310     
   10338.3799999999        3.18291063786871     
   10338.4579999999        3.18286895984871     
   10338.5359999999        3.18282747831377     
   10338.6139999999        3.18278611548976     
   10338.6919999999        3.18274503972062     
   10338.7699999999        3.18270411295897     
   10338.8479999999        3.18266348206186     
   10338.9259999999        3.18262311890201     
   10339.0039999999        3.18258316795569     
   10339.0819999999        3.18254374788113     
   10339.1599999999        3.18250487941493     
   10339.2379999999        3.18246694347822     
   10339.3159999999        3.18243074872322     
   10339.3939999999        3.18239834439874     
   10339.4719999999        3.18237538550842     
   10339.5499999999        3.18245175950289     
   10339.6279999999        3.18309786288063     
   10339.7059999999        3.18321808126640     
   10339.7839999999        3.18329664120115     
   10339.8619999999        3.18336705346477     
   10339.9399999999        3.18343651931711     
   10340.0179999999        3.18350894237016     
   10340.0959999999        3.18358541146256     
   10340.1739999999        3.18366677856949     
   10340.2519999999        3.18375371845482     
   10340.3299999999        3.18384829953504     
   10340.4079999999        3.18395085669354     
   10340.4859999999        3.18406074757848     
   10340.5639999999        3.18417972563283     
   10340.6419999999        3.18430828389484     
   10340.7199999999        3.18444694631379     
   10340.7979999999        3.18459517270186     
   10340.8759999999        3.18475479589110     
   10340.9539999999        3.18492646781479     
   10341.0319999999        3.18511052474297     
   10341.1099999999        3.18530711671365     
   10341.1879999999        3.18551840925489     
   10341.2659999999        3.18574371324973     
   10341.3439999999        3.18598457720629     
   10341.4219999999        3.18624161566699     
   10341.4999999999        3.18651584976023     
   10341.5779999999        3.18680815630874     
   10341.6559999999        3.18711967345730     
   10341.7339999999        3.18745003175090     
   10341.8119999999        3.18780251927032     
   10341.8899999999        3.18817696575248     
   10341.9679999999        3.18857361761064     
   10342.0459999999        3.18899451471265     
   10342.1239999999        3.18944197266588     
   10342.2019999999        3.18991514256973     
   10342.2799999999        3.19041661863922     
   10342.3579999999        3.19094745847996     
   10342.4359999999        3.19150909651214     
   10342.5139999999        3.19210274186438     
   10342.5919999999        3.19273052933055     
   10342.6699999999        3.19339366868439     
   10342.7479999999        3.19409394249921     
   10342.8259999999        3.19483262999787     
   10342.9039999999        3.19561150022226     
   10342.9819999999        3.19643329795064     
   10343.0599999999        3.19729913626887     
   10343.1379999999        3.19821114035664     
   10343.2159999999        3.19917157143507     
   10343.2939999999        3.20018269059937     
   10343.3719999999        3.20124598045786     
   10343.4499999999        3.20236446203228     
   10343.5279999999        3.20354017967730     
   10343.6059999999        3.20477511880470     
   10343.6839999999        3.20607327325821     
   10343.7619999999        3.20743539222421     
   10343.8399999999        3.20886505594253     
   10343.9179999999        3.21036589574955     
   10343.9959999999        3.21193933495432     
   10344.0739999999        3.21358884355835     
   10344.1519999999        3.21531747389587     
   10344.2299999999        3.21712917342736     
   10344.3079999999        3.21902563302507     
   10344.3859999999        3.22101151152247     
   10344.4639999999        3.22308917732780     
   10344.5419999999        3.22526270666503     
   10344.6199999999        3.22753620139691     
   10344.6979999999        3.22991233589148     
   10344.7759999999        3.23239548591340     
   10344.8539999999        3.23499002557360     
   10344.9319999999        3.23769895585593     
   10345.0099999999        3.24052695117731     
   10345.0879999999        3.24347865452070     
   10345.1659999999        3.24655741031125     
   10345.2439999999        3.24976818748171     
   10345.3219999999        3.25311520284584     
   10345.3999999999        3.25660364962084     
   10345.4779999999        3.26023813619815     
   10345.5559999999        3.26402306393283     
   10345.6339999999        3.26796352381114     
   10345.7119999999        3.27206396688939     
   10345.7899999999        3.27633125614482     
   10345.8679999999        3.28076875530882     
   10345.9459999999        3.28538242689100     
   10346.0239999999        3.29017751335140     
   10346.1019999999        3.29516034314348     
   10346.1799999999        3.30033540380982     
   10346.2579999999        3.30570855028982     
   10346.3359999999        3.31128602393674     
   10346.4139999998        3.31707287209652     
   10346.4919999998        3.32307577254614     
   10346.5699999998        3.32930112510488     
   10346.6479999998        3.33575309485098     
   10346.7259999998        3.34243943258496     
   10346.8039999998        3.34936560651048     
   10346.8819999998        3.35653825820376     
   10346.9599999998        3.36396296754093     
   10347.0379999998        3.37164683884417     
   10347.1159999998        3.37959585423010     
   10347.1939999998        3.38781695326673     
   10347.2719999998        3.39631522332176     
   10347.3499999998        3.40509908053020     
   10347.4279999998        3.41417319432948     
   10347.5059999998        3.42354453446158     
   10347.5839999998        3.43322043960492     
   10347.6619999998        3.44320666542484     
   10347.7399999998        3.45351000378552     
   10347.8179999998        3.46413635825487     
   10347.8959999998        3.47509269929259     
   10347.9739999998        3.48638583169066     
   10348.0519999998        3.49802127443111     
   10348.1299999998        3.51000554810872     
   10348.2079999998        3.52234545199186     
   10348.2859999998        3.53504682573951     
   10348.3639999998        3.54811563949106     
   10348.4419999998        3.56155819546996     
   10348.5199999998        3.57538010867412     
   10348.5979999998        3.58958770219668     
   10348.6759999998        3.60418621650173     
   10348.7539999998        3.61918152621346     
   10348.8319999998        3.63457878801237     
   10348.9099999998        3.65038374822758     
   10348.9879999998        3.66660104954622     
   10349.0659999998        3.68323596677546     
   10349.1439999998        3.70029302032473     
   10349.2219999998        3.71777719910115     
   10349.2999999998        3.73569237300376     
   10349.3779999998        3.75404278105733     
   10349.4559999998        3.77283287703011     
   10349.5339999998        3.79206594563912     
   10349.6119999998        3.81174515671636     
   10349.6899999998        3.83187378578159     
   10349.7679999998        3.85245503292494     
   10349.8459999998        3.87349147687076     
   10349.9239999998        3.89498489567870     
   10350.0019999998        3.91693777065090     
   10350.0799999998        3.93935148951868     
   10350.1579999998        3.96222757670312     
   10350.2359999998        3.98556649399867     
   10350.3139999998        4.00936896608594     
   10350.3919999998        4.03363544451508     
   10350.4699999998        4.05836603104044     
   10350.5479999998        4.08356006437170     
   10350.6259999998        4.10921608358414     
   10350.7039999998        4.13533292924494     
   10350.7819999998        4.16190913862125     
   10350.8599999998        4.18894236207554     
   10350.9379999998        4.21642944342127     
   10351.0159999998        4.24436743652365     
   10351.0939999998        4.27275298855293     
   10351.1719999998        4.30158231827322     
   10351.2499999998        4.33085070630206     
   10351.3279999998        4.36055266680692     
   10351.4059999998        4.39068296129094     
   10351.4839999998        4.42123593076442     
   10351.5619999998        4.45220487118438     
   10351.6399999998        4.48358233595652     
   10351.7179999998        4.51536102492795     
   10351.7959999998        4.54753314254187     
   10351.8739999998        4.58009041855656     
   10351.9519999998        4.61302351043711     
   10352.0299999998        4.64632241855113     
   10352.1079999998        4.67997733142678     
   10352.1859999998        4.71397795205799     
   10352.2639999998        4.74831283541716     
   10352.3419999998        4.78296992906474     
   10352.4199999998        4.81793702672754     
   10352.4979999998        4.85320221558413     
   10352.5759999998        4.88875217485417     
   10352.6539999998        4.92457282798843     
   10352.7319999998        4.96064959051377     
   10352.8099999998        4.99696798071337     
   10352.8879999998        5.03351300499027     
   10352.9659999998        5.07026923375865     
   10353.0439999998        5.10721989210952     
   10353.1219999998        5.14434832169326     
   10353.1999999998        5.18163751830821     
   10353.2779999998        5.21907016560971     
   10353.3559999998        5.25662856095457     
   10353.4339999998        5.29429383503674     
   10353.5119999998        5.33204666858973     
   10353.5899999998        5.36986849967883     
   10353.6679999998        5.40773980162960     
   10353.7459999998        5.44564090781753     
   10353.8239999998        5.48355100932114     
   10353.9019999998        5.52144926982589     
   10353.9799999998        5.55931464908886     
   10354.0579999998        5.59712672986388     
   10354.1359999998        5.63486404065282     
   10354.2139999998        5.67250426334272     
   10354.2919999998        5.71002499570614     
   10354.3699999998        5.74740468053302     
   10354.4479999998        5.78462099219795     
   10354.5259999998        5.82165164904102     
   10354.6039999998        5.85847334486335     
   10354.6819999998        5.89506289610878     
   10354.7599999998        5.93139801738407     
   10354.8379999998        5.96745578740824     
   10354.9159999998        6.00321328890656     
   10354.9939999998        6.03864708484282     
   10355.0719999998        6.07373387691979     
   10355.1499999998        6.10845090175589     
   10355.2279999998        6.14277527876273     
   10355.3059999998        6.17668467003659     
   10355.3839999998        6.21015543681525     
   10355.4619999998        6.24316488546191     
   10355.5399999998        6.27569060501211     
   10355.6179999998        6.30771093935554     
   10355.6959999998        6.33920377925001     
   10355.7739999998        6.37014597440648     
   10355.8519999998        6.40051751319618     
   10355.9299999998        6.43029620206763     
   10356.0079999998        6.45946094795964     
   10356.0859999998        6.48799197565085     
   10356.1639999998        6.51586902170964     
   10356.2419999998        6.54307131747276     
   10356.3199999998        6.56957975011529     
   10356.3979999998        6.59537545783721     
   10356.4759999998        6.62044004357966     
   10356.5539999998        6.64475597767401     
   10356.6319999998        6.66830483167776     
   10356.7099999998        6.69106946020483     
   10356.7879999998        6.71303435469942     
   10356.8659999998        6.73418349709961     
   10356.9439999998        6.75450096364011     
   10357.0219999998        6.77397368671940     
   10357.0999999998        6.79258638185781     
   10357.1779999998        6.81032566607737     
   10357.2559999998        6.82717952498448     
   10357.3339999998        6.84313600645130     
   10357.4119999998        6.85818432837762     
   10357.4899999998        6.87231304801503     
   10357.5679999998        6.88551232444978     
   10357.6459999998        6.89777397645027     
   10357.7239999998        6.90908906050432     
   10357.8019999998        6.91945098968925     
   10357.8799999998        6.92885296289251     
   10357.9579999998        6.93728809355880     
   10358.0359999998        6.94475172440928     
   10358.1139999998        6.95123950628167     
   10358.1919999998        6.95674853317072     
   10358.2699999998        6.96127507510605     
   10358.3479999998        6.96481882785168     
   10358.4259999998        6.96737731444787     
   10358.5039999998        6.96895029789660     
   10358.5819999998        6.96953893343338     
   10358.6599999998        6.96914459645049     
   10358.7379999998        6.96776980210258     
   10358.8159999998        6.96541613928277     
   10358.8939999998        6.96208881828213     
   10358.9719999998        6.95779178025592     
   10359.0499999998        6.95253020060481     
   10359.1279999998        6.94631115059805     
   10359.2059999998        6.93914122540886     
   10359.2839999998        6.93102751455330     
   10359.3619999998        6.92197839720431     
   10359.4399999998        6.91200375151202     
   10359.5179999998        6.90111280055613     
   10359.5959999998        6.88931707440826     
   10359.6739999998        6.87662748140286     
   10359.7519999998        6.86305539206030     
   10359.8299999998        6.84861340031064     
   10359.9079999998        6.83331545324657     
   10359.9859999998        6.81717476664257     
   10360.0639999998        6.80020677583370     
   10360.1419999998        6.78242611760969     
   10360.2199999998        6.76384784045663     
   10360.2979999998        6.74448810783713     
   10360.3759999998        6.72436426419834     
   10360.4539999998        6.70349282394436     
   10360.5319999998        6.68189240289814     
   10360.6099999998        6.65958061896538     
   10360.6879999998        6.63657543964281     
   10360.7659999998        6.61289580505488     
   10360.8439999998        6.58856164570919     
   10360.9219999998        6.56359195307920     
   10360.9999999998        6.53800767378178     
   10361.0779999998        6.51182854761176     
   10361.1559999998        6.48507460077091     
   10361.2339999998        6.45776665956175     
   10361.3119999998        6.42992634739933     
   10361.3899999998        6.40157422850130     
   10361.4679999998        6.37273256832543     
   10361.5459999998        6.34342262481313     
   10361.6239999998        6.31366490249692     
   10361.7019999998        6.28348235280836     
   10361.7799999998        6.25289603658593     
   10361.8579999998        6.22192835341215     
   10361.9359999998        6.19060123854749     
   10362.0139999998        6.15893651109388     
   10362.0919999998        6.12695494673464     
   10362.1699999998        6.09467933595099     
   10362.2479999998        6.06213113243339     
   10362.3259999998        6.02933191150859     
   10362.4039999998        5.99630373074745     
   10362.4819999998        5.96306668681588     
   10362.5599999998        5.92964349660770     
   10362.6379999997        5.89605370661570     
   10362.7159999997        5.86231851959174     
   10362.7939999997        5.82845895647994     
   10362.8719999997        5.79449469325558     
   10362.9499999997        5.76044685629682     
   10363.0279999997        5.72633446084289     
   10363.1059999997        5.69217633914857     
   10363.1839999997        5.65799267509559     
   10363.2619999997        5.62380163253962     
   10363.3399999997        5.58962225932373     
   10363.4179999997        5.55547279783803     
   10363.4959999997        5.52137002644481     
   10363.5739999997        5.48733277069624     
   10363.6519999997        5.45337663344155     
   10363.7299999997        5.41951878383140     
   10363.8079999997        5.38577537257180     
   10363.8859999997        5.35216196070920     
   10363.9639999997        5.31869483760745     
   10364.0419999997        5.28538797965408     
   10364.1199999997        5.25225530262387     
   10364.1979999997        5.21931172764975     
   10364.2759999997        5.18657013287236     
   10364.3539999997        5.15404411955853     
   10364.4319999997        5.12174639325197     
   10364.5099999997        5.08968799747678     
   10364.5879999997        5.05788198714613     
   10364.6659999997        5.02633822224955     
   10364.7439999997        4.99506780640378     
   10364.8219999997        4.96408135369326     
   10364.8999999997        4.93338794473715     
   10364.9779999997        4.90299790315868     
   10365.0559999997        4.87291925809521     
   10365.1339999997        4.84315967250833     
   10365.2119999997        4.81372778021348     
   10365.2899999997        4.78463082242611     
   10365.3679999997        4.75587568766718     
   10365.4459999997        4.72746940755280     
   10365.5239999997        4.69941656426890     
   10365.6019999997        4.67172407212613     
   10365.6799999997        4.64439615416258     
   10365.7579999997        4.61743757219118     
   10365.8359999997        4.59085272839270     
   10365.9139999997        4.56464564758359     
   10365.9919999997        4.53882017103184     
   10366.0699999997        4.51337783032942     
   10366.1479999997        4.48832260546645     
   10366.2259999997        4.46365585107572     
   10366.3039999997        4.43937948522380     
   10366.3819999997        4.41549511743109     
   10366.4599999997        4.39200416095398     
   10366.5379999997        4.36890751500651     
   10366.6159999997        4.34620435298172     
   10366.6939999997        4.32389613701186     
   10366.7719999997        4.30198147815452     
   10366.8499999997        4.28046020282489     
   10366.9279999997        4.25933180780108     
   10367.0059999997        4.23859446674307     
   10367.0839999997        4.21824789645889     
   10367.1619999997        4.19828878086788     
   10367.2399999997        4.17871654033023     
   10367.3179999997        4.15952785853423     
   10367.3959999997        4.14072066267965     
   10367.4739999997        4.12229261930637     
   10367.5519999997        4.10424014607358     
   10367.6299999997        4.08656132025847     
   10367.7079999997        4.06925118246953     
   10367.7859999997        4.05230762538347     
   10367.8639999997        4.03572591603010     
   10367.9419999997        4.01950260272666     
   10368.0199999997        4.00363403657119     
   10368.0979999997        3.98811539276796     
   10368.1759999997        3.97294360685979     
   10368.2539999997        3.95811259240671     
   10368.3319999997        3.94361920231720     
   10368.4099999997        3.92945779843418     
   10368.4879999997        3.91562402009162     
   10368.5659999997        3.90211303989138     
   10368.6439999997        3.88892032703928     
   10368.7219999997        3.87604106712141     
   10368.7999999997        3.86346887738804     
   10368.8779999997        3.85120001329763     
   10368.9559999997        3.83922836850926     
   10369.0339999997        3.82754911195870     
   10369.1119999997        3.81615700043788     
   10369.1899999997        3.80504716103922     
   10369.2679999997        3.79421448510962     
   10369.3459999997        3.78365232799696     
   10369.4239999997        3.77335663625404     
   10369.5019999997        3.76332148709651     
   10369.5799999997        3.75354165291161     
   10369.6579999997        3.74401190603249     
   10369.7359999997        3.73472729397475     
   10369.8139999997        3.72568200524939     
   10369.8919999997        3.71687209971165     
   10369.9699999997        3.70829079893372     
   10370.0479999997        3.69993314398144     
   10370.1259999997        3.69179444387116     
   10370.2039999997        3.68386961277462     
   10370.2819999997        3.67615364429395     
   10370.3599999997        3.66864112807190     
   10370.4379999997        3.66132834190786     
   10370.5159999997        3.65420905174733     
   10370.5939999997        3.64727844988987     
   10370.6719999997        3.64053225456754     
   10370.7499999997        3.63396567867770     
   10370.8279999997        3.62757403593489     
   10370.9059999997        3.62135320367516     
   10370.9839999997        3.61529882574692     
   10371.0619999997        3.60940508936878     
   10371.1399999997        3.60366886135697     
   10371.2179999997        3.59808518711963     
   10371.2959999997        3.59265042025896     
   10371.3739999997        3.58735996780333     
   10371.4519999997        3.58221032098276     
   10371.5299999997        3.57719688299090     
   10371.6079999997        3.57231710555593     
   10371.6859999997        3.56756551063813     
   10371.7639999997        3.56293871540827     
   10371.8419999997        3.55843342318771     
   10371.9199999997        3.55404599628007     
   10371.9979999997        3.54977329042838     
   10372.0759999997        3.54561113124470     
   10372.1539999997        3.54155751644562     
   10372.2319999997        3.53760740243427     
   10372.3099999997        3.53375881074666     
   10372.3879999997        3.53000803486547     
   10372.4659999997        3.52635256528100     
   10372.5439999997        3.52278899926884     
   10372.6219999997        3.51931504597047     
   10372.6999999997        3.51592722282366     
   10372.7779999997        3.51262411014326     
   10372.8559999997        3.50940158946864     
   10372.9339999997        3.50625729408889     
   10373.0119999997        3.50318909262218     
   10373.0899999997        3.50019453051664     
   10373.1679999997        3.49727116165469     
   10373.2459999997        3.49441711516045     
   10373.3239999997        3.49163042801149     
   10373.4019999997        3.48890741377892     
   10373.4799999997        3.48624718722256     
   10373.5579999997        3.48364717312331     
   10373.6359999997        3.48110570807597     
   10373.7139999997        3.47862086351045     
   10373.7919999997        3.47619113598305     
   10373.8699999997        3.47381390780857     
   10373.9479999997        3.47148882429458     
   10374.0259999997        3.46921244164372     
   10374.1039999997        3.46698426025308     
   10374.1819999997        3.46480219323134     
   10374.2599999997        3.46266520229990     
   10374.3379999997        3.46057135574965     
   10374.4159999997        3.45851987007357     
   10374.4939999997        3.45650858314771     
   10374.5719999997        3.45453747394254     
   10374.6499999997        3.45260350756388     
   10374.7279999997        3.45070656143732     
   10374.8059999997        3.44884510019811     
   10374.8839999997        3.44701800533481     
   10374.9619999997        3.44522413863752     
   10375.0399999997        3.44346289402894     
   10375.1179999997        3.44173246154112     
   10375.1959999997        3.44003317643747     
   10375.2739999997        3.43836227482336     
   10375.3519999997        3.43672004913097     
   10375.4299999997        3.43510495365690     
   10375.5079999997        3.43351652442538     
   10375.5859999997        3.43195370931792     
   10375.6639999997        3.43041626486263     
   10375.7419999997        3.42890251531933     
   10375.8199999997        3.42741306674632     
   10375.8979999997        3.42594577367070     
   10375.9759999997        3.42450011859277     
   10376.0539999997        3.42307577443243     
   10376.1319999997        3.42167193467238     
   10376.2099999997        3.42028765884600     
   10376.2879999997        3.41892226922806     
   10376.3659999997        3.41757318058376     
   10376.4439999997        3.41623619760133     
   10376.5219999997        3.41486760565289     
   10376.5999999997        3.41293812620544     
   10376.6779999997        3.41160100055179     
   10376.7559999997        3.41034647857255     
   10376.8339999997        3.40912674347043     
   10376.9119999997        3.40792993560280     
   10376.9899999997        3.40675031550295     
   10377.0679999997        3.40558768066345     
   10377.1459999997        3.40443927859056     
   10377.2239999997        3.40330400272596     
   10377.3019999997        3.40218220222508     
   10377.3799999997        3.40107232589621     
   10377.4579999997        3.39997511951277     
   10377.5359999997        3.39888953820685     
   10377.6139999997        3.39781436794504     
   10377.6919999997        3.39675062014958     
   10377.7699999997        3.39569754648001     
   10377.8479999997        3.39465476718666     
   10377.9259999997        3.39362206109826     
   10378.0039999997        3.39259885176726     
   10378.0819999997        3.39158618500366     
   10378.1599999997        3.39058222655034     
   10378.2379999997        3.38958808286681     
   10378.3159999997        3.38860371235740     
   10378.3939999997        3.38762734132612     
   10378.4719999997        3.38665978182405     
   10378.5499999997        3.38570082107908     
   10378.6279999997        3.38475027679706     
   10378.7059999997        3.38380811012744     
   10378.7839999997        3.38287521648876     
   10378.8619999996        3.38194912185128     
   10378.9399999996        3.38103225928521     
   10379.0179999996        3.38012188438368     
   10379.0959999996        3.37921990499549     
   10379.1739999996        3.37832536165555     
   10379.2519999996        3.37743825888906     
   10379.3299999996        3.37655882946183     
   10379.4079999996        3.37568530443604     
   10379.4859999996        3.37482064696531     
   10379.5639999996        3.37396267564064     
   10379.6419999996        3.37311206681498     
   10379.7199999996        3.37226748962457     
   10379.7979999996        3.37142970807104     
   10379.8759999996        3.37059836448640     
   10379.9539999996        3.36977375949710     
   10380.0319999996        3.36895624455084     
   10380.1099999996        3.36814475757495     
   10380.1879999996        3.36734001270078     
   10380.2659999996        3.36654120562767     
   10380.3439999996        3.36574806867015     
   10380.4219999996        3.36496179000802     
   10380.4999999996        3.36418142103399     
   10380.5779999996        3.36340614174315     
   10380.6559999996        3.36263767852888     
   10380.7339999996        3.36187386354999     
   10380.8119999996        3.36111730573521     
   10380.8899999996        3.36036534849918     
   10380.9679999996        3.35962011746622     
   10381.0459999996        3.35887904069781     
   10381.1239999996        3.35814400193751     
   10381.2019999996        3.35741418315553     
   10381.2799999996        3.35668979385571     
   10381.3579999996        3.35597061198188     
   10381.4359999996        3.35525711561067     
   10381.5139999996        3.35454812609255     
   10381.5919999996        3.35384415820292     
   10381.6699999996        3.35314551411756     
   10381.7479999996        3.35245190073629     
   10381.8259999996        3.35176260086479     
   10381.9039999996        3.35107923060285     
   10381.9819999996        3.35039988121423     
   10382.0599999996        3.34972528308357     
   10382.1379999996        3.34905600178354     
   10382.2159999996        3.34839053530926     
   10382.2939999996        3.34773043814643     
   10382.3719999996        3.34707430433268     
   10382.4499999996        3.34642253781091     
   10382.5279999996        3.34577565723680     
   10382.6059999996        3.34513316849919     
   10382.6839999996        3.34449478560098     
   10382.7619999996        3.34386063982167     
   10382.8399999996        3.34323120520949     
   10382.9179999996        3.34260602353803     
   10382.9959999996        3.34198439158009     
   10383.0739999996        3.34136725177349     
   10383.1519999996        3.34075385644581     
   10383.2299999996        3.34014406990940     
   10383.3079999996        3.33953900181601     
   10383.3859999996        3.33893756010932     
   10383.4639999996        3.33834067478832     
   10383.5419999996        3.33774707804576     
   10383.6199999996        3.33715725536537     
   10383.6979999996        3.33657161590302     
   10383.7759999996        3.33598875354349     
   10383.8539999996        3.33541018281375     
   10383.9319999996        3.33483508949622     
   10384.0099999996        3.33426395329680     
   10384.0879999996        3.33369573123766     
   10384.1659999996        3.33313209241199     
   10384.2439999996        3.33257106761634     
   10384.3219999996        3.33201431844411     
   10384.3999999996        3.33145942302792     
   10384.4779999996        3.33090916492596     
   10384.5559999996        3.33036218654798     
   10384.6339999996        3.32981737182166     
   10384.7119999996        3.32927674007134     
   10384.7899999996        3.32873900692907     
   10384.8679999996        3.32820538618984     
   10384.9459999996        3.32767393378758     
   10385.0239999996        3.32714598071179     
   10385.1019999996        3.32662104088596     
   10385.1799999996        3.32609909427637     
   10385.2579999996        3.32557961836652     
   10385.3359999996        3.32506348886892     
   10385.4139999996        3.32455058157937     
   10385.4919999996        3.32404001373592     
   10385.5699999996        3.32353311918058     
   10385.6479999996        3.32302847154207     
   10385.7259999996        3.32252721464946     
   10385.8039999996        3.32202789112995     
   10385.8819999996        3.32153139159411     
   10385.9599999996        3.32103773910759     
   10386.0379999996        3.32054684694141     
   10386.1159999996        3.32005854956080     
   10386.1939999996        3.31957224443688     
   10386.2719999996        3.31908978486891     
   10386.3499999996        3.31860917619776     
   10386.4279999996        3.31813130008053     
   10386.5059999996        3.31765528746803     
   10386.5839999996        3.31718183613404     
   10386.6619999996        3.31671105646163     
   10386.7399999996        3.31624240381642     
   10386.8179999996        3.31577607529295     
   10386.8959999996        3.31531220601883     
   10386.9739999996        3.31485165748875     
   10387.0519999996        3.31439248589831     
   10387.1299999996        3.31393565735342     
   10387.2079999996        3.31348044799650     
   10387.2859999996        3.31302744305258     
   10387.3639999996        3.31257702904416     
   10387.4419999996        3.31212838665587     
   10387.5199999996        3.31168182022074     
   10387.5979999996        3.31123742278200     
   10387.6759999996        3.31079598888099     
   10387.7539999996        3.31035546033892     
   10387.8319999996        3.30991717784338     
   10387.9099999996        3.30948085603679     
   10387.9879999996        3.30904667911622     
   10388.0659999996        3.30861427220651     
   10388.1439999996        3.30818337714074     
   10388.2219999996        3.30775438297838     
   10388.2999999996        3.30732733486410     
   10388.3779999996        3.30690300404103     
   10388.4559999996        3.30647931217821     
   10388.5339999996        3.30605767293864     
   10388.6119999996        3.30563781208219     
   10388.6899999996        3.30521985042078     
   10388.7679999996        3.30480343133819     
   10388.8459999996        3.30438828603457     
   10388.9239999996        3.30397489896743     
   10389.0019999996        3.30356325779354     
   10389.0799999996        3.30315453687645     
   10389.1579999996        3.30274617664035     
   10389.2359999996        3.30233895993669     
   10389.3139999996        3.30193365760607     
   10389.3919999996        3.30152985968529     
   10389.4699999996        3.30112761010377     
   10389.5479999996        3.30072647907682     
   10389.6259999996        3.30032681374094     
   10389.7039999996        3.29992916919274     
   10389.7819999996        3.29953283063188     
   10389.8599999996        3.29913889179316     
   10389.9379999996        3.29874485683017     
   10390.0159999996        3.29835260004152     
   10390.0939999996        3.29796177157316     
   10390.1719999996        3.29757242692824     
   10390.2499999996        3.29718424125303     
   10390.3279999996        3.29679693407331     
   10390.4059999996        3.29641138270561     
   10390.4839999996        3.29602710488796     
   10390.5619999996        3.29564511486005     
   10390.6399999996        3.29526332921438     
   10390.7179999996        3.29488268576668     
   10390.7959999996        3.29450328791378     
   10390.8739999996        3.29412536174308     
   10390.9519999996        3.29374868967898     
   10391.0299999996        3.29337300723400     
   10391.1079999996        3.29299803076298     
   10391.1859999996        3.29262483855215     
   10391.2639999996        3.29225277193560     
   10391.3419999996        3.29188290564636     
   10391.4199999996        3.29151306672301     
   10391.4979999996        3.29114438752867     
   10391.5759999996        3.29077663358763     
   10391.6539999996        3.29041038294877     
   10391.7319999996        3.29004527574943     
   10391.8099999996        3.28968119131286     
   10391.8879999996        3.28931784329969     
   10391.9659999996        3.28895561111231     
   10392.0439999996        3.28859575558403     
   10392.1219999996        3.28823628797346     
   10392.1999999996        3.28787772024425     
   10392.2779999996        3.28751958201179     
   10392.3559999996        3.28716284693514     
   10392.4339999996        3.28680768371956     
   10392.5119999996        3.28645327148288     
   10392.5899999996        3.28609972329938     
   10392.6679999996        3.28574799048761     
   10392.7459999996        3.28539614814298     
   10392.8239999996        3.28504662603654     
   10392.9019999996        3.28469767597660     
   10392.9799999996        3.28434986728893     
   10393.0579999996        3.28400263836830     
   10393.1359999996        3.28365619711289     
   10393.2139999996        3.28331099761343     
   10393.2919999996        3.28296705845338     
   10393.3699999996        3.28262456422135     
   10393.4479999996        3.28228240630138     
   10393.5259999996        3.28194082471291     
   10393.6039999996        3.28160230523643     
   10393.6819999996        3.28126324581055     
   10393.7599999996        3.28092565442763     
   10393.8379999996        3.28058920877299     
   10393.9159999996        3.28025334048541     
   10393.9939999996        3.27991809815497     
   10394.0719999996        3.27958436772280     
   10394.1499999996        3.27925204643215     
   10394.2279999996        3.27892064882263     
   10394.3059999996        3.27859080534932     
   10394.3839999996        3.27826070516631     
   10394.4619999996        3.27793284015993     
   10394.5399999996        3.27760519666436     
   10394.6179999996        3.27727882347096     
   10394.6959999996        3.27695387514770     
   10394.7739999996        3.27662946770598     
   10394.8519999996        3.27630579740455     
   10394.9299999996        3.27598378325191     
   10395.0079999996        3.27566302240102     
   10395.0859999996        3.27534394898907     
   10395.1639999995        3.27502479977910     
   10395.2419999995        3.27470753070983     
   10395.3199999995        3.27439022424330     
   10395.3979999995        3.27407461695503     
   10395.4759999995        3.27376008492141     
   10395.5539999995        3.27344686854173     
   10395.6319999995        3.27313422266011     
   10395.7099999995        3.27282262492477     
   10395.7879999995        3.27251280737404     
   10395.8659999995        3.27220456168534     
   10395.9439999995        3.27189690521218     
   10396.0219999995        3.27159037354349     
   10396.0999999995        3.27128459860645     
   10396.1779999995        3.27097952747913     
   10396.2559999995        3.27067643923995     
   10396.3339999995        3.27037412313716     
   10396.4119999995        3.27007325795205     
   10396.4899999995        3.26977364313514     
   10396.5679999995        3.26947456158844     
   10396.6459999995        3.26917739512287     
   10396.7239999995        3.26888088558209     
   10396.8019999995        3.26858611855983     
   10396.8799999995        3.26829202138434     
   10396.9579999995        3.26799945644869     
   10397.0359999995        3.26770749947458     
   10397.1139999995        3.26741644690550     
   10397.1919999995        3.26712703162021     
   10397.2699999995        3.26683949200315     
   10397.3479999995        3.26655250664214     
   10397.4259999995        3.26626798129606     
   10397.5039999995        3.26598317760740     
   10397.5819999995        3.26569962655239     
   10397.6599999995        3.26541753405798     
   10397.7379999995        3.26513703046443     
   10397.8159999995        3.26485760869317     
   10397.8939999995        3.26457931311829     
   10397.9719999995        3.26430193010169     
   10398.0499999995        3.26402578898315     
   10398.1279999995        3.26375143994000     
   10398.2059999995        3.26347881312959     
   10398.2839999995        3.26320691221180     
   10398.3619999995        3.26293619991515     
   10398.4399999995        3.26266631849754     
   10398.5179999995        3.26239733664013     
   10398.5959999995        3.26213056475477     
   10398.6739999995        3.26186467569288     
   10398.7519999995        3.26160029617474     
   10398.8299999995        3.26133740365357     
   10398.9079999995        3.26107490150385     
   10398.9859999995        3.26081523238920     
   10399.0639999995        3.26055519717048     
   10399.1419999995        3.26029718360631     
   10399.2199999995        3.26004024236902     
   10399.2979999995        3.25978465521595     
   10399.3759999995        3.25953050850917     
   10399.4539999995        3.25927699227991     
   10399.5319999995        3.25902467419628     
   10399.6099999995        3.25877435799975     
   10399.6879999995        3.25852523068465     
   10399.7659999995        3.25827786957933     
   10399.8439999995        3.25803129298882     
   10399.9219999995        3.25778541396075     
   10399.9999999995        3.25754079551918     
   10400.0779999995        3.25729809657588     
   10400.1559999995        3.25705630648550     
   10400.2339999995        3.25681610453573     
   10400.3119999995        3.25657693861556     
   10400.3899999995        3.25633882138743     
   10400.4679999995        3.25610232294771     
   10400.5459999995        3.25586634486566     
   10400.6239999995        3.25563299879212     
   10400.7019999995        3.25540025001553     
   10400.7799999995        3.25516856918505     
   10400.8579999995        3.25493832990021     
   10400.9359999995        3.25470868066689     
   10401.0139999995        3.25448023201294     
   10401.0919999995        3.25425361370968     
   10401.1699999995        3.25402790984068     
   10401.2479999995        3.25380409013450     
   10401.3259999995        3.25358091217387     
   10401.4039999995        3.25335910002300     
   10401.4819999995        3.25313856980338     
   10401.5599999995        3.25291874117624     
   10401.6379999995        3.25270024279038     
   10401.7159999995        3.25248318708867     
   10401.7939999995        3.25226699017970     
   10401.8719999995        3.25205234004728     
   10401.9499999995        3.25183805609019     
   10402.0279999995        3.25162535298371     
   10402.1059999995        3.25141407063020     
   10402.1839999995        3.25120369254599     
   10402.2619999995        3.25099518625189     
   10402.3399999995        3.25078703630544     
   10402.4179999995        3.25058031461069     
   10402.4959999995        3.25037377298014     
   10402.5739999995        3.25016857423594     
   10402.6519999995        3.24996505387319     
   10402.7299999995        3.24976215161701     
   10402.8079999995        3.24956059658807     
   10402.8859999995        3.24936033009894     
   10402.9639999995        3.24916002065543     
   10403.0419999995        3.24896230854084     
   10403.1199999995        3.24876439696827     
   10403.1979999995        3.24856788297428     
   10403.2759999995        3.24837236876856     
   10403.3539999995        3.24817789535003     
   10403.4319999995        3.24798408921176     
   10403.5099999995        3.24779083742837     
   10403.5879999995        3.24759923273502     
   10403.6659999995        3.24740848644186     
   10403.7439999995        3.24721847875700     
   10403.8219999995        3.24702948896055     
   10403.8999999995        3.24684212148704     
   10403.9779999995        3.24665467979488     
   10404.0559999995        3.24646774946947     
   10404.1339999995        3.24628238444563     
   10404.2119999995        3.24609726196235     
   10404.2899999995        3.24591333769562     
   10404.3679999995        3.24573040462269     
   10404.4459999995        3.24554818902797     
   10404.5239999995        3.24536692897040     
   10404.6019999995        3.24518548636796     
   10404.6799999995        3.24500624509593     
   10404.7579999995        3.24482658608373     
   10404.8359999995        3.24464803460169     
   10404.9139999995        3.24447038595696     
   10404.9919999995        3.24429336120116     
   10405.0699999995        3.24411669453876     
   10405.1479999995        3.24394026923263     
   10405.2259999995        3.24376525315704     
   10405.3039999995        3.24359037078735     
   10405.3819999995        3.24341689373538     
   10405.4599999995        3.24324364616986     
   10405.5379999995        3.24307161053967     
   10405.6159999995        3.24289925373866     
   10405.6939999995        3.24272705411287     
   10405.7719999995        3.24255612879186     
   10405.8499999995        3.24238536127863     
   10405.9279999995        3.24221530710767     
