 Version 1.0  Save set taken    5/29/2002   21:12:47                    
                                                                        
 CSR LATTICE     10,    40,
 2S                                      
 DIMAT                                   
     0.0172,    1.8749,    0.0055,       
 4                                       
    -1.1343,    0.5519,                  
     5.2890,                             
 7                                       
 8                                       
 9                                       
 A                                       
 CSR HSP VOLT     6, 0,
               866     0  1675  1752     0  1852
 CSR HSP VVAL    12, 0,
               433   436     0     0   843   841   889   882     0     0
               931   932
 CSR HSP MAIL    40, 0,
              1526  1440     0     0     0     0     0     0     0     0
                 0     0     0     0     0     0     0     0     0     0
                 0     0     0     0     0     0     0     0     0     0
                 0     0     0     0     0     0     0     0     0     0
 SYN MAG CUR      1, 0,
             38383
 CSR HBND CUR     6, 0,
              2852  2438  2106  2606  3862  5833
 CSR HORZ CUR    98, 0,
               413  -143  -266 -1172     0     0 -3834     0  -479  -815
                 0   -46     0   596     0   597     0   489     0   816
                 0    60     0   242     0  -296     0     0     0   794
                 0    93     0  -474     0   305     0   192     0   664
                 0   317     0   -19     0  -152   207     0   809  1733
                 0   529  -926     0  -647     0  -205     0   845     0
                53     0  -441     0   -63     0  -242     0  -258     0
                38     0  -200     0  -205     0  -429     0  -253     0
              -284     0   -47     0   238     0    -9     0   -71     0
               -19     0     0     0  -118   -90  -154    61
 CSR VERT CUR    98, 0,
              1926  -442     0  -216  -121    72   192   458     0    77
              -122     0  -407     0   544     0    96     0    91     0
              -169     0  -404     0    90     0   300     0   -22     0
               -16     0   221     0  -427     0  -294     0  -137     0
              -183     0  -495     0    68     0   651  -250  -865 -1352
              -535  -348     0   771     0   377     0  -132     0    42
                 0   221     0   167   -13  -149     0  -180     0   245
                 0  -225     0  -386     0   158     0   -65     0   -25
                 0  -107     0   -68     0  -383     0    86     0  -175
              -104   -59     6    67 -3004     0   343  3669
 CHS VERT CUR     1, 0,
                 0
 CSR QUAD CUR    98, 0,
                 0     0 17050 38206 26631 31140 21229 12650 12527 18618
             16252 20193 15395 20120 16591 19644 19727 18186 23778 16104
             20724 18997 18691 18937 22582 18609 22337 18145 17304 18513
             14888 14399 14448 16973 12260 14624 16253 18368 14856 16856
             15760 16945 18928 16302 21894 18717 29956 46512 18733 18675
             46359 30042 18842 21914 16392 18898 16960 15725 16950 14730
             18422 16427 14613 12339 17058 14665 14435 14992 18449 17279
             18260 22240 18700 22526 18944 18739 18965 20798 16282 23581
             17954 19576 19577 16662 20263 15668 20394 16531 18415 13348
             11026 19111 32473 26905 38140 17215     0     0
 CSR QADD CUR     7, 0,
              3825 26734 26508  3777 17812 17896     0
 CSR AQUADCON     2, 0,
                 0   175
 CSR SEXT CUR    98, 0,
                 0     0     0     0     0     0     0   151   427   263
               470    39   476   319   853   287   479   300   995   270
               778   629  1451   217   371   707  1323   139   164   378
               697   262   787   379   760   817  1278   589  1133   492
              1351   -23   637   165    31     0     0     0     0     0
                 0     0     0    24    47   142   561   924   665  1108
               503  1571   539   665   456   681   294   585   478   355
               174  1413   552   504   221  1418   682   560   394   921
               473   694   319  1093   371   319   358   364   205   503
               -26     0     0     0     0     0     0     0
 SCIR SKSXCUR     1, 0,
                 0
 CHS UND VERT     2, 0,
                 0     0
 CHS UND HORZ     2, 0,
                 0     0
 CSR OCTU CUR     4, 0,
              -411   552     0     0
 CSR SQEWQUAD    98, 0,
                 0  2979  2931   270     0   527     0     0     0     0
                 0     0     0     0     0     0     0     0     0     0
                 0     0     0     0     0     0     0     0     0     0
                 0     0     0     0     0     0     0     0     0     0
                 0     0     0     0     0     0     0     0     0     0
                 0     0     0     0     0     0     0     0     0     0
                 0     0     0     0     0     0     0     0     0     0
                 0     0     0     0     0     0     0     0     0     0
                 0     0     0     0     0     0     0     0     0     0
                 0     0     0     0  -466  2424  2571     0
 CSR SQEWSEXT     4, 0,
                 0     0     0     0
 EXF BEND CUR     5, 0,
             27588     0 31295     0 26901
 EXF HORZ CUR     1, 0,
             -3669
 EXF VERT CUR     3, 0,
               907  -813 -1500
 EXF QUAD CUR     5, 0,
             39259 41023 16865  7023  4661
 WXF BEND CUR     2, 0,
             32612 33770
 WXF HORZ CUR     1, 0,
             -2474
 WXF VERT CUR     3, 0,
                -4   146   275
 WXF QUAD CUR     5, 0,
             43126 38636  8109  9586 13098
 EXF BUMP HV      7, 0,
               245    74     0     0   226     0   160
 EXF BUMP VAR     6, 0,
               728   240   601     0     0    -1
 EXF KICK HV      1, 0,
               600
 EXF KICK CUR     1, 0,
               594
 EXF PING HV      1, 0,
               432
 EXF PING VAR     1, 0,
               310
 EXF SEPT CUR     3, 0,
               762  1734  1137
 WXF BUMP HV      4, 0,
               403    95   463   335
 WXF BUMP VAR     3, 0,
                -1   148   737
 WXF KICK HV      1, 0,
               520
 WXF KICK CUR     1, 0,
               706
 WXF PING HV      2, 0,
                 0   123
 WXF SEPT CUR     3, 0,
               285   770  1619
 CSR XFR TIME     5, 0,
                60    60    60    60     0
 TIM TRANSFER    25, -1, 7,
                 80 187517  21616  19667      0  22127  22104  22148  18141  15902
                  0  17975  17997  18008      0      0  18573  18573  18273      0
                  0      0     13  10940  12190
 CSR QSCANBOX    40, 0,
                 0     0     0     0     0     0     0     0     0     0
                 0     0     0     0     0     0     0     0     0     0
                 0     0     0     0     0     0     0     0     0     0
                 0     0     0     0     0     0     0     0     0     0
 CSRSYLTP CON     6, 0,
               473   212   512  1023     0     0
 CSRSYLTE CON     6, 0,
               661   679   811  1023     0     0
 CSRSYLTOUCHY     4, 0,
               322   616   430   389
 CSR HSCR CON    10, 0,
                 0     0     0     0     0     0     0     0     0     0
 CSR VSP VOLT     6, 0,
               -30    30  1289  1289  1217  1217
 CSR VSP CON      7, 0,
                 0   239     0     0     0     0     0
 CSR VSP VAR      2, 0,
                 0     0
 CSR SAVRECRD   100, 0,
             82588 82586 82531 82530 82529 82440 82421 82420 82398 82397
             82392 82390 82383 82366 82362 82349 82336 82334 82331 82329
             82315 82311 82310 82301 82294 82291 82290 82287 82285 82284
             82283 82281 82280 82279 82278 82272 82269 82268 82267 82262
             82253 82260 82259 82258 82257 82255 82245 82245 82235 82237
             82214 82210 82138 80544 80197 80193 79957 79957 79956 79955
             79948 79947 79946 79943 79926 79914 79910 79182 79165 79158
             79004 79003 78877 78874 78872 78549 78294 78267 78264 78263
             78249 78191 78141 78133 78130 78129 78122 78121 78117 78116
             78115 78112 78109 76210 76206 76205 76197 76194 76191 76187
 CLEO END CAP     8, 0,
               -54    -5   -25   -18    -5    -9    -6   -10
 XFR SEPT POS     4, 0,
                 0     1   328     0
 XFR SEPT TLT     4, 0,
                 0     1   282     0
 CSR LUMCALIB    10, 0,
              4280  4184  3100  3100     0     0     0     0     0     0
 CSR POLARITY     5, 0,
                 1     2     2     0     0
 CSR ROTQ TLT     2, 0,
               259   143
 CSR ROTQ POT    35, 0,
                 0     0     0     0     0     0     0    -1     0     0
                 0     0     0     0     0     0     0     0     0     0
                 0     0    -1     0     0     0     0     0     0     0
              1996     0     0     0     0
 CSR ROTQ RD     42, 0,
                -1    -1  2550  2550  2550    -1    -1  2550  2550  2550
                -1    -1  2550  2550  2550    -1    -1  2550  2550  2550
                 2    -1  2552  2550  2550     1     2  2552  2551  2496
                 0     0    -4     0    -3     0    -3     0    -3     0
                 0     0
 CSR TEMP MON    24, 0,
               245     0     0     0     0   275   362   392   300   317
               337   362   370   275   320   335   350   262   285   357
               375   357   260   322
 CSR ANYTHING     4, 0,
                 0     0     0   474
 CSR QTUNEING    20, 0,
                 0     0     0     0 -6491 12971 -4411  1706     0     0
                 0     0     0     0     0     0     0     0     0     0
 CSR QTANTING    20, 0,
                 0     0     0     0     0   320     0     0     0     0
                 0     0     0     0     0     0     0     0     0     0
 COE QTUNEING   200, 0,
              1000     0     0     0     0     0     0     0     0     0
              1000     0     0     0     0     0     0     0     0     0
              1000     0     0     0     0     0     0     0     0     0
              1000     0     0     0     0     0   837   690    29     0
               500   125    50    12     0     0     0     0     0     0
               500   150    50    12     0     0     0     0     0     0
               500   500    50    50     0     0     0     0     0     0
               500  -500    50   -50     0     0     0     0     0     0
              1000  1000 -1700     0     0     0     0     0     0     0
              1000  1000     0     0     0     0     0     0     0     0
              1000  1000     0     0     0     0     0     0     0     0
              1000   900     0     0     0     0     0     0     0     0
               837   687    12     0     0     0     0     0     0     0
               500   150     0     0     0     0     0     0     0     0
              1000    55     0     0     0     0     0     0     0     0
              1000    12     0     0     0     0     0     0     0     0
               500     0     0     0     0     0     0     0     0     0
               300  1000     0     0     0     0     0     0     0     0
                 0     0     0     0     0     0     0     0     0     0
                 0     0     0     0     0     0     0     0     0     0
 CSR PRETZING    16, 0,
              3501     0   105     0     0     0     0     0     0     0
                 0     0 -1250     0     0     0
 CSR SQUADING    30, 0,
                 0     0     0     0     0     0     0     0     0     0
                 0     0     0     0     0     0     0     0     0     0
                 0     0     0     0     0     0     0     0     0     0
 CSR VBUMPING    81, 0,
                 0     0     0     0     0     0     0     0     0     0
                 0     0     0     0     0     0     0     0     0     0
                 0     0     0     0     0     0     0     0     0     0
                 0     0     0     0     0     0     0     0     0     0
                 0     0     0     0     0     0     0     0     0  -168
                28     0     0     0     0     0     0     0     0     0
                 0     0     0     0     0     0     0     0     0     0
                 0     0     0     0     0     0     0     0     0     0
                 0
 CSR VBLIMING     4, 0,
               548  1107     0     0
 CHS CBUMPING    30, 0,
                 0     0     0     0     0     0     0     0     0     0
                 0     0     0     0     0     0     0     0     0     0
                 0     0     0     0     0     0     0     0     0     0
 CSR HBUMPING    96, 0,
                 0     0     0     0     0     0     0     0     0     0
                 0     0     0     0     0     0     0     0     0  -437
                 0    46     0     0     0     0     0     0     0     0
                 0     0     0     0     0     0     0     0     0     0
                 0     0     0     0     0     0     0     0     0     0
                 0     0     0     0  -248     0  -241     0     0     0
                 0     0     0     0     0     0     0     0     0     0
                 0     0     0     0     0     0     0     0     0     0
                 0     0     0     0     0     0     0     0     0     0
                 0     0     0     0     0     0
 CSR HBLIMING    24, 0,
              1599  1806  1502 -2672     0 -1539     0     0     0     0
                 0     0     0     0     0     0     0     0     0     0
                 0     0     0     0
 CSR HBLMPING    54, 0,
                 0     0     0    50     0     0    49     0     0     0
                 0     0     0     0     0     0     0     0     0     0
                 0     0     0     0     0     0     0     0     0     0
                 0     0     0     0     0     0     0     0     0     0
                 0     0     0     0     0     0     0     0     0     0
                 0     0     0     0
 CSR XQUNEING    45, 0,
               304   -11  -144   183     0     0     0     0     0     0
                 0     0     0     0     0     0     0     0     0     0
                 0     0     0     0     0     0     0     0     0     0
                 0     0     0     0     0     0     0     0     0     0
                 0     0     0     0     0
 CSR XQANTING    45, 0,
                 0     0     0     0     0     0     0     0     0     0
                 0     0     0     0     0     0     0     0     0     0
                 0     0     0     0     0     0     0     0     0     0
                 0     0     0     0     0     0     0     0     0     0
                 0     0     0     0     0
 CSR BBDIPING     3, 0,
                 0     0     0
 CSR COUPLING    10, 0,
                 0     0     0     0     0     0     0     0     0     0
 CSR VBSAVING    20, 0,
                 0     0     0     0     0     0     0     0     0     0
                 0     0     0     0     0     0     0     0     0     0
 COE VBSAVING   120, 0,
              1614  2634  1832     0     0     0  1599  2632  1832     0
                 0     0     0     0     0     0     0     0     0     0
                 0     0     0     0     0     0     0     0     0     0
                 0     0     0     0     0     0     0     0     0     0
                 0     0     0     0     0     0     0     0     0     0
                 0     0     0     0     0     0     0     0     0     0
                 0     0     0     0     0     0     0     0     0     0
                 0     0     0     0     0     0     0     0     0     0
                 0     0     0     0     0     0     0     0     0     0
                 0     0     0     0     0     0     0     0     0     0
                 0     0     0     0     0     0     0     0     0     0
                 0     0     0     0     0     0     0     0     0     0
 LOC VBSAVING   120, 0,
                 5     9    13     0     0     0    94    90    86     0
                 0     0     0     0     0     0     0     0     0     0
                 0     0     0     0     0     0     0     0     0     0
                 0     0     0     0     0     0     0     0     0     0
                 0     0     0     0     0     0     0     0     0     0
                 0     0     0     0     0     0     0     0     0     0
                 0     0     0     0     0     0     0     0     0     0
                 0     0     0     0     0     0     0     0     0     0
                 0     0     0     0     0     0     0     0     0     0
                 0     0     0     0     0     0     0     0     0     0
                 0     0     0     0     0     0     0     0     0     0
                 0     0     0     0     0     0     0     0     0     0
 CSR HBSAVING    20, 0,
              -600  1000     0 -1000     0     0   101   235     0     0
                 0     0     0     0     0     0     0     0    99     0
 COE HBSAVING   120, -1, 7,
               1649   -401  -1163      0      0      0   1510  -1372  -1332      0
                  0      0   7245  -1944   8354      0      0      0    517  -1557
               1488      0      0      0   1000  -1616   2524      0      0      0
               4180  -3886   4227      0      0      0  -4971   2854   4359      0
                  0      0    947  10000  -4506      0      0      0  10000  -7137
               1598      0      0      0   4916  -1371   2049      0      0      0
                  0      0      0      0      0      0      0      0      0      0
                  0      0      0      0      0      0      0      0      0      0
                  0      0      0      0      0      0      0      0      0      0
                  0      0      0      0      0      0      0      0      0      0
                  0      0      0      0      0      0      0      0   1000   -260
               -971      0      0      0   2489 -10000   8945      0      0      0
 LOC HBSAVING   120, 0,
             10014 10030 10032     0     0     0 10079 10087 10091     0
                 0     0 20005    96    98     0     0     0 10067 10069
             10079     0     0     0 20006    94    98     0     0     0
             20005 20006    96     0     0     0 10003 10004 10009     0
                 0     0 10004 10009 10010     0     0     0 10009 10010
             10012     0     0     0 10009 10012 10014     0     0     0
                 0     0     0     0     0     0     0     0     0     0
                 0     0     0     0     0     0     0     0     0     0
                 0     0     0     0     0     0     0     0     0     0
                 0     0     0     0     0     0     0     0     0     0
                 0     0     0     0     0     0     0     0    73    71
                63     0     0     0    98    97    96     0     0     0
 CHS PM WIGRD    10, 0,
                 0     1     0     1     0     0     1     1     1     0
 CHS WJAW RD      4, 0,
              1743  1750     3  2008
 CSR VCROSING    10, 0,
                 0     0     0    30   -41  2281   470     0     0     0
 CSR SA SAVE      8, 0,
                 0     0     0     0     0     0     0     0
 CSR ENERGY       7, 0,
              5020  5012  5012  5012  4998  5012  4730
 CLEO BUMPING    20, 0,
                 0     0     0     0     0     0     0     0     0     0
                 0     0     0     0     0     0     0     0     0     0
 CRF FREQ CON     2, 0,
                 0     1
 CSR NMR READ     4, 0,
                25  1648    82 20792
 CSR ANLGRSTA     9, 0,
                 0     0     0     0     0     0     0     0     0
 CSR ANLGRSTB     8, 0,
                 0   999     0    24     0     0     0     0
 CHS FEED OFF     2, 0,
                 0     0
 CSR BETASING    10, 0,
              1700  1000     0     0     0     0     0     0     0     0
 CSR SCMATING    12, 0,
              -250  1000  1000  1000  1000  1000  1000  1000  1000  1000
              1000  1000
 TIM CESR        20, -1, 7,
              -6894   3317    300 -98500      0      0  76125      0      2      0
                 -2   2959      0      0      0      0      0      0      0      0
 CSR HPHASING    80, 0,
                 0     0     0     0     0     0     0     0     0     0
                 0     0     0     0     0     0     0     0     0     0
                 0     0     0     0     0     0     0     0     0     0
                 0     0     0     0     0     0     0     0     0     0
                 0     0     0     0     0     0     0     0     0     0
                 0     0     0     0     0     0     0     0     0     0
                 0     0     0     0     0     0     0     0     0     0
                 0     0     0     0     0     0     0     0     0     0
 CSR HPHASSYM    80, 0,
                 0     0     0     0     0     0     0     0     0     0
                 0     0     0     0     0     0     0     0     0     0
                 0     0     0     0     0     0     0     0     0     0
                 0     0     0     0     0     0     0     0     0     0
                 0     0     0     0     0     0     0     0     0     0
                 0     0     0     0     0     0     0     0     0     0
                 0     0     0     0     0     0     0     0     0     0
                 0     0     0     0     0     0     0     0     0     0
 CSR HPHASANT    80, 0,
                 6     0     0     0   500     0     0     0     0     0
                 0     0     0     0     0     0     0     0     0     0
                 0     0     0     0     0     0     0     0     0     0
                 0     0     0     0     0     0     0     0    92     0
               -47     0  -500     0     0     0     0     0     0     0
              -100     0     0     0     0     0     0     0     0     0
                 0     0     0     0     0     0   225     0     0     0
                 0     0     0     0     0     0     0     0     0     0
 CSR VPHASING    80, 0,
                 0     0     0     0     0     0     0     0     0     0
                 0     0     0     0     0     0     0     0     0     0
                 0     0     0     0     0     0     0     0     0     0
                 0     0     0     0     0     0     0     0     0     0
                 0     0     0     0     0     0     0     0     0     0
                 0     0     0     0     0     0     0     0     0     0
                 0     0     0     0     0     0     0     0     0     0
                 0     0     0     0     0     0     0     0     0     0
 CSR VPHASSYM    80, 0,
                 0     0     0     0     0     0     0     0     0     0
                 0     0     0     0     0     0     0     0     0     0
                 0     0     0     0     0     0     0     0     0     0
                 0     0     0     0     0     0     0     0     0     0
                 0     0     0     0     0     0     0     0     0     0
                 0     0     0     0     0     0     0     0     0     0
                 0     0     0     0     0     0     0     0     0     0
                 0     0     0     0     0     0     0     0     0     0
 CSR VPHASANT    80, 0,
                 0     0     0     0     0     0     0     0     0     0
                 0     0     0     0     0     0     0     0     0     0
                 0     0     0     0     0     0     0     0     0     0
                 0     0     0     0     0     0     0     0     0     0
               -64     0     0     0     0     0   498     0     0     0
                 0     0     0     0     0     0     0     0     0     0
                 0     0     0     0     0     0     0     0     0     0
                 0     0     0     0     0     0     0     0     0     0
 CSR OCTUPING     8, 0,
               197     0     0  -200     0     0     0     0
 CSR HSCR POT     4, 0,
               143    71     0     0
 RELATED SETS    20, 0,
             82418 82551 82588 82013 82576 82577 82510     0     0     0
                 0     0     0     0     0     0     0     0     0     0
