 Version 1.0  Save set taken    6/14/2002   13:56:30                    
                                                                        
 CSR LATTICE     10,    40,
 2S                                      
 DIMAT                                   
     0.0172,    1.8749,    0.0055,       
 4                                       
    -1.1343,    0.5519,                  
     5.2890,                             
 7                                       
 8                                       
 9                                       
 A                                       
 CSR HSP VOLT     6, 0,
               934     0  1625  1705     0  1709
 CSR HSP VVAL    12, 0,
               466   470     0     0   817   816   865   858     0     0
               859   859
 CSR HSP MAIL    40, 0,
              1526  1440     0     0     0     0     0     0     0     0
                 0     0     0     0     0     0     0     0     0     0
                 0     0     0     0     0     0     0     0     0     0
                 0     0     0     0     0     0     0     0     0     0
 SYN MAG CUR      1, 0,
             38420
 CSR HBND CUR     6, 0,
              2847  2434  2103  2606  3862  5833
 CSR HORZ CUR    98, 0,
               412  -143  -266 -1170     0     0 -3828     0  -478  -814
                 0   -46     0   595     0   596     0   488     0   815
                 0    60     0   242     0  -296     0     0     0   793
                 0    93     0  -473     0   305     0   192     0   663
                 0   316     0   -19     0  -152   207     0   808  1733
                 0   529  -926     0  -647     0  -205     0   845     0
                53     0  -441     0   -63     0  -242     0  -258     0
                38     0  -200     0  -205     0  -429     0  -253     0
              -284     0   -47     0   238     0    -9     0   -71     0
               -19     0     0     0  -118   -90  -154    61
 CSR VERT CUR    98, 0,
              1923  -441     0  -216  -121    72   192   457     0    77
              -122     0  -406     0   543     0    96     0    91     0
              -169     0  -403     0    90     0   300     0   -22     0
               -16     0   221     0  -426     0  -294     0  -137     0
              -183     0  -494     0    68     0   650  -250  -864 -1352
              -535  -348     0   771     0   377     0  -132     0    42
                 0   221     0   167   -13  -149     0  -180     0   245
                 0  -225     0  -386     0   158     0   -65     0   -25
                 0  -107     0   -68     0  -383     0    86     0  -175
              -104   -59     6    67 -3004     0   343  3669
 CHS VERT CUR     1, 0,
                 0
 CSR QUAD CUR    98, 0,
                 0     0 17000 38100 26578 31088 21186 12607 12506 18603
             16238 20193 15370 20079 16558 19605 19690 18154 23731 16069
             20684 18963 18654 18899 22538 18570 22292 18112 17266 18482
             14852 14366 14415 16940 12235 14592 16222 18333 14832 16824
             15728 16910 18889 16267 21848 18678 29901 46464 18701 18643
             46311 29987 18802 21868 16357 18860 16925 15693 16918 14706
             18387 16396 14581 12314 17024 14632 14402 14955 18418 17241
             18227 22195 18661 22482 18906 18702 18931 20758 16247 23534
             17922 19540 19539 16629 20221 15664 20400 16515 18408 13336
             10985 19046 32404 26850 38035 17165     0     0
 CSR QADD CUR     7, 0,
              3820 26690 26465  3772 17784 17868     0
 CSR AQUADCON     2, 0,
                 0   175
 CSR SEXT CUR    98, 0,
                 0     0     0     0     0     0     0   162   371   284
               507   -17   465   344   797   283   411   306   997   305
               897   682  1536   254   420   740  1340   138   117   389
               707   273   816   389   756   852  1214   605  1166   519
              1471   -43   663   193    50     0     0     0     0     0
                 0     0     0    47    61    17   590   899   724  1145
               524  1638   546   627   461   663   301   539   504   386
               184  1487   594   608   266  1481   727   581   431   902
               512   741   324  1128   387   221   365   361   208   483
               -23     0     0     0     0     0     0     0
 SCIR SKSXCUR     1, 0,
                 0
 CHS UND VERT     2, 0,
                 0     0
 CHS UND HORZ     2, 0,
                 0     0
 CSR OCTU CUR     4, 0,
              -411   552     0     0
 CSR SQEWQUAD    98, 0,
                 0  2974  2926   270     0   526     0     0     0     0
                 0     0     0     0     0     0     0     0     0     0
                 0     0     0     0     0     0     0     0     0     0
                 0     0     0     0     0     0     0     0     0     0
                 0     0     0     0     0     0     0     0     0     0
                 0     0     0     0     0     0     0     0     0     0
                 0     0     0     0     0     0     0     0     0     0
                 0     0     0     0     0     0     0     0     0     0
                 0     0     0     0     0     0     0     0     0     0
                 0     0     0     0  -466  1064  2571     0
 CSR SQEWSEXT     4, 0,
                 0     0     0     0
 EXF BEND CUR     5, 0,
             27587     0 31409     0 26928
 EXF HORZ CUR     1, 0,
             -3785
 EXF VERT CUR     3, 0,
               723  -622 -1523
 EXF QUAD CUR     5, 0,
             39298 41064 16882  7031  4666
 WXF BEND CUR     2, 0,
             33041 34182
 WXF HORZ CUR     1, 0,
             -2549
 WXF VERT CUR     3, 0,
                90    66   136
 WXF QUAD CUR     5, 0,
             43677 39129  8212  9710 13264
 EXF BUMP HV      7, 0,
               235    79     0     0   223     0   198
 EXF BUMP VAR     6, 0,
               707   199   606     0     0    -1
 EXF KICK HV      1, 0,
               600
 EXF KICK CUR     1, 0,
               615
 EXF PING HV      1, 0,
               549
 EXF PING VAR     1, 0,
               389
 EXF SEPT CUR     3, 0,
               764  1738  1035
 WXF BUMP HV      4, 0,
               399    99   451   334
 WXF BUMP VAR     3, 0,
                -1   159   738
 WXF KICK HV      1, 0,
               520
 WXF KICK CUR     1, 0,
               701
 WXF PING HV      2, 0,
                 0    83
 WXF SEPT CUR     3, 0,
               278   755  1628
 CSR XFR TIME     5, 0,
                30    60    60    60     0
 TIM TRANSFER    25, -1, 7,
                 80 187517  21616  19667      0  22127  22104  22148  18141  15902
                  0  17979  17997  18008      0      0  18573  18573  18273      0
                  0      0     40  10940  12190
 CSR QSCANBOX    40, 0,
                 0     0     0     0     0     0     0     0     0     0
                 0     0     0     0     0     0     0     0     0     0
                 0     0     0     0     0     0     0     0     0     0
                 0     0     0     0     0     0     0     0     0     0
 CSRSYLTP CON     6, 0,
               501   251   319  1023     0     0
 CSRSYLTE CON     6, 0,
               710   676   811  1023     0     0
 CSRSYLTOUCHY     4, 0,
               256   621   475   420
 CSR HSCR CON    10, 0,
                 0     0     0     0     0     0     0     0     0     0
 CSR VSP VOLT     6, 0,
               -30    30  1289  1289  1217  1217
 CSR VSP CON      7, 0,
                 0   224     0     0     0     0     0
 CSR VSP VAR      2, 0,
                 0     0
 CSR SAVRECRD   100, 0,
             83055 83045 83038 82922 82867 82859 82855 82844 82843 82842
             82617 82613 82612 82610 82609 82440 82421 82420 82398 82397
             82392 82390 82383 82366 82362 82349 82336 82334 82331 82329
             82315 82311 82310 82301 82294 82291 82290 82287 82285 82284
             82283 82281 82280 82279 82278 82272 82269 82268 82267 82262
             82253 82260 82259 82258 82257 82255 82245 82245 82235 82237
             82214 82210 82138 80544 80197 80193 79957 79957 79956 79955
             79948 79947 79946 79943 79926 79914 79910 79182 79165 79158
             79004 79003 78877 78874 78872 78549 78294 78267 78264 78263
             78249 78191 78141 78133 78130 78129 78122 78121 78117 78116
 CLEO END CAP     8, 0,
               -26     2   -31   -23    -5    -2    -4   -10
 XFR SEPT POS     4, 0,
                 0    -1   329     0
 XFR SEPT TLT     4, 0,
                 0     1   282     0
 CSR LUMCALIB    10, 0,
              4280  4184  3100  3100     0     0     0     0     0     0
 CSR POLARITY     5, 0,
                 1     2     2     0     0
 CSR ROTQ TLT     2, 0,
               213   107
 CSR ROTQ POT    35, 0,
                 1     0     0     0     0     0     0    -1     0     0
                 0     0     0     0     0     0     0     0     0     0
                 0     0    -1     0     0     1     0     0     0     0
              1996     0     0     0     0
 CSR ROTQ RD     42, 0,
                -1    -1  2550  2550  2550    -1    -1  2550  2550  2550
                -1    -1  2550  2550  2550    -1    -1  2550  2550  2550
                 2   -29  2552  2550  2550     2     3  2552  2552  2474
                 0     0    -4     0    -4     0    -3     0    -3     0
                 0     0
 CSR TEMP MON    24, 0,
               247     0     0     0     0   272   357   407   297   317
               332   370   382   272   322   350   355   262   287   357
               377   350   267   372
 CSR ANYTHING     4, 0,
                 0     0     0   474
 CSR QTUNEING    20, 0,
                 0     0     0     0 -6744 12799 -4411  1706     0     0
                 0     0     0     0     0     0     0     0     0     0
 CSR QTANTING    20, 0,
                 0     0     0     0     0   320     0     0     0     0
                 0     0     0     0     0     0     0     0     0     0
 COE QTUNEING   200, 0,
              1000     0     0     0     0     0     0     0     0     0
              1000     0     0     0     0     0     0     0     0     0
              1000     0     0     0     0     0     0     0     0     0
              1000     0     0     0     0     0   837   690    29     0
               500   125    50    12     0     0     0     0     0     0
               500   150    50    12     0     0     0     0     0     0
               500   500    50    50     0     0     0     0     0     0
               500  -500    50   -50     0     0     0     0     0     0
              1000  1000 -1700     0     0     0     0     0     0     0
              1000  1000     0     0     0     0     0     0     0     0
              1000  1000     0     0     0     0     0     0     0     0
              1000   900     0     0     0     0     0     0     0     0
               837   687    12     0     0     0     0     0     0     0
               500   150     0     0     0     0     0     0     0     0
              1000    55     0     0     0     0     0     0     0     0
              1000    12     0     0     0     0     0     0     0     0
               500     0     0     0     0     0     0     0     0     0
               300  1000     0     0     0     0     0     0     0     0
                 0     0     0     0     0     0     0     0     0     0
                 0     0     0     0     0     0     0     0     0     0
 CSR PRETZING    16, 0,
              3402     0   105     0     0     0     0     0     0     0
                 0     0  -970     0     0     0
 CSR SQUADING    30, 0,
                 0     0     0     0     0     0     0     0     0     0
                 0     0     0     0     0     0     0     0     0     0
                 0     0     0     0     0     0     0     0     0     0
 CSR VBUMPING    81, 0,
                 0     0     0     0     0     0     0     0     0     0
                 0     0     0     0     0     0     0     0     0     0
                 0     0     0     0     0     0     0     0     0     0
                 0     0     0     0     0     0     0     0     0     0
                 0     0     0     0     0     0     0     0     0  -168
                28     0     0     0     0     0     0     0     0     0
                 0     0     0     0     0     0     0     0     0     0
                 0     0     0     0     0     0     0     0     0     0
                 0
 CSR VBLIMING     4, 0,
               548  1107     0     0
 CHS CBUMPING    30, 0,
                 0     0     0     0     0     0     0     0     0     0
                 0     0     0     0     0     0     0     0     0     0
                 0     0     0     0     0     0     0     0     0     0
 CSR HBUMPING    96, 0,
                 0     0     0     0     0     0     0     0     0     0
                 0     0     0     0     0     0     0     0     0  -437
                 0    46     0     0     0     0     0     0     0     0
                 0     0     0     0     0     0     0     0     0     0
                 0     0     0     0     0     0     0     0     0     0
                 0     0     0     0  -248     0  -241     0     0     0
                 0     0     0     0     0     0     0     0     0     0
                 0     0     0     0     0     0     0     0     0     0
                 0     0     0     0     0     0     0     0     0     0
                 0     0     0     0     0     0
 CSR HBLIMING    24, 0,
              1599  1806  1502 -2672     0 -1539     0     0     0     0
                 0     0     0     0     0     0     0     0     0     0
                 0     0     0     0
 CSR HBLMPING    54, 0,
                 0     0     0    50     0     0    49     0     0     0
                 0     0     0     0     0     0     0     0     0     0
                 0     0     0     0     0     0     0     0     0     0
                 0     0     0     0     0     0     0     0     0     0
                 0     0     0     0     0     0     0     0     0     0
                 0     0     0     0
 CSR XQUNEING    45, 0,
               304   127  -203   198     0     0     0     0     0     0
                 0     0     0     0     0     0     0     0     0     0
                 0     0     0     0     0     0     0     0     0     0
                 0     0     0     0     0     0     0     0     0     0
                 0     0     0     0     0
 CSR XQANTING    45, 0,
                 0     0     0     0     0     0     0     0     0     0
                 0     0     0     0     0     0     0     0     0     0
                 0     0     0     0     0     0     0     0     0     0
                 0     0     0     0     0     0     0     0     0     0
                 0     0     0     0     0
 CSR BBDIPING     3, 0,
                 0     0     0
 CSR COUPLING    10, 0,
                 0     0     0     0     0     0     0     0     0     0
 CSR VBSAVING    20, 0,
                 0     0     0     0     0     0     0     0     0     0
                 0     0     0     0     0     0     0     0     0     0
 COE VBSAVING   120, 0,
              1614  2634  1832     0     0     0  1599  2632  1832     0
                 0     0     0     0     0     0     0     0     0     0
                 0     0     0     0     0     0     0     0     0     0
                 0     0     0     0     0     0     0     0     0     0
                 0     0     0     0     0     0     0     0     0     0
                 0     0     0     0     0     0     0     0     0     0
                 0     0     0     0     0     0     0     0     0     0
                 0     0     0     0     0     0     0     0     0     0
                 0     0     0     0     0     0     0     0     0     0
                 0     0     0     0     0     0     0     0     0     0
                 0     0     0     0     0     0     0     0     0     0
                 0     0     0     0     0     0     0     0     0     0
 LOC VBSAVING   120, 0,
                 5     9    13     0     0     0    94    90    86     0
                 0     0     0     0     0     0     0     0     0     0
                 0     0     0     0     0     0     0     0     0     0
                 0     0     0     0     0     0     0     0     0     0
                 0     0     0     0     0     0     0     0     0     0
                 0     0     0     0     0     0     0     0     0     0
                 0     0     0     0     0     0     0     0     0     0
                 0     0     0     0     0     0     0     0     0     0
                 0     0     0     0     0     0     0     0     0     0
                 0     0     0     0     0     0     0     0     0     0
                 0     0     0     0     0     0     0     0     0     0
                 0     0     0     0     0     0     0     0     0     0
 CSR HBSAVING    20, 0,
              -600  1000     0 -1000     0     0   101   235     0     0
                 0     0     0     0     0     0     0     0    99     0
 COE HBSAVING   120, -1, 7,
               1649   -401  -1163      0      0      0   1510  -1372  -1332      0
                  0      0   7245  -1944   8354      0      0      0    517  -1557
               1488      0      0      0   1000  -1616   2524      0      0      0
               4180  -3886   4227      0      0      0  -4971   2854   4359      0
                  0      0    947  10000  -4506      0      0      0  10000  -7137
               1598      0      0      0   4916  -1371   2049      0      0      0
                  0      0      0      0      0      0      0      0      0      0
                  0      0      0      0      0      0      0      0      0      0
                  0      0      0      0      0      0      0      0      0      0
                  0      0      0      0      0      0      0      0      0      0
                  0      0      0      0      0      0      0      0   1000   -260
               -971      0      0      0   2489 -10000   8945      0      0      0
 LOC HBSAVING   120, 0,
             10014 10030 10032     0     0     0 10079 10087 10091     0
                 0     0 20005    96    98     0     0     0 10067 10069
             10079     0     0     0 20006    94    98     0     0     0
             20005 20006    96     0     0     0 10003 10004 10009     0
                 0     0 10004 10009 10010     0     0     0 10009 10010
             10012     0     0     0 10009 10012 10014     0     0     0
                 0     0     0     0     0     0     0     0     0     0
                 0     0     0     0     0     0     0     0     0     0
                 0     0     0     0     0     0     0     0     0     0
                 0     0     0     0     0     0     0     0     0     0
                 0     0     0     0     0     0     0     0    73    71
                63     0     0     0    98    97    96     0     0     0
 CHS PM WIGRD    10, 0,
                 0     1     0     1     0     0     1     1     1     0
 CHS WJAW RD      4, 0,
              1742  1747    -3  2007
 CSR VCROSING    10, 0,
                 0     0     0    30   -41  2281   470     0     0     0
 CSR SA SAVE      8, 0,
                 0     0     0     0     0     0     0     0
 CSR ENERGY       7, 0,
              5012  5012  5010  5013  5006  5013  4730
 CLEO BUMPING    20, 0,
                 0     0     0     0     0     0     0     0     0     0
                 0     0     0     0     0     0     0     0     0     0
 CRF FREQ CON     2, 0,
                 0     1
 CSR NMR READ     4, 0,
                25   864    82 17048
 CSR ANLGRSTA     9, 0,
                 0     0     0     0     0     0     0     0     0
 CSR ANLGRSTB     8, 0,
                 0   999     0    24     0     0     0     0
 CHS FEED OFF     2, 0,
                 0     0
 CSR BETASING    10, 0,
              1700  1000     0     0     0     0     0     0     0     0
 CSR SCMATING    12, 0,
              -250  1000  1000  1000  1000  1000  1000  1000  1000  1000
              1000  1000
 TIM CESR        20, -1, 7,
              -6894   3317    300 -98500      0      0  76125      0      2      0
                 -2   2959      0      0      0      0      0      0      0      0
 CSR HPHASING    80, 0,
                 0     0     0     0     0     0     0     0     0     0
                 0     0     0     0     0     0     0     0     0     0
                 0     0     0     0     0     0     0     0     0     0
                 0     0     0     0     0     0     0     0     0     0
                 0     0     0     0     0     0     0     0     0     0
                 0     0     0     0     0     0     0     0     0     0
                 0     0     0     0     0     0     0     0     0     0
                 0     0     0     0     0     0     0     0     0     0
 CSR HPHASSYM    80, 0,
                 0     0     0     0     0     0     0     0     0     0
                 0     0     0     0     0     0     0     0     0     0
                 0     0     0     0     0     0     0     0     0     0
                 0     0     0     0     0     0     0     0     0     0
                 0     0     0     0     0     0     0     0     0     0
                 0     0     0     0     0     0     0     0     0     0
                 0     0     0     0     0     0     0     0     0     0
                 0     0     0     0     0     0     0     0     0     0
 CSR HPHASANT    80, 0,
                 6     0     0     0   500     0     0     0     0     0
                 0     0     0     0     0     0     0     0     0     0
                 0     0     0     0     0     0     0     0     0     0
                 0     0     0     0     0     0     0     0    92     0
               -47     0  -500     0     0     0     0     0     0     0
              -100     0     0     0     0     0     0     0     0     0
                 0     0     0     0     0     0   225     0     0     0
                 0     0     0     0     0     0     0     0     0     0
 CSR VPHASING    80, 0,
                 0     0     0     0     0     0     0     0     0     0
                 0     0     0     0     0     0     0     0     0     0
                 0     0     0     0     0     0     0     0     0     0
                 0     0     0     0     0     0     0     0     0     0
                 0     0     0     0     0     0     0     0     0     0
                 0     0     0     0     0     0     0     0     0     0
                 0     0     0     0     0     0     0     0     0     0
                 0     0     0     0     0     0     0     0     0     0
 CSR VPHASSYM    80, 0,
                 0     0     0     0     0     0     0     0     0     0
                 0     0     0     0     0     0     0     0     0     0
                 0     0     0     0     0     0     0     0     0     0
                 0     0     0     0     0     0     0     0     0     0
                 0     0     0     0     0     0     0     0     0     0
                 0     0     0     0     0     0     0     0     0     0
                 0     0     0     0     0     0     0     0     0     0
                 0     0     0     0     0     0     0     0     0     0
 CSR VPHASANT    80, 0,
                 0     0     0     0     0     0     0     0     0     0
                 0     0     0     0     0     0     0     0     0     0
                 0     0     0     0     0     0     0     0     0     0
                 0     0     0     0     0     0     0     0     0     0
               -64     0     0     0     0     0   498     0     0     0
                 0     0     0     0     0     0     0     0     0     0
                 0     0     0     0     0     0     0     0     0     0
                 0     0     0     0     0     0     0     0     0     0
 CSR OCTUPING     8, 0,
               197     0     0  -200     0     0     0     0
 CSR HSCR POT     4, 0,
               143    71     0     0
 RELATED SETS    20, 0,
             82418 82850 83055 82912 82926 82927 83039     0     0     0
                 0     0     0     0     0     0     0     0     0     0
