 Version 1.0  Save set taken    3/14/2002   12:57:28            001                                                             
 
 CSR LATTICE     10,    40,
 1S_V2
 DIMAT
     0.0172,    1.8749,    0.0055,
 4
    -1.1343,    0.5519,
     5.2890,
 7
 8
 9
 A
 CSR HSP VOLT     6, 0,
              1045     0  1336  1336     0  1035
 CSR HSP VVAL    12, 0,
               528   528     0     0   672   670   677   672     0     0
               520   521
 CSR HSP MAIL    40, 0,
              1526  1440     0     0     0     0     0     0     0     0
                 0     0     0     0     0     0     0     0     0     0
                 0     0     0     0     0     0     0     0     0     0
                 0     0     0     0     0     0     0     0     0     0
 SYN MAG CUR      1, 0,
             36218
 CSR HBND CUR     6, 0,
              5373  3542  2528  2008  3887  4596
 CSR HORZ CUR    98, 0,
               334  -339  -447   -61     0     0   425     0   370   166
                 0    34     0   585     0  1188     0  -158     0   990
                 0   -37     0   139     0    64     0   -47     0   712
                 0   392     0  -807     0   530     0   208     0   711
                 0   220     0   -54     0   218   528     0  1372  2208
                 0   775  -262     0 -1199     0  -163     0   932     0
                53     0  -145     0  -157     0   -74     0  -337     0
               325     0   -44     0   -71     0  -210     0    94     0
              -155     0    37     0   334     0    75     0   218     0
               -87     0     0     0   327  -159    30   329
 CSR VERT CUR    98, 0,
             -1041 -1186     0  2504  -244   -82   281   198   196    61
              -151     0  -389     0   481     0    56     0    57     0
               -80     0  -262     0   196     0   296     0   -20     0
               -27     0   251     0  -570     0  -219     0   -89     0
              -285     0  -375     0  -235     0   228  -333  -980 -1666
              -728 -1229     0   765     0   401     0  -132     0    65
                 0   195     0   119   -28  -196     0  -159     0   158
                 0  -178     0  -241     0   228     0    23     0    30
                 0   -16     0    45     0  -410     0   188     0  -605
               562  -307    33  -253  -465     0   252   225
 CHS VERT CUR     1, 0,
                 0
 CSR QUAD CUR    98, 0,
                 0     0 15249 34163 24545 29570 19631 11109 12043 18432
             16071 20582 14921 18668 15685 18384 18600 17037 22394 15089
             19301 17789 17335 17649 21119 17219 20564 17099 16099 17525
             13770 13300 13483 15958 11683 13525 15222 17284 14239 15841
             14517 15784 17480 15119 20255 17423 27970 44982 17296 17295
             44681 27963 17548 20264 15348 17339 15852 14549 15881 13924
             17321 15407 13581 11500 16014 13512 13314 13841 17556 15765
             17104 20791 17539 21455 17611 17540 17860 19692 15062 22140
             17000 18383 18206 15710 18822 15413 20953 16076 18419 13118
              9663 17119 30208 25125 34330 15389     0     0
 CSR QADD CUR     7, 0,
              3638 25163 25089  3626 16760 16713     0
 CSR AQUADCON     2, 0,
                 0   175
 CSR SEXT CUR    98, 0,
                 0     0     0     0     0     0     0    35   502   119
               238   332   598   260   945   403   918   371  1111   469
               914   633  1434   240   502   533  1356   202   411   355
               622   218   644   441   907   730  1725   511  1162   551
              1228   416   730    39   -31     0     0     0     0     0
                 0     0     0   -33    56   756   263  1138   518  1194
               567  1774   781   913   433   639   226   639   315   387
               174  1330   568   479   215  1468   592   964   399  1099
               378   868   437   927   247   623   240   254   120   495
                63     0     0     0     0     0     0     0
 SCIR SKSXCUR     1, 0,
                 0
 CHS UND VERT     2, 0,
                 0     0
 CHS UND HORZ     2, 0,
                 0     0
 CSR OCTU CUR     4, 0,
              -595  2800  -977     0
 CSR SQEWQUAD    98, 0,
                 0  2388  2976  1740    -6   164  -181     0   285     0
                 0     0     0     0     0     0     0     0     0     0
                 0     0     0     0     0     0     0     0     0     0
                 0     0     0     0     0     0     0     0     0     0
                 0     0     0     0     0     0     0     0     0     0
                 0     0     0     0     0     0     0     0     0     0
                 0     0     0     0     0     0     0     0     0     0
                 0     0     0     0     0     0     0     0     0     0
                 0     0     0     0     0     0     0     0     0     0
                 0     0   559  -146  1063  2694  2742     0
 CSR SQEWSEXT     4, 0,
                 0 -1141   300    99
 EXF BEND CUR     5, 0,
             25907     0 29456     0 25479
 EXF HORZ CUR     1, 0,
             -3318
 EXF VERT CUR     3, 0,
              1000 -1502 -1268
 EXF QUAD CUR     5, 0,
             36865 38625 15878  6614  4390
 WXF BEND CUR     2, 0,
             30880 31947
 WXF HORZ CUR     1, 0,
             -2377
 WXF VERT CUR     3, 0,
                84    62   127
 WXF QUAD CUR     5, 0,
             40820 36570  7676  9075 12397
 EXF BUMP HV      7, 0,
               236     0     0     0   227     0   140
 EXF BUMP VAR     6, 0,
               768     1   596     0     0    -1
 EXF KICK HV      1, 0,
               600
 EXF KICK CUR     1, 0,
               500
 EXF PING HV      1, 0,
               249
 EXF PING VAR     1, 0,
               171
 EXF SEPT CUR     3, 0,
               696  1704  1052
 WXF BUMP HV      4, 0,
               323    85   351   283
 WXF BUMP VAR     3, 0,
                -1   167   738
 WXF KICK HV      1, 0,
               520
 WXF KICK CUR     1, 0,
               701
 WXF PING HV      2, 0,
                 0   148
 WXF SEPT CUR     3, 0,
               258   703  1517
 CSR XFR TIME     5, 0,
                60    60    60     0     0
 TIM TRANSFER    23, -1, 7,
                 80 187517  21616  19667      0  22127  22104  22148  18141  15902
                  0  17975  17997  18008      0      0  18573  18573  18274      0
                  0      0      6
 CSR QSCANBOX    40, 0,
                 0     0     0     0     0     0     0     0     0     0
                 0     0     0     0     0     0     0     0     0     0
                 0     0     0     0     0     0     0     0     0     0
                 0     0     0     0     0     0     0     0     0     0
 CSRSYLTP CON     6, 0,
               445   201   471  1023     0     0
 CSRSYLTE CON     6, 0,
               659   678   816  1023     0     0
 CSRSYLTOUCHY     4, 0,
               322   616   417   397
 CSR HSCR CON    10, 0,
                 0     0     0     0     0     0     0     0     0     0
 CSR VSP VOLT     6, 0,
              -563   563  1233  1233  1253  1253
 CSR VSP CON      7, 0,
                 0   238     0     0     0     0     0
 CSR VSP VAR      2, 0,
                 0     0
 CSR SAVRECRD   100, 0,
             79734 79552 79551 79550 79549 79548 79547 79381 79379 79378
             79377 79376 79374 79373 79372 79371 79230 79229 79223 79227
             79223 79222 79048 79047 79043 79043 79042 79041 79040 79036
             78901 78900 78898 78870 78768 78767 78766 78765 78764 78762
             78759 78578 78575 78574 78572 78522 78521 78520 78519 78518
             78517 78516 78515 78514 78512 78511 78508 78507 78497 78492
             78488 78487 78481 78477 78476 78475 78474 78466 78449 78444
             78306 78304 78299 78302 78301 78300 78298 78292 78290 78289
             78288 78287 78286 78285 78284 78283 78274 78272 78271 78265
             78262 78261 78260 78259 78258 78256 78254 78251 78252 78248
 CLEO END CAP     8, 0,
               -53     6   -63   -19    -5   -20    -6   -29
 XFR SEPT POS     4, 0,
                 0     1   328     0
 XFR SEPT TLT     4, 0,
                -1    -1   282     0
 CSR LUMCALIB    10, 0,
              4280  4184  3100  3100     0     0     0     0     0     0
 CSR POLARITY     5, 0,
                 1     2     5     0     0
 CSR ROTQ TLT     2, 0,
               241   225
 CSR ROTQ POT    35, 0,
                 0     0     0     0     0     0     0    -1     0     0
                 0     0     0     0     0     0     0     0     0     0
                 0     0    -1     0     0     0     0     0     0     0
              1997     0     0     0     0
 CSR ROTQ RD     42, 0,
                -1    -1  2550  2550  2550    -1    -1  2550  2550  2550
                -1    -1  2550  2550  2550    -1    -1  2550  2550  2550
                 2    -1  2552  2551  2550     2     3  2552  2552  2405
                 0     0    -4     0    -2     0    -2     0    -2     0
                 0     0
 CSR TEMP MON    24, 0,
               237     0     0     0     0   280   352   407   287   302
               320   337   397   280   297   337   320   255   275   327
               340   332   265   350
 CSR ANYTHING     4, 0,
                 0     0     0   474
 CSR QTUNEING    20, -1, 7,
                  0      0      0      0 -10108   8620  -4411   1779      0      0
                  0      0      0      0      0      0      0      0      0      0
 CSR QTANTING    20, 0,
                 0     0     0     0     0   320     0     0     0     0
                 0     0     0     0     0     0     0     0     0     0
 COE QTUNEING   200, 0,
              1000     0     0     0     0     0     0     0     0     0
              1000     0     0     0     0     0     0     0     0     0
              1000     0     0     0     0     0     0     0     0     0
              1000     0     0     0     0     0   837   690    29     0
               500   125    50    12     0     0     0     0     0     0
               500   150    50    12     0     0     0     0     0     0
               500   500    50    50     0     0     0     0     0     0
               500  -500    50   -50     0     0     0     0     0     0
              1000  1000 -1700     0     0     0     0     0     0     0
              1000  1000     0     0     0     0     0     0     0     0
              1000  1000     0     0     0     0     0     0     0     0
              1000   900     0     0     0     0     0     0     0     0
               837   687    12     0     0     0     0     0     0     0
               500   150     0     0     0     0     0     0     0     0
              1000    55     0     0     0     0     0     0     0     0
              1000    12     0     0     0     0     0     0     0     0
               500     0     0     0     0     0     0     0     0     0
               300  1000     0     0     0     0     0     0     0     0
                 0     0     0     0     0     0     0     0     0     0
                 0     0     0     0     0     0     0     0     0     0
 CSR PRETZING    16, 0,
              1705     0     0  -273  -397     0     0     0     0     0
               -13     0   417     0     0     0
 CSR SQUADING    30, 0,
                 0     0     0     0     0     0     0     0     0     0
                 0     0     0     0     0     0     0     0     0     0
                 0     0     0     0     0     0     0     0     0     0
 CSR VBUMPING    81, 0,
                 0     0     0     0     0     0     0     0     0     0
                 0     0     0     0     0   -52     7    56   -29   -44
                 0     0    14    51     0   -15     0    17     0     0
                 0    75     0     0     0     0     0     0     0     0
                 0     0     0     0     0     0     0     0     0     0
                 0    -7    19     0     0     0     0    33     0     0
                 0     0     0     0     0     0     0     0     0     0
                 0     0     0     0     0     0     0     0     0     0
                 0
 CSR VBLIMING     4, 0,
                 0   450     0     0
 CHS CBUMPING    30, 0,
                 0     0     0     0     0     0     0     0     0     0
               -69     0    18     0     0     0   131    -7     7     0
               -31     0    91     0     0     0     0     0     0     0
 CSR HBUMPING    96, 0,
                 0     0     0     0     0     0     0     0     0     0
                 0     0     0     0     0     0     0     0     0     0
                 0     0     0     0     0     0     0     0     0     0
                 0     0     0     0     0     0     0     0     0     0
                 0     0     0     0     0     0     0     0     0     0
                 0     0     0     0     0     0     0     0     0     0
                 0     0     0     0     0     0     0     0     0     0
                 0     0     0     0     0     0     0     0     0     0
                 0     0     0     0     0     0     0     0     0     0
                 0     0     0     0     0     0
 CSR HBLIMING    24, 0,
              1223  1902  1405 -2506     0 -1303     0     0     0     0
                 0     0     0     0     0     0     0     0     0     0
                 0     0     0     0
 CSR HBLMPING    54, 0,
                 0     0     0    50     0     0    49     0     0     0
                 0     0     0     0     0     0     0     0     0     0
                 0     0     0     0     0     0     0     0     0     0
                 0     0     0     0     0     0     0     0     0     0
                 0     0     0     0     0     0     0     0     0     0
                 0     0     0     0
 CSR XQUNEING    45, 0,
               825  -114    -1   -85     0     0     0     0     0     0
                 0     0     0     0     0     0     0     0     0     0
                 0     0     0     0     0     0     0     0     0     0
                 0     0     0     0     0     0     0     0     0     0
                 0     0     0     0     0
 CSR XQANTING    45, 0,
                 0     0     0     0     0     0     0     0     0     0
                 0     0     0     0     0     0     0     0     0     0
                 0     0     0     0     0     0     0     0     0     0
                 0     0     0     0     0     0     0     0     0     0
                 0     0     0     0     0
 CSR BBDIPING     3, 0,
                 0     0     0
 CSR COUPLING    10, 0,
                 0     0     0     0     0     0     0     0     0     0
 CSR VBSAVING    20, 0,
                 0     0     0     0     0     0     0     0     0     0
                 0     0     0     0     0     0     0     0     0     0
 COE VBSAVING   120, 0,
              1614  2634  1832     0     0     0  1599  2632  1832     0
                 0     0     0     0     0     0     0     0     0     0
                 0     0     0     0     0     0     0     0     0     0
                 0     0     0     0     0     0     0     0     0     0
                 0     0     0     0     0     0     0     0     0     0
                 0     0     0     0     0     0     0     0     0     0
                 0     0     0     0     0     0     0     0     0     0
                 0     0     0     0     0     0     0     0     0     0
                 0     0     0     0     0     0     0     0     0     0
                 0     0     0     0     0     0     0     0     0     0
                 0     0     0     0     0     0     0     0     0     0
                 0     0     0     0     0     0     0     0     0     0
 LOC VBSAVING   120, 0,
                 5     9    13     0     0     0    94    90    86     0
                 0     0     0     0     0     0     0     0     0     0
                 0     0     0     0     0     0     0     0     0     0
                 0     0     0     0     0     0     0     0     0     0
                 0     0     0     0     0     0     0     0     0     0
                 0     0     0     0     0     0     0     0     0     0
                 0     0     0     0     0     0     0     0     0     0
                 0     0     0     0     0     0     0     0     0     0
                 0     0     0     0     0     0     0     0     0     0
                 0     0     0     0     0     0     0     0     0     0
                 0     0     0     0     0     0     0     0     0     0
                 0     0     0     0     0     0     0     0     0     0
 CSR HBSAVING    20, 0,
              -600  1000     0 -1000     0     0   101   235     0     0
                 0     0     0     0     0     0     0     0    99     0
 COE HBSAVING   120, -1, 7,
               1649   -401  -1163      0      0      0   1510  -1372  -1332      0
                  0      0   7245  -1944   8354      0      0      0    517  -1557
               1488      0      0      0   1000  -1616   2524      0      0      0
               4180  -3886   4227      0      0      0  -4971   2854   4359      0
                  0      0    947  10000  -4506      0      0      0  10000  -7137
               1598      0      0      0   4916  -1371   2049      0      0      0
                  0      0      0      0      0      0      0      0      0      0
                  0      0      0      0      0      0      0      0      0      0
                  0      0      0      0      0      0      0      0      0      0
                  0      0      0      0      0      0      0      0      0      0
                  0      0      0      0      0      0      0      0   1000   -260
               -971      0      0      0   2489 -10000   8945      0      0      0
 LOC HBSAVING   120, 0,
             10014 10030 10032     0     0     0 10079 10087 10091     0
                 0     0 20005    96    98     0     0     0 10067 10069
             10079     0     0     0 20006    94    98     0     0     0
             20005 20006    96     0     0     0 10003 10004 10009     0
                 0     0 10004 10009 10010     0     0     0 10009 10010
             10012     0     0     0 10009 10012 10014     0     0     0
                 0     0     0     0     0     0     0     0     0     0
                 0     0     0     0     0     0     0     0     0     0
                 0     0     0     0     0     0     0     0     0     0
                 0     0     0     0     0     0     0     0     0     0
                 0     0     0     0     0     0     0     0    73    71
                63     0     0     0    98    97    96     0     0     0
 CHS PM WIGRD    10, 0,
                 0     1     0     1     0     0     1     1     1     0
 CHS WJAW RD      4, 0,
              1744  1751    -5  2007
 CSR VCROSING    10, 0,
                 0     0     0   563    10  2271    97     0     0     0
 CSR SA SAVE      8, 0,
                 0     0     0     0     0     0     0     0
 CSR ENERGY       7, 0,
              4717  4717  4730  4730  4717  4730  5289
 CLEO BUMPING    20, 0,
                 0     0     0     0     0     0     0     0     0     0
                 0     0     0     0     0     0     0     0     0     0
 CRF FREQ CON     2, 0,
                 0     1
 CSR NMR READ     4, 0,
                23 36936    73 13110
 CSR ANLGRSTA     9, 0,
                 0     0     0     0     0     0     0     0     0
 CSR ANLGRSTB     8, 0,
                 0   999     0    24     0     0     0     0
 CHS FEED OFF     2, 0,
                 0     0
 CSR BETASING    10, 0,
              1500  1000   162     0     0     0     0     0     0     0
 TIM CESR        20, -1, 7,
              -6894   3317    300 -98500      0      0  76125      0      2      0
                 -2   2959      0      0      0      0      0      0      0      0
 CSR HPHASING    80, 0,
                 0     0     0     0     0     0     0     0     0     0
                 0     0     0     0     0     0     0     0     0     0
                 0     0     0     0     0     0     0     0     0     0
                 0     0     0     0     0     0     0     0     0     0
                 0     0     0     0     0     0     0     0     0     0
                 0     0     0     0     0     0     0     0     0     0
                 0     0     0     0     0     0     0     0     0     0
                 0     0     0     0     0     0     0     0     0     0
 CSR HPHASSYM    80, 0,
                 0     0     0     0     0     0     0     0     0     0
                 0     0     0     0     0     0     0     0     0     0
                 0     0     0     0     0     0     0     0     0     0
                 0     0     0     0     0     0     0     0     0     0
                 0     0     0     0     0     0     0     0     0     0
                 0     0     0     0     0     0     0     0     0     0
                 0     0     0     0     0     0     0     0     0     0
                 0     0     0     0     0     0     0     0     0     0
 CSR HPHASANT    80, 0,
                 6     0     0     0   500     0     0     0     0     0
                 0     0     0     0     0     0     0     0     0     0
                 0     0     0     0     0     0     0     0     0     0
                 0     0     0     0     0     0     0     0    92     0
               -47     0  -500     0     0     0     0     0     0     0
              -100     0     0     0     0     0     0     0     0     0
                 0     0     0     0     0     0   225     0     0     0
                 0     0     0     0     0     0     0     0     0     0
 CSR VPHASING    80, 0,
                 0     0     0     0     0     0     0     0     0     0
                 0     0     0     0     0     0     0     0     0     0
                 0     0     0     0     0     0     0     0     0     0
                 0     0     0     0     0     0     0     0     0     0
                 0     0     0     0     0     0     0     0     0     0
                 0     0     0     0     0     0     0     0     0     0
                 0     0     0     0     0     0     0     0     0     0
                 0     0     0     0     0     0     0     0     0     0
 CSR VPHASSYM    80, 0,
                 0     0     0     0     0     0     0     0     0     0
                 0     0     0     0     0     0     0     0     0     0
                 0     0     0     0     0     0     0     0     0     0
                 0     0     0     0     0     0     0     0     0     0
                 0     0     0     0     0     0     0     0     0     0
                 0     0     0     0     0     0     0     0     0     0
                 0     0     0     0     0     0     0     0     0     0
                 0     0     0     0     0     0     0     0     0     0
 CSR VPHASANT    80, 0,
                 0     0     0     0     0     0     0     0     0     0
                 0     0     0     0     0     0     0     0     0     0
                 0     0     0     0     0     0     0     0     0     0
                 0     0     0     0     0     0     0     0     0     0
               -64     0     0     0     0     0   498     0     0     0
                 0     0     0     0     0     0     0     0     0     0
                 0     0     0     0     0     0     0     0     0     0
                 0     0     0     0     0     0     0     0     0     0
 CSR OCTUPING     8, 0,
               197     0     0  -200     0     0     0     0
 CSR HSCR POT     4, 0,
               143    71     0     0
 RELATED SETS    20, 0,
             79326 79673 79734 79633 79733 79732 79729     0     0     0
                 0     0     0     0     0     0     0     0     0     0
