 Version 1.0  Save set taken   12/19/2001   19:56:16                    
                                                                        
 CSR LATTICE     10,    40,
 CESRC_3S_V2                             
 DIMAT                                   
     0.0172,    1.8749,    0.0055,       
 4                                       
    -1.1343,    0.5519,                  
     5.2890,                             
 7                                       
 8                                       
 9                                       
 A                                       
 CSR HSP VOLT     6, 0,
               969     0  1318  1318     0  1011
 CSR HSP VVAL    12, 0,
               492   491     0     0   663   662   669   663     0     0
               506   507
 CSR HSP MAIL    40, 0,
              1526  1440     0     0     0     0     0     0     0     0
                 0     0     0     0     0     0     0     0     0     0
                 0     0     0     0     0     0     0     0     0     0
                 0     0     0     0     0     0     0     0     0     0
 SYN MAG CUR      1, 0,
             39642
 CSR HBND CUR     6, 0,
              6162  3733  1221  2176  3680  5001
 CSR HORZ CUR    98, 0,
               901  -482  -294   -88     0     0    82     0  -762  1335
                 0 -1205     0   450     0   939     0   253     0   399
                 0    65     0   272     0   134     0  -182     0   774
                 0    77     0  -310     0   114     0    32     0   731
                 0  1041     0 -2705     0  2661   141     0   996  1998
                 0   502 -2382     0  1501     0 -1124     0   764     0
              -211     0  -312     0  -285     0  -257     0  -230     0
              -269     0  -349     0  -391     0  -831     0  -179     0
              -446     0  -101     0   180     0  -395     0   337     0
              -718     0     0     0   845  -173  -251   230
 CSR VERT CUR    98, 0,
             -2564 -1087     0   544   168  -752  1863  -134   364   141
              -346     0  -363     0   416     0   107     0   109     0
               -74     0  -347     0   185     0   326     0   -60     0
               234     0  -154     0  -432     0  -151     0  -213     0
              -249     0  -263     0   130     0   679 -1227   136  -804
               -89 -2253     0  1270     0    70     0    74     0    30
                 0   224     0   211   -39  -319     0  -109     0   147
                 0  -112     0  -205     0   304     0    73     0   -78
                 0  -105     0     4     0  -398     0   214     0   508
             -1695  -289  -867  2867  -497     0  -982  -763
 CHS VERT CUR     1, 0,
                 0
 CSR QUAD CUR    98, 0,
                 0     0 16760 39609 27271 32728 21763 12073 11845 19616
             16694 20863 16517 20248 17490 20174 20153 18817 24014 16871
             21269 19641 19180 19224 23288 19191 22788 18780 17258 18348
             15570 14790 14654 17593 12598 15580 17169 18552 15291 17357
             16143 17316 19212 16635 22098 19250 30606 49999 19022 18893
             49999 30857 19312 22154 16738 19208 17364 16035 17290 15055
             18636 17443 15599 12628 17678 14943 14813 15476 18291 17272
             18982 22839 19201 23313 19352 19287 19608 21295 17098 23867
             18537 20113 20131 17114 21310 16123 22423 18281 17934 13920
             13037 21349 33070 26435 37789 17342     0     0
 CSR QADD CUR     7, 0,
              3955 27449 27298  3894 18309 18286  1208
 CSR AQUADCON     2, 0,
                 0   175
 CSR SEXT CUR    98, 0,
                 0     0     0     0     0     0     0   109   659   152
               412   381   320    99   697   247   411   245   682   385
               700   715  1413   381   936   503  1169   271   444   295
               413   282   832   542   990   495   879   509  1138   735
              1747   309   461    13   113     0     0     0     0     0
                 0     0     0   144   417    21    86   865   641  1235
               627  1388   609   766   462   588   297   357   301   397
               202   844   381   422   275  1253   633   646   269   668
               279   376   166   600    69    83  -175   -37    67   472
               123     0     0     0     0     0     0     0
 SCIR SKSXCUR     1, 0,
                 0
 CHS UND VERT     2, 0,
                 0     0
 CHS UND HORZ     2, 0,
                 0     0
 CSR OCTU CUR     4, 0,
             -1067  2800     0   184
 CSR SQEWQUAD    98, 0,
                 0  2995  2563     0     0     0     0     0     0     0
                 0     0     0     0     0     0     0     0     0     0
                 0     0     0     0     0     0     0     0     0     0
                 0     0     0     0     0     0     0     0     0     0
                 0     0     0     0     0     0     0     0     0     0
                 0     0     0     0     0     0     0     0     0     0
                 0     0     0     0     0     0     0     0     0     0
                 0     0     0     0     0     0     0     0     0     0
                 0     0     0     0     0     0     0     0     0     0
                 0     0  -160     0   100  2701  2952     0
 CSR SQEWSEXT     4, 0,
                 0  -574  -553  1714
 EXF BEND CUR     5, 0,
             28541     0 32368     0 28293
 EXF HORZ CUR     1, 0,
             -3640
 EXF VERT CUR     3, 0,
               679 -1299 -1003
 EXF QUAD CUR     5, 0,
             40451 41816 17253  6482  4817
 WXF BEND CUR     2, 0,
             34432 35628
 WXF HORZ CUR     1, 0,
             -2857
 WXF VERT CUR     3, 0,
                82    83    14
 WXF QUAD CUR     5, 0,
             45513 40777  8557 10119 13822
 EXF BUMP HV      7, 0,
               307    42    -1     0   263     0   187
 EXF BUMP VAR     6, 0,
               816    91   561     0     0    -1
 EXF KICK HV      1, 0,
               600
 EXF KICK CUR     1, 0,
               601
 EXF PING HV      1, 0,
               222
 EXF PING VAR     1, 0,
               157
 EXF SEPT CUR     3, 0,
               786  1833  1141
 WXF BUMP HV      4, 0,
               547   111   609   501
 WXF BUMP VAR     3, 0,
                -1   106   737
 WXF KICK HV      1, 0,
               520
 WXF KICK CUR     1, 0,
               712
 WXF PING HV      2, 0,
                 0    77
 WXF SEPT CUR     3, 0,
               294   788  1734
 CSR XFR TIME     5, 0,
                60    60    60    60     0
 TIM TRANSFER    23, -1, 7,
                 80 187517  21616  19667      0  22127  22104  22148  18141  15902
                  0  17992  17973  18002      0      0  18573  18573  18007      0
                  0      0     27
 CSR QSCANBOX    40, 0,
                 0     0     0     0     0     0     0     0     0     0
                 0     0     0     0     0     0     0     0     0     0
                 0     0     0     0     0     0     0     0     0     0
                 0     0     0     0     0     0     0     0     0     0
 CSRSYLTP CON     6, 0,
               432   201   667  1023     0     0
 CSRSYLTE CON     6, 0,
               680   672   815  1023     0     0
 CSRSYLTOUCHY     4, 0,
               283   627   419   399
 CSR HSCR CON    10, 0,
                 0     0     0     0     0     0     0     0     0     0
 CSR VSP VOLT     6, 0,
              -449   449  1673  1273  1671  1271
 CSR VSP CON      7, 0,
                 0   239     0     0     0     0     0
 CSR VSP VAR      2, 0,
                 0     0
 CSR SAVRECRD   100, 0,
             77611 77610 77608 77607 77604 77603 77602 77601 77600 77599
             77597 77596 77595 77594 77593 77592 77591 77590 77523 77502
             77501 77500 77495 77494 77491 77490 77488 77487 77486 77485
             77484 77454 77350 77349 77347 77347 77346 77345 77344 77327
             77326 77325 77322 77307 77306 77304 77275 77274 77273 77270
             77260 77259 77252 77250 77249 76936 76935 76934 76933 76930
             76928 76925 76924 76923 76922 76921 76920 76919 76918 76917
             76916 76913 76910 76909 76902 76901 76900 76899 76898 76897
             76896 76895 76894 76893 76892 76875 76890 76880 76875 76863
             76862 76860 76860 76859 76825 76824 76823 76822 76821 76820
 CLEO END CAP     8, 0,
              -342    -1  -297   -61    -6  -109    -8  -103
 XFR SEPT POS     4, 0,
                -1    -1   328     0
 XFR SEPT TLT     4, 0,
                 0     1   281     0
 CSR LUMCALIB    10, 0,
              4280  4184  3100  3100     0     0     0     0     0     0
 CSR POLARITY     5, 0,
                 1     2     4     0     0
 CSR ROTQ TLT     2, 0,
               142    66
 CSR ROTQ POT    35, 0,
                 0     0     0     0     0     0     0     0     0     0
                 0     0     0     0     0     0     0     0     0     0
                 0     0    -1     0     0     0     0     0     0     0
              1996     0     0     0     0
 CSR ROTQ RD     42, 0,
                -1    -1  2550  2550  2550    -1    -1  2550  2550  2550
                -1    -1  2550  2550  2550    -1    -1  2550  2550  2550
                 2   -17  2552  2550  2550     2     3  2552  2552  2366
                 0     0    -4     0    -3     0    -2     0    -3     0
                 0     0
 CSR TEMP MON    24, 0,
               252     0     0     0     0   300   405   475   317   332
               365   387   452   300   340   390   297   257   285   405
               437   425   270   392
 CSR ANYTHING     4, 0,
                 0     0     0   474
 CSR QTUNEING    20, 0,
                 0     0     0     0 -6545  8730  1059  2001     0     0
                 0     0     0     0     0     0     0     0     0     0
 CSR QTANTING    20, 0,
                 0     0     0     0     0   320     0     0     0     0
                 0     0     0     0     0     0     0     0     0     0
 COE QTUNEING   200, 0,
              1000     0     0     0     0     0     0     0     0     0
              1000     0     0     0     0     0     0     0     0     0
              1000     0     0     0     0     0     0     0     0     0
              1000     0     0     0     0     0   837   690    29     0
               500   125    50    12     0     0     0     0     0     0
               500   150    50    12     0     0     0     0     0     0
               500   500    50    50     0     0     0     0     0     0
               500  -500    50   -50     0     0     0     0     0     0
              1000  1000 -1700     0     0     0     0     0     0     0
              1000  1000     0     0     0     0     0     0     0     0
              1000  1000     0     0     0     0     0     0     0     0
              1000   900     0     0     0     0     0     0     0     0
               837   687    12     0     0     0     0     0     0     0
               500   150     0     0     0     0     0     0     0     0
              1000    55     0     0     0     0     0     0     0     0
              1000    12     0     0     0     0     0     0     0     0
               500     0     0     0     0     0     0     0     0     0
               300  1000     0     0     0     0     0     0     0     0
                 0     0     0     0     0     0     0     0     0     0
                 0     0     0     0     0     0     0     0     0     0
 CSR PRETZING    16, 0,
              2900     0    -4  -274   375     0     0     0     0     0
               -97     0    67     0     0     0
 CSR SQUADING    30, 0,
                 0     0     0     0     0     0     0     0     0     0
                 0     0     0     0     0     0     0     0     0     0
                 0     0     0     0     0     0     0     0     0     0
 CSR VBUMPING    81, 0,
                 0   -94     0  -109     0     0    57    41     0     0
                 0   178     0   -33   124   -25   -74   -57     0     0
                48   -44     0    17    20   -39    -5    54    -4   -10
                -9     0   -53    59     0   406    27     0  -101   -85
                 0    53     0    10     0    -2     0     0     7     0
                 0   -37   -13   -15     0     4     0     0   -35     0
                 0     0    32     0     0     0   189     0     0     0
              -320     0   -46     0     0     0     0   -87     0     0
                 0
 CSR VBLIMING     4, 0,
                34   466     0     0
 CHS CBUMPING    30, 0,
                 0     0     0     0     0     0     0     0     0     0
                 0     0     0     0     0     0   -12    41     0     0
                62     0    50     0     0     0     0     0     0     0
 CSR HBUMPING    96, 0,
                 0     0     0     0     0     0     0     0     0     0
                 0     0     0     0     0     0     0     0     0     0
                 0  -252     0     0     0     0     0     0     0     0
                 0     0     0     0     0     0     0     0     0   459
                 0     0     0     0     0     0     0     0     0     0
                 0     0     0     0     0     0  -190     0     0     0
                 0     0     0   157     0     0  -567     0     0     0
                 0     0     0  -120     0     0     0     0     0     0
                 0     0     0     0     0     0     0     0     0     0
                 0     0     0     0     0     0
 CSR HBLIMING    24, 0,
              1818  1743  1502 -2672     0 -1539     0     0     0     0
                 0     0     0     0     0     0     0     0     0     0
                 0     0     0     0
 CSR HBLMPING    54, 0,
                 0     0     0    50     0     0    49     0     0     0
                 0     0     0     0     0     0     0     0     0     0
                 0     0     0     0     0     0     0     0     0     0
                 0     0     0     0     0     0     0     0     0     0
                 0     0     0     0     0     0     0     0     0     0
                 0     0     0     0
 CSR XQUNEING    45, 0,
               259  -100   -61   -51     0     0     0     0     0     0
                 0     0     0     0     0     0     0     0     0     0
                 0     0     0     0     0     0     0     0     0     0
                 0     0     0     0     0     0     0     0     0     0
                 0     0     0     0     0
 CSR XQANTING    45, 0,
                 0     0     0     0     0     0     0     0     0     0
                 0     0     0     0     0     0     0     0     0     0
                 0     0     0     0     0     0     0     0     0     0
                 0     0     0     0     0     0     0     0     0     0
                 0     0     0     0     0
 CSR BBDIPING     3, 0,
                 0     0     0
 CSR COUPLING    10, 0,
                 0     0     0     0     0     0     0     0     0     0
 CSR VBSAVING    20, 0,
                 0     0     0     0     0     0     0     0     0     0
                 0     0     0     0     0     0     0     0     0     0
 COE VBSAVING   120, 0,
              1614  2634  1832     0     0     0  1599  2632  1832     0
                 0     0     0     0     0     0     0     0     0     0
                 0     0     0     0     0     0     0     0     0     0
                 0     0     0     0     0     0     0     0     0     0
                 0     0     0     0     0     0     0     0     0     0
                 0     0     0     0     0     0     0     0     0     0
                 0     0     0     0     0     0     0     0     0     0
                 0     0     0     0     0     0     0     0     0     0
                 0     0     0     0     0     0     0     0     0     0
                 0     0     0     0     0     0     0     0     0     0
                 0     0     0     0     0     0     0     0     0     0
                 0     0     0     0     0     0     0     0     0     0
 LOC VBSAVING   120, 0,
                 5     9    13     0     0     0    94    90    86     0
                 0     0     0     0     0     0     0     0     0     0
                 0     0     0     0     0     0     0     0     0     0
                 0     0     0     0     0     0     0     0     0     0
                 0     0     0     0     0     0     0     0     0     0
                 0     0     0     0     0     0     0     0     0     0
                 0     0     0     0     0     0     0     0     0     0
                 0     0     0     0     0     0     0     0     0     0
                 0     0     0     0     0     0     0     0     0     0
                 0     0     0     0     0     0     0     0     0     0
                 0     0     0     0     0     0     0     0     0     0
                 0     0     0     0     0     0     0     0     0     0
 CSR HBSAVING    20, 0,
              -600  1000     0 -1000     0     0   101   235     0     0
                 0     0     0     0     0     0     0     0    99     0
 COE HBSAVING   120, -1, 7,
               1649   -401  -1163      0      0      0   1510  -1372  -1332      0
                  0      0   7245  -1944   8354      0      0      0    517  -1557
               1488      0      0      0   1000  -1616   2524      0      0      0
               4180  -3886   4227      0      0      0  -4971   2854   4359      0
                  0      0    947  10000  -4506      0      0      0  10000  -7137
               1598      0      0      0   4916  -1371   2049      0      0      0
                  0      0      0      0      0      0      0      0      0      0
                  0      0      0      0      0      0      0      0      0      0
                  0      0      0      0      0      0      0      0      0      0
                  0      0      0      0      0      0      0      0      0      0
                  0      0      0      0      0      0      0      0   1000   -260
               -971      0      0      0   2489 -10000   8945      0      0      0
 LOC HBSAVING   120, 0,
             10014 10030 10032     0     0     0 10079 10087 10091     0
                 0     0 20005    96    98     0     0     0 10067 10069
             10079     0     0     0 20006    94    98     0     0     0
             20005 20006    96     0     0     0 10003 10004 10009     0
                 0     0 10004 10009 10010     0     0     0 10009 10010
             10012     0     0     0 10009 10012 10014     0     0     0
                 0     0     0     0     0     0     0     0     0     0
                 0     0     0     0     0     0     0     0     0     0
                 0     0     0     0     0     0     0     0     0     0
                 0     0     0     0     0     0     0     0     0     0
                 0     0     0     0     0     0     0     0    73    71
                63     0     0     0    98    97    96     0     0     0
 CHS PM WIGRD    10, 0,
                 0     1     1     1     0     0     1     1     1     0
 CHS WJAW RD      4, 0,
              1744  1751    -4  2007
 CSR VCROSING    10, 0,
              -200  -200     0   449    -1  2500   127     0     0     0
 CSR SA SAVE      8, 0,
                 0     0     0     0     0     0     0     0
 CSR ENERGY       7, 0,
              5180  5290  5296  5289  5181  5289  5289
 CLEO BUMPING    20, 0,
                 0     0     0     0     0     0     0     0     0     0
                 0     0     0     0     0     0     0     0     0     0
 CRF FREQ CON     2, 0,
                 0     1
 CSR NMR READ     4, 0,
                25 26247    84  5526
 CSR ANLGRSTA     9, 0,
                 0     0     0     0     0     0     0     0     0
 CSR ANLGRSTB     8, 0,
                 0   999     0    24     0     0     0     0
 CHS FEED OFF     2, 0,
                 0     0
 CSR BETASING    10, 0,
              1075  1000   487    75   149     0     0     0     0     0
 TIM CESR        20, -1, 7,
              11543   3317    300 -98500      0      0  76125      0      2      0
                 -2   2959      0      0      0      0      0      0      0      0
 CSR HPHASING    80, 0,
                 0     0     0     0     0     0     0     0     0     0
                 0     0     0     0     0     0     0     0     0     0
                 0     0     0     0     0     0     0     0     0     0
                 0     0     0     0     0     0     0     0     0     0
                 0     0     0     0     0     0     0     0     0     0
                 0     0     0     0     0     0     0     0     0     0
                 0     0     0     0     0     0     0     0     0     0
                 0     0     0     0     0     0     0     0     0     0
 CSR HPHASSYM    80, 0,
                 0     0     0     0     0     0     0     0     0     0
                 0     0     0     0     0     0     0     0     0     0
                 0     0     0     0     0     0     0     0     0     0
                 0     0     0     0     0     0     0     0     0     0
                 0     0     0     0     0     0     0     0     0     0
                 0     0     0     0     0     0     0     0     0     0
                 0     0     0     0     0     0     0     0     0     0
                 0     0     0     0     0     0     0     0     0     0
 CSR HPHASANT    80, 0,
                 6     0     0     0   500     0     0     0     0     0
                 0     0     0     0     0     0     0     0     0     0
                 0     0     0     0     0     0     0     0     0     0
                 0     0     0     0     0     0     0     0    92     0
               -47     0  -500     0     0     0     0     0     0     0
              -100     0     0     0     0     0     0     0     0     0
                 0     0     0     0     0     0   225     0     0     0
                 0     0     0     0     0     0     0     0     0     0
 CSR VPHASING    80, 0,
                 0     0     0     0     0     0     0     0     0     0
                 0     0     0     0     0     0     0     0     0     0
                 0     0     0     0     0     0     0     0     0     0
                 0     0     0     0     0     0     0     0     0     0
                 0     0     0     0     0     0     0     0     0     0
                 0     0     0     0     0     0     0     0     0     0
                 0     0     0     0     0     0     0     0     0     0
                 0     0     0     0     0     0     0     0     0     0
 CSR VPHASSYM    80, 0,
                 0     0     0     0     0     0     0     0     0     0
                 0     0     0     0     0     0     0     0     0     0
                 0     0     0     0     0     0     0     0     0     0
                 0     0     0     0     0     0     0     0     0     0
                 0     0     0     0     0     0     0     0     0     0
                 0     0     0     0     0     0     0     0     0     0
                 0     0     0     0     0     0     0     0     0     0
                 0     0     0     0     0     0     0     0     0     0
 CSR VPHASANT    80, 0,
                 0     0     0     0     0     0     0     0     0     0
                 0     0     0     0     0     0     0     0     0     0
                 0     0     0     0     0     0     0     0     0     0
                 0     0     0     0     0     0     0     0     0     0
               -64     0     0     0     0     0   498     0     0     0
                 0     0     0     0     0     0     0     0     0     0
                 0     0     0     0     0     0     0     0     0     0
                 0     0     0     0     0     0     0     0     0     0
 CSR OCTUPING     8, 0,
               197     0     0  -200     0     0     0     0
 CSR HSCR POT     4, 0,
               143    71     0     4
 RELATED SETS    20, 0,
             77318 77320 77611 77589 77587 77588 77251     0     0     0
                 0     0     0     0     0     0     0     0     0     0
