 Version 1.0  Save set taken    5/28/2002   15:34:22                    
                                                                        
 CSR LATTICE     10,    40,
 2S                                      
 DIMAT                                   
     0.0158,    0.8897,   -0.0003,       
 4                                       
    -1.8817,   -0.7167,                  
     4.7300,                             
 7                                       
 8                                       
 9                                       
 A                                       
 CSR HSP VOLT     6, 0,
               574     0   704   714     0   565
 CSR HSP VVAL    12, 0,
               288   288     0     0   354   353   360   357     0     0
               284   284
 CSR HSP MAIL    40, 0,
              1526  1440     0     0     0     0     0     0     0     0
                 0     0     0     0     0     0     0     0     0     0
                 0     0     0     0     0     0     0     0     0     0
                 0     0     0     0     0     0     0     0     0     0
 SYN MAG CUR      1, 0,
             37229
 CSR HBND CUR     6, 0,
              4108  3441  1964  2382  3819  4710
 CSR HORZ CUR    98, 0,
              -302    -1  -105   -43     0     0   -41     0    -5    75
                 0   -88     0   542     0   562     0   424     0   772
                 0    32     0   206     0  -313     0   -49     0   690
                 0   166     0  -565     0   230     0   238     0   646
                 0   293     0   -90     0  -272   226     0   851  1735
                 0   534  -962     0  -722     0  -266     0   787     0
                29     0  -467     0   -80     0  -201     0  -303     0
                68     0  -272     0  -214     0  -470     0  -283     0
              -251     0   -91     0   200     0   -60     0  -127     0
               -57     0     0     0   -27  -480 -1521   919
 CSR VERT CUR    98, 0,
              -744  -383     0     0  -249   -81   299   324    52    65
              -120     0  -495     0   485     0    57     0   109     0
              -152     0  -371     0   121     0   288     0     3     0
                74     0  1334     0 -1857     0   732     0  -199     0
              -175     0  -346     0  -307     0   192  -349 -1001 -1606
              -712  -595     0   566     0   526     0  -198     0    29
                 0   243     0   151   -14  -172     0  -159     0   229
                 0  -241     0  -343     0   172     0   -82     0    34
                 0  -113     0    31     0  -406     0   158     0  -321
              -111   -84   -56  -123  -107     0   213   548
 CHS VERT CUR     1, 0,
                 0
 CSR QUAD CUR    98, 0,
                 0     0 17008 38157 26588 31111 21189 12623 12495 18603
             16224 20183 15362 20096 16554 19620 19688 18165 23736 16081
             20685 18975 18653 18914 22541 18585 22295 18123 17265 18491
             14850 14377 14411 16951 12226 14602 16217 18345 14822 16834
             15725 16921 18890 16264 21868 18677 29926 46494 18721 18663
             46341 30012 18801 21888 16354 18861 16936 15690 16928 14696
             18398 16391 14591 12305 17035 14628 14413 14954 18427 17240
             18238 22198 18676 22485 18921 18701 18943 20759 16260 23539
             17933 19538 19554 16625 20238 15643 20387 16502 18402 13319
             11000 19063 32437 26861 38091 17173     0     0
 CSR QADD CUR     7, 0,
              3823 26717 26492  3775 17801 17885     0
 CSR AQUADCON     2, 0,
                 0   175
 CSR SEXT CUR    98, 0,
                 0     0     0     0     0     0     0    73   266   232
               396   168   303   395   904   337   667   472   941   483
               922   841  1704   445   866   797  1589   185   235   519
               643   281   678   368   486   578  1046   522  1078   552
               966   240   162   264   152     0     0     0     0     0
                 0     0     0   144   275   179   245   921   546  1079
               541  1030   574   505   385   683   292   661   513   206
               155  1561   773   839   417  1721   829   949   458   962
               516   622   365   885   414   306   141   383   234   268
                44     0     0     0     0     0     0     0
 SCIR SKSXCUR     1, 0,
                 0
 CHS UND VERT     2, 0,
                 0     0
 CHS UND HORZ     2, 0,
                 0     0
 CSR OCTU CUR     4, 0,
              -411   552   459     0
 CSR SQEWQUAD    98, 0,
                 0  3131  3200  1725     0   542     0     0     0     0
                 0     0     0     0     0     0     0     0     0     0
                 0     0     0     0     0     0     0     0     0     0
                 0     0     0     0     0     0     0     0     0     0
                 0     0     0     0     0     0     0     0     0     0
                 0     0     0     0     0     0     0     0     0     0
                 0     0     0     0     0     0     0     0     0     0
                 0     0     0     0     0     0     0     0     0     0
                 0     0     0     0     0     0     0     0     0     0
                 0     0    20     0 -2164  3097  3186     0
 CSR SQEWSEXT     4, 0,
                 0     0     0     0
 WXF BEND CUR     2, 0,
             32592 33750
 WXF HORZ CUR     1, 0,
             -2472
 WXF VERT CUR     3, 0,
                -4   146   275
 WXF QUAD CUR     5, 0,
             43100 38612  8104  9581 13090
 EXF PING HV      1, 0,
               412
 EXF PING VAR     1, 0,
               297
 WXF BUMP HV      4, 0,
               399    95   457   336
 WXF BUMP VAR     3, 0,
                 1   154   738
 WXF KICK HV      1, 0,
               520
 WXF KICK CUR     1, 0,
               706
 WXF PING HV      2, 0,
                 0   123
 WXF SEPT CUR     3, 0,
               285   770  1618
 CSR XFR TIME     5, 0,
                60    60    60    60     0
 TIM TRANSFER    25, -1, 7,
                 80 185473  22396  20147     65  22132  22165  22157  17995  15574
                  0  17867  17947  17896      0      0  18573  18573  22439      0
                  0      0     47  10940  12190
 CSR QSCANBOX    40, 0,
                 0     0     0     0     0     0     0     0     0     0
                 0     0     0     0     0     0     0     0     0     0
                 0     0     0     0     0     0     0     0     0     0
                 0     0     0     0     0     0     0     0     0     0
 CSRSYLTP CON     6, 0,
               473   212   512  1023     0     0
 CSRSYLTE CON     6, 0,
               661   679   811  1023     0     0
 CSRSYLTOUCHY     4, 0,
               322   616   430   389
 CSR HSCR CON    10, 0,
                 0     0     0     0     0     0     0     0     0     0
 CSR VSP VOLT     6, 0,
                 0     0     0     0     0     0
 CSR VSP CON      7, 0,
                 0   226     0     0     0     0     0
 CSR VSP VAR      2, 0,
                 0     0
 CSR SAVRECRD   100, 0,
             82521 82520 82429 82386 82361 82360 82289 82288 82286 82278
             82277 82275 82263 82253 82235 82234 82233 82230 82229 82228
             82227 82226 82209 82208 82138 80543 79912 79909 79405 79389
             79109 78876 78873 78647 78555 78548 78293 78135 78128 78127
             78118 78115 78114 78109 78108 78107 78105 78103 78094 78100
             78098 78094 76562 76352 76190 76189 76188 76184 76178 76149
             76135 76129 76106 76103 76101 76099 76098 76096 76095 76094
             76093 76091 76090 76088 76087 76086 76085 76082 76080 76079
             75918 75914 75911 75743 75742 75712 75687 75636 75633 75632
             75627 75625 75622 75618 75614 75612 75608 75607 75606 75605
 CLEO END CAP     8, 0,
                11    14   -19   -10    -3     1    -2   -10
 XFR SEPT POS     4, 0,
                 0     1   328     0
 XFR SEPT TLT     4, 0,
                 0    -1   282     0
 CSR LUMCALIB    10, 0,
              4280  4184  3100  3100     0     0     0     0     0     0
 CSR POLARITY     5, 0,
                 1     1     1     0     0
 CSR ROTQ TLT     2, 0,
               373   375
 CSR ROTQ POT    35, 0,
                 0     0     0     0     0     0     0     0     0     0
                 0     0     0     0     0     0     0     0     0     0
                 0     0     0     0     0     0     0     0     0     0
              1997     0     0     0     0
 CSR ROTQ RD     42, 0,
                -1    -1  2550  2550  2550    -1    -1  2550  2550  2550
                -1    -1  2550  2550  2550    -1    -1  2550  2550  2550
                 2    31  2552  2550  2550     2     3  2552  2552  2485
                 0     0    -4     0    -3     0    -3     0    -3     0
                 0     0
 CSR TEMP MON    24, 0,
               242     0     0     0     0   225   297   305   262   270
               275   272   267   225   262   270   300   262   275   257
               250   247   257   277
 CSR ANYTHING     4, 0,
                 0     0     0   474
 CSR QTUNEING    20, 0,
                 0     0     0     0 -9122 11867 -4411  1779     0     0
                 0     0     0     0     0     0     0     0     0     0
 CSR QTANTING    20, 0,
                 0     0     0     0     0   320     0     0     0     0
                 0     0     0     0     0     0     0     0     0     0
 COE QTUNEING   200, 0,
              1000     0     0     0     0     0     0     0     0     0
              1000     0     0     0     0     0     0     0     0     0
              1000     0     0     0     0     0     0     0     0     0
              1000     0     0     0     0     0   837   690    29     0
               500   125    50    12     0     0     0     0     0     0
               500   150    50    12     0     0     0     0     0     0
               500   500    50    50     0     0     0     0     0     0
               500  -500    50   -50     0     0     0     0     0     0
              1000  1000 -1700     0     0     0     0     0     0     0
              1000  1000     0     0     0     0     0     0     0     0
              1000  1000     0     0     0     0     0     0     0     0
              1000   900     0     0     0     0     0     0     0     0
               837   687    12     0     0     0     0     0     0     0
               500   150     0     0     0     0     0     0     0     0
              1000    55     0     0     0     0     0     0     0     0
              1000    12     0     0     0     0     0     0     0     0
               500     0     0     0     0     0     0     0     0     0
               300  1000     0     0     0     0     0     0     0     0
                 0     0     0     0     0     0     0     0     0     0
                 0     0     0     0     0     0     0     0     0     0
 CSR PRETZING    16, 0,
              1500     0     0     0     0     0     0     0     0     0
                 0     0     0     0     0     0
 CSR SQUADING    30, 0,
                 0     0     0     0     0     0     0     0     0     0
                 0     0     0     0     0     0     0     0     0     0
                 0     0     0     0     0     0     0     0     0     0
 CSR VBUMPING    81, 0,
                 0     0     0     0     0     0     0     0     0     0
                 0     0     0     0     0     0     0     0     0     0
                 0     0     0     0     0     0     0   197   967     0
                 0     0     0     0     0     0     0     0     0     0
                 0     0     0    90     0     0     0     0     0     0
                 0     0     0     0     0     0     0     0     0     0
                 0     0     0     0     0     0     0     0     0     0
                 0     0     0     0     0     0     0     0     0     0
                 0
 CSR VBLIMING     4, 0,
                34   486     0     0
 CHS CBUMPING    30, 0,
                 0     0     0     0     0     0     0     0     0     0
                 0     0     0     0     0     0     0     0     0     0
                 0     0     0     0     0     0     0     0     0     0
 CSR HBUMPING    96, 0,
                 0     0     0     0     0     0     0     0     0     0
                 0     0     0     0     0     0     0     0     0     0
                 0     0     0     0     0     0     0     0     0     0
                 0     0     0     0     0     0     0     0     0     0
                 0     0     0     0     0     0     0     0     0     0
                 0     0     0     0     0     0  -294     0     0     0
                 0     0     0     0     0     0     0     0     0     0
                 0     0     0     0     0     0     0     0     0     0
                 0     0     0     0     0     0     0     0     0     0
                 0     0     0     0     0     0
 CSR HBLIMING    24, 0,
              2697  2051  1502 -2672     0 -1539     0     0     0     0
                 0     0     0     0     0     0     0     0     0     0
                 0     0     0     0
 CSR HBLMPING    54, 0,
                 0     0     0    50     0     0    49     0     0     0
                 0     0     0     0     0     0     0     0     0     0
                 0     0     0     0     0     0     0     0     0     0
                 0     0     0     0     0     0     0     0     0     0
                 0     0     0     0     0     0     0     0     0     0
                 0     0     0     0
 CSR XQUNEING    45, 0,
               180   419     0     0     0     0     0     0     0     0
                 0     0     0     0     0     0     0     0     0     0
                 0     0     0     0     0     0     0     0     0     0
                 0     0     0     0     0     0     0     0     0     0
                 0     0     0     0     0
 CSR XQANTING    45, 0,
                 0     0     0     0     0     0     0     0     0     0
                 0     0     0     0     0     0     0     0     0     0
                 0     0     0     0     0     0     0     0     0     0
                 0     0     0     0     0     0     0     0     0     0
                 0     0     0     0     0
 CSR BBDIPING     3, 0,
                 0     0     0
 CSR COUPLING    10, 0,
                 0     0     0     0     0     0     0     0     0     0
 CSR VBSAVING    20, 0,
                 0     0     0     0     0     0     0     0     0     0
                 0     0     0     0     0     0     0     0     0     0
 COE VBSAVING   120, 0,
              1614  2634  1832     0     0     0  1599  2632  1832     0
                 0     0     0     0     0     0     0     0     0     0
                 0     0     0     0     0     0     0     0     0     0
                 0     0     0     0     0     0     0     0     0     0
                 0     0     0     0     0     0     0     0     0     0
                 0     0     0     0     0     0     0     0     0     0
                 0     0     0     0     0     0     0     0     0     0
                 0     0     0     0     0     0     0     0     0     0
                 0     0     0     0     0     0     0     0     0     0
                 0     0     0     0     0     0     0     0     0     0
                 0     0     0     0     0     0     0     0     0     0
                 0     0     0     0     0     0     0     0     0     0
 LOC VBSAVING   120, 0,
                 5     9    13     0     0     0    94    90    86     0
                 0     0     0     0     0     0     0     0     0     0
                 0     0     0     0     0     0     0     0     0     0
                 0     0     0     0     0     0     0     0     0     0
                 0     0     0     0     0     0     0     0     0     0
                 0     0     0     0     0     0     0     0     0     0
                 0     0     0     0     0     0     0     0     0     0
                 0     0     0     0     0     0     0     0     0     0
                 0     0     0     0     0     0     0     0     0     0
                 0     0     0     0     0     0     0     0     0     0
                 0     0     0     0     0     0     0     0     0     0
                 0     0     0     0     0     0     0     0     0     0
 CSR HBSAVING    20, 0,
              -600  1000     0 -1000     0     0   101   235     0     0
                 0     0     0     0     0     0     0     0    99     0
 COE HBSAVING   120, -1, 7,
               1649   -401  -1163      0      0      0   1510  -1372  -1332      0
                  0      0   7245  -1944   8354      0      0      0    517  -1557
               1488      0      0      0   1000  -1616   2524      0      0      0
               4180  -3886   4227      0      0      0  -4971   2854   4359      0
                  0      0    947  10000  -4506      0      0      0  10000  -7137
               1598      0      0      0   4916  -1371   2049      0      0      0
                  0      0      0      0      0      0      0      0      0      0
                  0      0      0      0      0      0      0      0      0      0
                  0      0      0      0      0      0      0      0      0      0
                  0      0      0      0      0      0      0      0      0      0
                  0      0      0      0      0      0      0      0   1000   -260
               -971      0      0      0   2489 -10000   8945      0      0      0
 LOC HBSAVING   120, 0,
             10014 10030 10032     0     0     0 10079 10087 10091     0
                 0     0 20005    96    98     0     0     0 10067 10069
             10079     0     0     0 20006    94    98     0     0     0
             20005 20006    96     0     0     0 10003 10004 10009     0
                 0     0 10004 10009 10010     0     0     0 10009 10010
             10012     0     0     0 10009 10012 10014     0     0     0
                 0     0     0     0     0     0     0     0     0     0
                 0     0     0     0     0     0     0     0     0     0
                 0     0     0     0     0     0     0     0     0     0
                 0     0     0     0     0     0     0     0     0     0
                 0     0     0     0     0     0     0     0    73    71
                63     0     0     0    98    97    96     0     0     0
 CHS PM WIGRD    10, 0,
                 0     1     0     1     0     0     1     1     1     0
 CHS WJAW RD      4, 0,
              1743  1751    -3  2007
 CSR VCROSING    10, 0,
                 0     0     0     0     0     0  1200     0     0     0
 CSR SA SAVE      8, 0,
                 0     0     0     0     0     0     0     0
 CSR ENERGY       7, 0,
              5017  5013  5012  5017  5013  5013  4730
 CLEO BUMPING    20, 0,
                 0     0     0     0     0     0     0     0     0     0
                 0     0     0     0     0     0     0     0     0     0
 CRF FREQ CON     2, 0,
                 0     1
 CSR NMR READ     4, 0,
                25  1424    82 18706
 CSR ANLGRSTA     9, 0,
                 0     0     0     0     0     0     0     0     0
 CSR ANLGRSTB     8, 0,
                 0   999     0    24     0     0     0     0
 CHS FEED OFF     2, 0,
                 0     0
 CSR BETASING    10, 0,
              1700  1000     0     0     0     0     0     0     0     0
 CSR SCMATING    12, 0,
              -250  1000  1000  1000  1000  1000  1000  1000  1000  1000
              1000  1000
 TIM CESR        20, -1, 7,
              11543   3317    300 -98500      0      0  76125      0      2      0
                 -2   2959      0      0      0      0      0      0      0      0
 CSR HPHASING    80, 0,
                 0     0     0     0     0     0     0     0     0     0
                 0     0     0     0     0     0     0     0     0     0
                 0     0     0     0     0     0     0     0     0     0
                 0     0     0     0     0     0     0     0     0     0
                 0     0     0     0     0     0     0     0     0     0
                 0     0     0     0     0     0     0     0     0     0
                 0     0     0     0     0     0     0     0     0     0
                 0     0     0     0     0     0     0     0     0     0
 CSR HPHASSYM    80, 0,
                 0     0     0     0     0     0     0     0     0     0
                 0     0     0     0     0     0     0     0     0     0
                 0     0     0     0     0     0     0     0     0     0
                 0     0     0     0     0     0     0     0     0     0
                 0     0     0     0     0     0     0     0     0     0
                 0     0     0     0     0     0     0     0     0     0
                 0     0     0     0     0     0     0     0     0     0
                 0     0     0     0     0     0     0     0     0     0
 CSR HPHASANT    80, 0,
                 6     0     0     0   500     0     0     0     0     0
                 0     0     0     0     0     0     0     0     0     0
                 0     0     0     0     0     0     0     0     0     0
                 0     0     0     0     0     0     0     0    92     0
               -47     0  -500     0     0     0     0     0     0     0
              -100     0     0     0     0     0     0     0     0     0
                 0     0     0     0     0     0   225     0     0     0
                 0     0     0     0     0     0     0     0     0     0
 CSR VPHASING    80, 0,
                 0     0     0     0     0     0     0     0     0     0
                 0     0     0     0     0     0     0     0     0     0
                 0     0     0     0     0     0     0     0     0     0
                 0     0     0     0     0     0     0     0     0     0
                 0     0     0     0     0     0     0     0     0     0
                 0     0     0     0     0     0     0     0     0     0
                 0     0     0     0     0     0     0     0     0     0
                 0     0     0     0     0     0     0     0     0     0
 CSR VPHASSYM    80, 0,
                 0     0     0     0     0     0     0     0     0     0
                 0     0     0     0     0     0     0     0     0     0
                 0     0     0     0     0     0     0     0     0     0
                 0     0     0     0     0     0     0     0     0     0
                 0     0     0     0     0     0     0     0     0     0
                 0     0     0     0     0     0     0     0     0     0
                 0     0     0     0     0     0     0     0     0     0
                 0     0     0     0     0     0     0     0     0     0
 CSR VPHASANT    80, 0,
                 0     0     0     0     0     0     0     0     0     0
                 0     0     0     0     0     0     0     0     0     0
                 0     0     0     0     0     0     0     0     0     0
                 0     0     0     0     0     0     0     0     0     0
               -64     0     0     0     0     0   498     0     0     0
                 0     0     0     0     0     0     0     0     0     0
                 0     0     0     0     0     0     0     0     0     0
                 0     0     0     0     0     0     0     0     0     0
 CSR OCTUPING     8, 0,
               197     0     0  -200     0     0     0     0
 CSR HSCR POT     4, 0,
               143    71     0     3
 RELATED SETS    20, 0,
             82418 82341 82521 82013 82445 82446 82342     0     0     0
                 0     0     0     0     0     0     0     0     0     0
