 Version 1.0  Save set taken    4/ 9/2002   21:34:11            001                                                             
 
 CSR LATTICE     10,    40,
 1S_V2
 DIMAT
     0.0172,    1.8749,    0.0055,
 4
    -1.1343,    0.5519,
     5.2890,
 7
 8
 9
 A
 CSR HSP VOLT     6, 0,
               834     0  1498  1498     0  1548
 CSR HSP VVAL    12, 0,
               423   423     0     0   754   752   760   754     0     0
               779   779
 CSR HSP MAIL    40, 0,
              1526  1440     0     0     0     0     0     0     0     0
                 0     0     0     0     0     0     0     0     0     0
                 0     0     0     0     0     0     0     0     0     0
                 0     0     0     0     0     0     0     0     0     0
 SYN MAG CUR      1, 0,
             36427
 CSR HBND CUR     6, 0,
              5043  3143  2535  2014  3410  4310
 CSR HORZ CUR    98, 0,
               712  -340  -448  -872     0     0   426     0   371   214
                 0   213     0   587     0  1191     0  -158     0   993
                 0   -37     0   139     0    64     0   -47     0   714
                 0   393     0  -809     0   531     0   209     0   713
                 0   221     0  -335     0  1285   529     0  1387  2190
                 0 -1297 -1226     0  -496     0  -706     0   935     0
                53     0  -145     0  -157     0   -74     0  -338     0
               326     0   -44     0   -71     0  -211     0    94     0
              -155     0    37     0   335     0    75     0   219     0
               -87     0     0     0   724  -159    30  -224
 CSR VERT CUR    98, 0,
              -694  -358     0     0  -245   -82   282   316    74    61
              -138     0  -422     0   463     0    60     0   109     0
               -94     0  -304     0   167     0   261     0   -29     0
               -32     0   282     0  -594     0  -220     0  -167     0
              -205     0  -455     0  -236     0   229  -334  -983 -1671
              -730 -1232     0   767     0   402     0  -132     0    65
                 0    69     0   404   -28  -470     0  -127     0   176
                 0  -197     0  -242     0   229     0   -12     0    23
                 0  -144     0    45     0  -387     0   189     0  -334
              -126  -151   -68  -138  -125     0   213   548
 CHS VERT CUR     1, 0,
                 0
 CSR QUAD CUR    98, 0,
                 0     0 15176 34343 24814 29903 19958 11437 12284 18551
             16129 20728 14673 18669 15771 18525 18550 17158 22135 15202
             19718 18024 17817 17775 21374 17409 20984 17237 15992 17622
             13629 13419 13441 16018 11535 13668 15298 17351 14044 15763
             14662 15967 17557 15274 20397 17505 28034 45023 17386 17400
             44821 28091 17399 20357 15166 17385 16008 14879 15999 14219
             17447 15584 13656 11552 16179 13746 13524 13761 17638 16536
             17350 20958 17446 20934 17758 17543 17953 19471 15169 22183
             17076 18535 18414 15636 18981 15943 20926 16291 18649 13173
              9685 16695 30051 24879 34396 15486     0     0
 CSR QADD CUR     7, 0,
              3576 25161 24975  3503 16735 16697     0
 CSR AQUADCON     2, 0,
                 0   175
 CSR SEXT CUR    98, 0,
                 0     0     0     0     0     0     0    72   170    83
                92    20   119   280   570   310   601   421   830   494
              1044   773  1570   378   771   681  1322   161   164   358
               405   234   546   326   456   474   733   447   954   502
               971   190   193   245   151     0     0     0     0     0
                 0     0     0   142   234    71   266   790   532   976
               459   823   447   429   344   509   243   383   370   226
               157  1333   662   756   358  1585   774  1019   490   839
               484   644   366   633   299    30    75   137    73   195
                24     0     0     0     0     0     0     0
 SCIR SKSXCUR     1, 0,
                 0
 CHS UND VERT     2, 0,
                 0     0
 CHS UND HORZ     2, 0,
                 0     0
 CSR OCTU CUR     4, 0,
              -411   552   459     0
 CSR SQEWQUAD    98, 0,
                 0  2780  2735   252     0     0     0     0     0     0
                 0     0     0     0     0     0     0     0     0     0
                 0     0     0     0     0     0     0     0     0     0
                 0     0     0     0     0     0     0     0     0     0
                 0     0     0     0     0     0     0     0     0     0
                 0     0     0     0     0     0     0     0     0     0
                 0     0     0     0     0     0     0     0     0     0
                 0     0     0     0     0     0     0     0     0     0
                 0     0     0     0     0     0     0     0     0     0
                 0     0     0     0  -466  1064  2848     0
 CSR SQEWSEXT     4, 0,
                 0     0     0     0
 EXF BEND CUR     5, 0,
             26053     0 29536     0 25555
 EXF HORZ CUR     1, 0,
             -3397
 EXF VERT CUR     3, 0,
               925  -864 -1641
 EXF QUAD CUR     5, 0,
             37003 38770 15938  6638  4406
 WXF BEND CUR     2, 0,
             30881 31947
 WXF HORZ CUR     1, 0,
             -2383
 WXF VERT CUR     3, 0,
                84    62   127
 WXF QUAD CUR     5, 0,
             40820 36570  7676  9075 12397
 EXF BUMP HV      7, 0,
               169     4    -1     0   164     0   120
 EXF BUMP VAR     6, 0,
               764     1   597     0     0    -1
 EXF KICK HV      1, 0,
               600
 EXF KICK CUR     1, 0,
               563
 EXF PING HV      1, 0,
                 2
 EXF PING VAR     1, 0,
                 2
 EXF SEPT CUR     3, 0,
               721  1652  1074
 WXF BUMP HV      4, 0,
               407    98   463   341
 WXF BUMP VAR     3, 0,
                -1   152   738
 WXF KICK HV      1, 0,
               520
 WXF KICK CUR     1, 0,
               701
 WXF PING HV      2, 0,
                 0   148
 WXF SEPT CUR     3, 0,
               259   705  1521
 CSR XFR TIME     5, 0,
                60    60    60    60     0
 TIM TRANSFER    23, -1, 7,
                 80 187517  21616  19667      0  22127  22104  22148  18141  15902
                  0  17975  17997  18008      0      0  18573  18573  18274      0
                  0      0     40
 CSR QSCANBOX    40, 0,
                 0     0     0     0     0     0     0     0     0     0
                 0     0     0     0     0     0     0     0     0     0
                 0     0     0     0     0     0     0     0     0     0
                 0     0     0     0     0     0     0     0     0     0
 CSRSYLTP CON     6, 0,
               482   201   472  1023     0     0
 CSRSYLTE CON     6, 0,
               661   682   816  1023     0     0
 CSRSYLTOUCHY     4, 0,
               323   616   417   397
 CSR HSCR CON    10, 0,
                 0     0     0     0     0     0     0     0     0     0
 CSR VSP VOLT     6, 0,
                 0     0  1127  1127  1147  1147
 CSR VSP CON      7, 0,
                 0   239     0     0     0     0     0
 CSR VSP VAR      2, 0,
                 0     0
 CSR SAVRECRD   100, 0,
             80408 80197 80193 79957 79957 79956 79955 79948 79947 79946
             79943 79926 79914 79910 79182 79165 79158 79004 79003 78877
             78874 78872 78549 78294 78267 78264 78263 78249 78191 78141
             78133 78130 78129 78122 78121 78117 78116 78115 78112 78109
             76210 76206 76205 76197 76194 76191 76187 76185 76183 76182
             76181 76179 76175 76162 76161 76158 76157 76156 76155 76154
             76150 76141 76140 76136 76132 76131 76130 76111 76110 76109
             76108 76107 76106 76103 76101 76099 76098 76096 76095 76094
             76093 76091 76090 76088 76087 76086 76085 76082 76080 76079
             75918 75914 75911 75743 75742 75712 75687 75636 75633 75632
 CLEO END CAP     8, 0,
                -2     6   -20   -14    -4    -4    -6    -3
 XFR SEPT POS     4, 0,
                -1     1   328     0
 XFR SEPT TLT     4, 0,
                -1     1   282     0
 CSR LUMCALIB    10, 0,
              4280  4184  3100  3100     0     0     0     0     0     0
 CSR POLARITY     5, 0,
                 1     2     2     0     0
 CSR ROTQ TLT     2, 0,
               248   147
 CSR ROTQ POT    35, 0,
                 0     0     0     0     0     0     0    -1     0     0
                 0     0     0     0     0     0     0     0     0     0
                 0     0    -1     0     0     1     0     0     0     0
              1997     0     0     0     0
 CSR ROTQ RD     42, 0,
                -1    -1  2550  2550  2550    -1    -1  2550  2550  2550
                -1    -1  2550  2550  2550    -1    -1  2550  2550  2550
                 3    -1  2552  2551  2550     2     3  2553  2552  2442
                 0     0    -4     0    -2     0    -3     0    -3     0
                 0     0
 CSR TEMP MON    24, 0,
               237     0     0     0     0   290   367   420   295   312
               332   365   402   290   312   347   310   255   280   352
               372   357   262   347
 CSR ANYTHING     4, 0,
                 0     0     0   474
 CSR QTUNEING    20, 0,
                 0     0     0     0 -8164 12431 -4411  1706     0     0
                 0     0     0     0     0     0     0     0     0     0
 CSR QTANTING    20, 0,
                 0     0     0     0     0   320     0     0     0     0
                 0     0     0     0     0     0     0     0     0     0
 COE QTUNEING   200, 0,
              1000     0     0     0     0     0     0     0     0     0
              1000     0     0     0     0     0     0     0     0     0
              1000     0     0     0     0     0     0     0     0     0
              1000     0     0     0     0     0   837   690    29     0
               500   125    50    12     0     0     0     0     0     0
               500   150    50    12     0     0     0     0     0     0
               500   500    50    50     0     0     0     0     0     0
               500  -500    50   -50     0     0     0     0     0     0
              1000  1000 -1700     0     0     0     0     0     0     0
              1000  1000     0     0     0     0     0     0     0     0
              1000  1000     0     0     0     0     0     0     0     0
              1000   900     0     0     0     0     0     0     0     0
               837   687    12     0     0     0     0     0     0     0
               500   150     0     0     0     0     0     0     0     0
              1000    55     0     0     0     0     0     0     0     0
              1000    12     0     0     0     0     0     0     0     0
               500     0     0     0     0     0     0     0     0     0
               300  1000     0     0     0     0     0     0     0     0
                 0     0     0     0     0     0     0     0     0     0
                 0     0     0     0     0     0     0     0     0     0
 CSR PRETZING    16, 0,
              3300     0     0     0     0     0     0     0     0     0
                 0     0  -989     0     0     0
 CSR SQUADING    30, 0,
                 0     0     0     0     0     0     0     0     0     0
                 0     0     0     0     0     0     0     0     0     0
                 0     0     0     0     0     0     0     0     0     0
 CSR VBUMPING    81, 0,
                 0     0     0     0     0     0     0     0     0     0
                 0     0     0     0     0     0     0     0     0     0
                 0     0     0     0     0     0     0     0     0     0
                 0     0     0     0     0     0     0     0     0     0
                 0     0     0     0     0     0     0     0     0  -140
                56     0     0     0     0     0     0     0     0     0
                 0     0     0     0     0     0     0     0     0     0
                 0     0     0     0     0     0     0     0     0     0
                 0
 CSR VBLIMING     4, 0,
                34   486     0     0
 CHS CBUMPING    30, 0,
                 0     0     0     0     0     0     0     0     0     0
                 0     0     0     0     0     0     0     0     0     0
                 0     0     0     0     0     0     0     0     0     0
 CSR HBUMPING    96, 0,
                 0     0     0     0     0     0     0     0     0     0
                 0     0     0     0     0     0     0     0     0     0
                 0   117     0     0     0     0     0     0     0     0
                 0     0     0     0     0     0     0     0     0     0
                 0     0     0     0     0     0     0     0     0     0
                 0     0     0     0  -248     0  -241     0     0     0
                 0     0     0     0     0     0     0     0     0     0
                 0     0     0     0     0     0     0     0     0     0
                 0     0     0     0     0     0     0     0     0     0
                 0     0     0     0     0     0
 CSR HBLIMING    24, 0,
              1130  1638  1502 -2672     0 -1539     0     0     0     0
                 0     0     0     0     0     0     0     0     0     0
                 0     0     0     0
 CSR HBLMPING    54, 0,
                 0     0     0    50     0     0    49     0     0     0
                 0     0     0     0     0     0     0     0     0     0
                 0     0     0     0     0     0     0     0     0     0
                 0     0     0     0     0     0     0     0     0     0
                 0     0     0     0     0     0     0     0     0     0
                 0     0     0     0
 CSR XQUNEING    45, 0,
              -110   306   -57   -14     0     0     0     0     0     0
                 0     0     0     0     0     0     0     0     0     0
                 0     0     0     0     0     0     0     0     0     0
                 0     0     0     0     0     0     0     0     0     0
                 0     0     0     0     0
 CSR XQANTING    45, 0,
                 0     0     0     0     0     0     0     0     0     0
                 0     0     0     0     0     0     0     0     0     0
                 0     0     0     0     0     0     0     0     0     0
                 0     0     0     0     0     0     0     0     0     0
                 0     0     0     0     0
 CSR BBDIPING     3, 0,
                 0     0     0
 CSR COUPLING    10, 0,
                 0     0     0     0     0     0     0     0     0     0
 CSR VBSAVING    20, 0,
                 0     0     0     0     0     0     0     0     0     0
                 0     0     0     0     0     0     0     0     0     0
 COE VBSAVING   120, 0,
              1614  2634  1832     0     0     0  1599  2632  1832     0
                 0     0     0     0     0     0     0     0     0     0
                 0     0     0     0     0     0     0     0     0     0
                 0     0     0     0     0     0     0     0     0     0
                 0     0     0     0     0     0     0     0     0     0
                 0     0     0     0     0     0     0     0     0     0
                 0     0     0     0     0     0     0     0     0     0
                 0     0     0     0     0     0     0     0     0     0
                 0     0     0     0     0     0     0     0     0     0
                 0     0     0     0     0     0     0     0     0     0
                 0     0     0     0     0     0     0     0     0     0
                 0     0     0     0     0     0     0     0     0     0
 LOC VBSAVING   120, 0,
                 5     9    13     0     0     0    94    90    86     0
                 0     0     0     0     0     0     0     0     0     0
                 0     0     0     0     0     0     0     0     0     0
                 0     0     0     0     0     0     0     0     0     0
                 0     0     0     0     0     0     0     0     0     0
                 0     0     0     0     0     0     0     0     0     0
                 0     0     0     0     0     0     0     0     0     0
                 0     0     0     0     0     0     0     0     0     0
                 0     0     0     0     0     0     0     0     0     0
                 0     0     0     0     0     0     0     0     0     0
                 0     0     0     0     0     0     0     0     0     0
                 0     0     0     0     0     0     0     0     0     0
 CSR HBSAVING    20, 0,
              -600  1000     0 -1000     0     0   101   235     0     0
                 0     0     0     0     0     0     0     0    99     0
 COE HBSAVING   120, -1, 7,
               1649   -401  -1163      0      0      0   1510  -1372  -1332      0
                  0      0   7245  -1944   8354      0      0      0    517  -1557
               1488      0      0      0   1000  -1616   2524      0      0      0
               4180  -3886   4227      0      0      0  -4971   2854   4359      0
                  0      0    947  10000  -4506      0      0      0  10000  -7137
               1598      0      0      0   4916  -1371   2049      0      0      0
                  0      0      0      0      0      0      0      0      0      0
                  0      0      0      0      0      0      0      0      0      0
                  0      0      0      0      0      0      0      0      0      0
                  0      0      0      0      0      0      0      0      0      0
                  0      0      0      0      0      0      0      0   1000   -260
               -971      0      0      0   2489 -10000   8945      0      0      0
 LOC HBSAVING   120, 0,
             10014 10030 10032     0     0     0 10079 10087 10091     0
                 0     0 20005    96    98     0     0     0 10067 10069
             10079     0     0     0 20006    94    98     0     0     0
             20005 20006    96     0     0     0 10003 10004 10009     0
                 0     0 10004 10009 10010     0     0     0 10009 10010
             10012     0     0     0 10009 10012 10014     0     0     0
                 0     0     0     0     0     0     0     0     0     0
                 0     0     0     0     0     0     0     0     0     0
                 0     0     0     0     0     0     0     0     0     0
                 0     0     0     0     0     0     0     0     0     0
                 0     0     0     0     0     0     0     0    73    71
                63     0     0     0    98    97    96     0     0     0
 CHS PM WIGRD    10, 0,
                 0     1     0     1     0     0     1     1     1     0
 CHS WJAW RD      4, 0,
              1744  1752    -4  2007
 CSR VCROSING    10, 0,
                 0     0     0     0    10  2165  1200     0     0     0
 CSR SA SAVE      8, 0,
                 0     0     0     0     0     0     0     0
 CSR ENERGY       7, 0,
              4730  4730  4730  4730  4732  4730  4730
 CLEO BUMPING    20, 0,
                 0     0     0     0     0     0     0     0     0     0
                 0     0     0     0     0     0     0     0     0     0
 CRF FREQ CON     2, 0,
                 0     1
 CSR NMR READ     4, 0,
                23 17429    73 17798
 CSR ANLGRSTA     9, 0,
                 0     0     0     0     0     0     0     0     0
 CSR ANLGRSTB     8, 0,
                 0   999     0    24     0     0     0     0
 CHS FEED OFF     2, 0,
                 0     0
 CSR BETASING    10, 0,
              1700  1000     0     0     0     0     0     0     0     0
 CSR SCMATING    12, 0,
              -250  1000  1000  1000  1000  1000  1000  1000  1000  1000
              1000  1000
 TIM CESR        20, -1, 7,
              -6894   3317    300 -98500      0      0  76125      0      2      0
                 -2   2959      0      0      0      0      0      0      0      0
 CSR HPHASING    80, 0,
                 0     0     0     0     0     0     0     0     0     0
                 0     0     0     0     0     0     0     0     0     0
                 0     0     0     0     0     0     0     0     0     0
                 0     0     0     0     0     0     0     0     0     0
                 0     0     0     0     0     0     0     0     0     0
                 0     0     0     0     0     0     0     0     0     0
                 0     0     0     0     0     0     0     0     0     0
                 0     0     0     0     0     0     0     0     0     0
 CSR HPHASSYM    80, 0,
                 0     0     0     0     0     0     0     0     0     0
                 0     0     0     0     0     0     0     0     0     0
                 0     0     0     0     0     0     0     0     0     0
                 0     0     0     0     0     0     0     0     0     0
                 0     0     0     0     0     0     0     0     0     0
                 0     0     0     0     0     0     0     0     0     0
                 0     0     0     0     0     0     0     0     0     0
                 0     0     0     0     0     0     0     0     0     0
 CSR HPHASANT    80, 0,
                 6     0     0     0   500     0     0     0     0     0
                 0     0     0     0     0     0     0     0     0     0
                 0     0     0     0     0     0     0     0     0     0
                 0     0     0     0     0     0     0     0    92     0
               -47     0  -500     0     0     0     0     0     0     0
              -100     0     0     0     0     0     0     0     0     0
                 0     0     0     0     0     0   225     0     0     0
                 0     0     0     0     0     0     0     0     0     0
 CSR VPHASING    80, 0,
                 0     0     0     0     0     0     0     0     0     0
                 0     0     0     0     0     0     0     0     0     0
                 0     0     0     0     0     0     0     0     0     0
                 0     0     0     0     0     0     0     0     0     0
                 0     0     0     0     0     0     0     0     0     0
                 0     0     0     0     0     0     0     0     0     0
                 0     0     0     0     0     0     0     0     0     0
                 0     0     0     0     0     0     0     0     0     0
 CSR VPHASSYM    80, 0,
                 0     0     0     0     0     0     0     0     0     0
                 0     0     0     0     0     0     0     0     0     0
                 0     0     0     0     0     0     0     0     0     0
                 0     0     0     0     0     0     0     0     0     0
                 0     0     0     0     0     0     0     0     0     0
                 0     0     0     0     0     0     0     0     0     0
                 0     0     0     0     0     0     0     0     0     0
                 0     0     0     0     0     0     0     0     0     0
 CSR VPHASANT    80, 0,
                 0     0     0     0     0     0     0     0     0     0
                 0     0     0     0     0     0     0     0     0     0
                 0     0     0     0     0     0     0     0     0     0
                 0     0     0     0     0     0     0     0     0     0
               -64     0     0     0     0     0   498     0     0     0
                 0     0     0     0     0     0     0     0     0     0
                 0     0     0     0     0     0     0     0     0     0
                 0     0     0     0     0     0     0     0     0     0
 CSR OCTUPING     8, 0,
               197     0     0  -200     0     0     0     0
 CSR HSCR POT     4, 0,
               140    71     0     0
 RELATED SETS    20, 0,
             80313 79673 80408 80192 79944 79945 80259     0     0     0
                 0     0     0     0     0     0     0     0     0     0
