 Version 1.0  Save set taken    7/11/2002   08:49:24                    
                                                                        
 CSR LATTICE     10,    40,
 2S                                      
 DIMAT                                   
     0.0172,    1.8749,    0.0055,       
 4                                       
    -1.1343,    0.5519,                  
     5.2890,                             
 7                                       
 8                                       
 9                                       
 A                                       
 CSR HSP VOLT     6, 0,
               844     0  1622  1700     0  1792
 CSR HSP VVAL    12, 0,
               423   425     0     0   817   814   862   856     0     0
               900   901
 CSR HSP MAIL    40, 0,
              1526  1440     0     0     0     0     0     0     0     0
                 0     0     0     0     0     0     0     0     0     0
                 0     0     0     0     0     0     0     0     0     0
                 0     0     0     0     0     0     0     0     0     0
 SYN MAG CUR      1, 0,
             38365
 CSR HBND CUR     6, 0,
              2925  2558  2105  2606  3432  5570
 CSR HORZ CUR    98, 0,
               412  -143  -266 -1171     0     0 -3832     0  -478  -815
                 0   -46     0   596     0   597     0   488     0   816
                 0    60     0   242     0  -296     0     0     0   794
                 0    93     0  -473     0   305     0   192     0   664
                 0   316     0    42     0  -381   207     0   809  1733
                 0   529   -21     0  -861     0  -205     0   845     0
                53     0  -441     0   -63     0  -242     0  -258     0
                38     0  -200     0  -205     0  -429     0  -253     0
              -284     0   -47     0   238     0    -9     0   -71     0
               -19     0     0     0  -118   -90  -154    61
 CSR VERT CUR    98, 0,
              1925  -441     0  -216  -121    72   192   457     0    77
              -122     0  -406     0   544     0    96     0    91     0
              -169     0  -403     0    90     0   300     0   -22     0
               -16     0   221     0  -426     0  -294     0  -137     0
              -183     0  -494     0    68     0   651  -250  -865 -1352
              -535  -348     0   771     0   377     0  -132     0    42
                 0   221     0   167   -13  -149     0  -180     0   245
                 0  -225     0  -386     0   158     0   -65     0   -25
                 0  -107     0   -68     0  -383     0    86     0  -175
              -104   -59     6    67 -3004     0   343  3669
 CHS VERT CUR     1, 0,
                 0
 CSR QUAD CUR    98, 0,
                 0     0 17033 38172 26613 31126 21214 12639 12522 18618
             16250 20198 15388 20111 16581 19635 19715 18180 23763 16096
             20712 18990 18680 18928 22568 18599 22321 18137 17291 18505
             14876 14391 14437 16965 12252 14616 16243 18359 14848 16848
             15750 16937 18915 16291 21883 18705 29940 46494 18721 18663
             46341 30026 18829 21903 16381 18886 16952 15715 16942 14722
             18413 16417 14605 12331 17049 14654 14427 14980 18441 17266
             18252 22224 18690 22512 18935 18728 18958 20786 16275 23566
             17948 19565 19569 16652 20253 15669 20402 16528 18417 13346
             11016 19088 32452 26886 38107 17198     0     0
 CSR QADD CUR     7, 0,
              3823 26717 26492  3775 17801 17885     0
 CSR AQUADCON     2, 0,
                 0   175
 CSR SEXT CUR    98, 0,
                 0     0     0     0     0     0     0   150   423   264
               472    35   479   320   846   286   467   298   996   272
               787   631  1451   214   360   702  1313   138   156   376
               700   263   792   381   765   821  1272   589  1135   493
              1368   -18   649   164    29     0     0     0     0     0
                 0     0     0    23    45   131   559   918   669  1113
               507  1589   543   664   455   677   294   578   477   359
               174  1415   553   504   219  1414   679   551   392   919
               474   704   320  1101   370   308   359   360   204   505
               -24     0     0     0     0     0     0     0
 SCIR SKSXCUR     1, 0,
                 0
 CHS UND VERT     2, 0,
                 0     0
 CHS UND HORZ     2, 0,
                 0     0
 CSR OCTU CUR     4, 0,
              -411   552     0     0
 CSR SQEWQUAD    98, 0,
                 0  2977  2929   270     0   527     0     0     0     0
                 0     0     0     0     0     0     0     0     0     0
                 0     0     0     0     0     0     0     0     0     0
                 0     0     0     0     0     0     0     0     0     0
                 0     0     0     0     0     0     0     0     0     0
                 0     0     0     0     0     0     0     0     0     0
                 0     0     0     0     0     0     0     0     0     0
                 0     0     0     0     0     0     0     0     0     0
                 0     0     0     0     0     0     0     0     0     0
                 0     0     0     0  -466  3200  2571     0
 CSR SQEWSEXT     4, 0,
                 0     0     0     0
 EXF BEND CUR     5, 0,
             27601     0 31306     0 26911
 EXF HORZ CUR     1, 0,
             -3672
 EXF VERT CUR     3, 0,
               908  -814 -1500
 EXF QUAD CUR     5, 0,
             39274 41039 16871  7025  4663
 WXF BEND CUR     2, 0,
             32592 33750
 WXF HORZ CUR     1, 0,
             -2472
 WXF VERT CUR     3, 0,
                -4   146   275
 WXF QUAD CUR     5, 0,
             43100 38612  8104  9581 13090
 EXF BUMP HV      7, 0,
               198    61    -1     0   182     0   124
 EXF BUMP VAR     6, 0,
               748   256   606     0     0    -1
 EXF KICK HV      1, 0,
               600
 EXF KICK CUR     1, 0,
               594
 EXF PING HV      1, 0,
               303
 EXF PING VAR     1, 0,
               217
 EXF SEPT CUR     3, 0,
               763  1734  1036
 WXF BUMP HV      4, 0,
               399    95   455   337
 WXF BUMP VAR     3, 0,
                 0   152   738
 WXF KICK HV      1, 0,
               520
 WXF KICK CUR     1, 0,
               706
 WXF PING HV      2, 0,
                 0    47
 WXF SEPT CUR     3, 0,
               285   770  1618
 CSR XFR TIME     5, 0,
                60    60    60    60     0
 TIM TRANSFER    25, -1, 7,
                 80 187517  21616  19667      0  22127  22104  22148  18141  15902
                  0  17975  17997  18008      0      0  18573  18573  18273      0
                  0      0     27  10940  12190
 CSR QSCANBOX    40, 0,
                 0     0     0     0     0     0     0     0     0     0
                 0     0     0     0     0     0     0     0     0     0
                 0     0     0     0     0     0     0     0     0     0
                 0     0     0     0     0     0     0     0     0     0
 CSRSYLTP CON     6, 0,
               506   140   277  1023     0     0
 CSRSYLTE CON     6, 0,
               662   563   591  1023     0     0
 CSRSYLTOUCHY     4, 0,
               320   756   351   426
 CSR HSCR CON    10, 0,
                 0     0     0     0     0     0     0     0     0     0
 CSR VSP VOLT     6, 0,
               -30    30  1289  1289  1217  1217
 CSR VSP CON      7, 0,
                 2   224     0     0     0     0     0
 CSR VSP VAR      2, 0,
                 0     0
 CSR SAVRECRD   100, 0,
             83634 83007 83006 83005 83004 82941 82940 82584 82581 82530
             82529 82440 82421 82420 82398 82397 82392 82390 82383 82366
             82362 82349 82336 82334 82331 82329 82315 82311 82310 82301
             82294 82291 82290 82287 82285 82284 82283 82281 82280 82279
             82278 82272 82269 82268 82267 82262 82253 82260 82259 82258
             82257 82255 82245 82245 82235 82237 82214 82210 82138 80544
             80197 80193 79957 79957 79956 79955 79948 79947 79946 79943
             79926 79914 79910 79182 79165 79158 79004 79003 78877 78874
             78872 78549 78294 78267 78264 78263 78249 78191 78141 78133
             78130 78129 78122 78121 78117 78116 78115 78112 78109 76210
 CLEO END CAP     8, 0,
                 7    11   -23   -12    -3     2    -3    -7
 XFR SEPT POS     4, 0,
                -1     1   328     0
 XFR SEPT TLT     4, 0,
                 0    -1   282     0
 CSR LUMCALIB    10, 0,
              4280  4184  3100  3100     0     0     0     0     0     0
 CSR POLARITY     5, 0,
                 1     2     2     0     0
 CSR ROTQ TLT     2, 0,
               306   157
 CSR ROTQ POT    35, 0,
                 0     0     0     0     0     0     0    -1     0     0
                 0     0     0     0     0     0     0     0     0     0
                 0     0    -1     0     0     0     0     0     0     0
              1995     0     0     0     0
 CSR ROTQ RD     42, 0,
                -1    -1  2550  2550  2550    -1    -1  2550  2550  2550
                -1    -1  2550  2550  2550    -1    -1  2550  2550  2550
                 2    -2  2551  2550  2550     1     2  2551  2551  2436
                 0     0    -4     0    -3     0    -3     0    -3     0
                 0     0
 CSR TEMP MON    24, 0,
               250     0     0     0     0   275   337   370   287   302
               325   357   342   275   302   317   345   262   282   340
               350   345   262   330
 CSR ANYTHING     4, 0,
                 0     0     0   474
 CSR QTUNEING    20, 0,
                 0     0     0     0 -6558 13101 -4411  1706     0     0
                 0     0     0     0     0     0     0     0     0     0
 CSR QTANTING    20, 0,
                 0     0     0     0     0   320     0     0     0     0
                 0     0     0     0     0     0     0     0     0     0
 COE QTUNEING   200, 0,
              1000     0     0     0     0     0     0     0     0     0
              1000     0     0     0     0     0     0     0     0     0
              1000     0     0     0     0     0     0     0     0     0
              1000     0     0     0     0     0   837   690    29     0
               500   125    50    12     0     0     0     0     0     0
               500   150    50    12     0     0     0     0     0     0
               500   500    50    50     0     0     0     0     0     0
               500  -500    50   -50     0     0     0     0     0     0
              1000  1000 -1700     0     0     0     0     0     0     0
              1000  1000     0     0     0     0     0     0     0     0
              1000  1000     0     0     0     0     0     0     0     0
              1000   900     0     0     0     0     0     0     0     0
               837   687    12     0     0     0     0     0     0     0
               500   150     0     0     0     0     0     0     0     0
              1000    55     0     0     0     0     0     0     0     0
              1000    12     0     0     0     0     0     0     0     0
               500     0     0     0     0     0     0     0     0     0
               300  1000     0     0     0     0     0     0     0     0
                 0     0     0     0     0     0     0     0     0     0
                 0     0     0     0     0     0     0     0     0     0
 CSR PRETZING    16, 0,
              3392     0   105   100   350     0     0     0     0     0
                 0     0 -1200     0     0     0
 CSR SQUADING    30, 0,
                 0     0     0     0     0     0     0     0     0     0
                 0     0     0     0     0     0     0     0     0     0
                 0     0     0     0     0     0     0     0     0     0
 CSR VBUMPING    81, 0,
                 0     0     0     0     0     0     0     0     0     0
                 0     0     0     0     0     0     0     0     0     0
                 0     0     0     0     0     0     0     0     0     0
                 0     0     0     0     0     0     0     0     0     0
                 0     0     0     0     0     0     0     0     0  -168
                28     0     0     0     0     0     0     0     0     0
                 0     0     0     0     0     0     0     0     0     0
                 0     0     0     0     0     0     0     0     0     0
                 0
 CSR VBLIMING     4, 0,
               548  1107     0     0
 CHS CBUMPING    30, 0,
                 0     0     0     0     0     0     0     0     0     0
                 0     0     0     0     0     0     0     0     0     0
                 0     0     0     0     0     0     0     0     0     0
 CSR HBUMPING    96, 0,
                 0     0     0     0     0     0     0     0     0     0
                 0     0     0     0     0     0     0     0     0  -437
                 0    46     0     0     0     0     0     0     0     0
                 0     0     0     0     0     0     0     0     0     0
                 0     0     0     0     0     0     0     0     0     0
                 0     0     0     0  -248     0  -241     0     0     0
                 0     0     0     0     0     0     0     0     0     0
                 0     0     0     0     0     0     0     0     0     0
                 0     0     0     0     0     0     0     0     0     0
                 0     0     0     0     0     0
 CSR HBLIMING    24, 0,
              1599  1806  1502 -2672     0 -1539     0     0     0     0
                 0     0     0     0     0     0     0     0     0     0
                 0     0     0     0
 CSR HBLMPING    54, 0,
                 0     0     0    50     0     0    49     0     0     0
                 0     0     0     0     0     0     0     0     0     0
                 0     0     0     0     0     0     0     0     0     0
                 0     0     0     0     0     0     0     0     0     0
                 0     0     0     0     0     0     0     0     0     0
                 0     0     0     0
 CSR XQUNEING    45, 0,
               304   -11  -154   181     0     0     0     0     0     0
                 0     0     0     0     0     0     0     0     0     0
                 0     0     0     0     0     0     0     0     0     0
                 0     0     0     0     0     0     0     0     0     0
                 0     0     0     0     0
 CSR XQANTING    45, 0,
                 0     0     0     0     0     0     0     0     0     0
                 0     0     0     0     0     0     0     0     0     0
                 0     0     0     0     0     0     0     0     0     0
                 0     0     0     0     0     0     0     0     0     0
                 0     0     0     0     0
 CSR BBDIPING     3, 0,
                 0     0     0
 CSR COUPLING    10, 0,
                 0     0     0     0     0     0     0     0     0     0
 CSR VBSAVING    20, 0,
                 0     0     0     0     0     0     0     0     0     0
                 0     0     0     0     0     0     0     0     0     0
 COE VBSAVING   120, 0,
              1614  2634  1832     0     0     0  1599  2632  1832     0
                 0     0     0     0     0     0     0     0     0     0
                 0     0     0     0     0     0     0     0     0     0
                 0     0     0     0     0     0     0     0     0     0
                 0     0     0     0     0     0     0     0     0     0
                 0     0     0     0     0     0     0     0     0     0
                 0     0     0     0     0     0     0     0     0     0
                 0     0     0     0     0     0     0     0     0     0
                 0     0     0     0     0     0     0     0     0     0
                 0     0     0     0     0     0     0     0     0     0
                 0     0     0     0     0     0     0     0     0     0
                 0     0     0     0     0     0     0     0     0     0
 LOC VBSAVING   120, 0,
                 5     9    13     0     0     0    94    90    86     0
                 0     0     0     0     0     0     0     0     0     0
                 0     0     0     0     0     0     0     0     0     0
                 0     0     0     0     0     0     0     0     0     0
                 0     0     0     0     0     0     0     0     0     0
                 0     0     0     0     0     0     0     0     0     0
                 0     0     0     0     0     0     0     0     0     0
                 0     0     0     0     0     0     0     0     0     0
                 0     0     0     0     0     0     0     0     0     0
                 0     0     0     0     0     0     0     0     0     0
                 0     0     0     0     0     0     0     0     0     0
                 0     0     0     0     0     0     0     0     0     0
 CSR HBSAVING    20, 0,
              -600  1000     0 -1000     0     0   101   235     0     0
                 0     0     0     0     0     0     0     0    99     0
 COE HBSAVING   120, -1, 7,
               1649   -401  -1163      0      0      0   1510  -1372  -1332      0
                  0      0   7245  -1944   8354      0      0      0    517  -1557
               1488      0      0      0   1000  -1616   2524      0      0      0
               4180  -3886   4227      0      0      0  -4971   2854   4359      0
                  0      0    947  10000  -4506      0      0      0  10000  -7137
               1598      0      0      0   4916  -1371   2049      0      0      0
                  0      0      0      0      0      0      0      0      0      0
                  0      0      0      0      0      0      0      0      0      0
                  0      0      0      0      0      0      0      0      0      0
                  0      0      0      0      0      0      0      0      0      0
                  0      0      0      0      0      0      0      0   1000   -260
               -971      0      0      0   2489 -10000   8945      0      0      0
 LOC HBSAVING   120, 0,
             10014 10030 10032     0     0     0 10079 10087 10091     0
                 0     0 20005    96    98     0     0     0 10067 10069
             10079     0     0     0 20006    94    98     0     0     0
             20005 20006    96     0     0     0 10003 10004 10009     0
                 0     0 10004 10009 10010     0     0     0 10009 10010
             10012     0     0     0 10009 10012 10014     0     0     0
                 0     0     0     0     0     0     0     0     0     0
                 0     0     0     0     0     0     0     0     0     0
                 0     0     0     0     0     0     0     0     0     0
                 0     0     0     0     0     0     0     0     0     0
                 0     0     0     0     0     0     0     0    73    71
                63     0     0     0    98    97    96     0     0     0
 CHS PM WIGRD    10, 0,
                 0     1     1     0     0     0     1     1     1     0
 CHS WJAW RD      4, 0,
              1742  1748    -4  2007
 CSR VCROSING    10, 0,
                 0     0     0    30   -41  2281   470     0     0     0
 CSR SA SAVE      8, 0,
                 0     0     0     0     0     0     0     0
 CSR ENERGY       7, 0,
              5017  5012  5013  5012  4999  5012  4730
 CLEO BUMPING    20, 0,
                 0     0     0     0     0     0     0     0     0     0
                 0     0     0     0     0     0     0     0     0     0
 CRF FREQ CON     2, 0,
                 0     1
 CSR NMR READ     4, 0,
                25  1368    84 21072
 CSR ANLGRSTA     9, 0,
                 0     0     0     0     0     0     0     0     0
 CSR ANLGRSTB     8, 0,
                 0   999     0    24     0     0     0     0
 CHS FEED OFF     2, 0,
                 0     0
 CSR BETASING    10, 0,
              1700  1000     0     0     0     0     0     0     0     0
 CSR SCMATING    12, 0,
              -250  1000  1000  1000  1000  1000  1000  1000  1000  1000
              1000  1000
 TIM CESR        20, -1, 7,
              -6894   3317    300 -98500      0      0  76125      0      2      0
                 -2   2959      0      0      0      0      0      0      0      0
 CSR HPHASING    80, 0,
                 0     0     0     0     0     0     0     0     0     0
                 0     0     0     0     0     0     0     0     0     0
                 0     0     0     0     0     0     0     0     0     0
                 0     0     0     0     0     0     0     0     0     0
                 0     0     0     0     0     0     0     0     0     0
                 0     0     0     0     0     0     0     0     0     0
                 0     0     0     0     0     0     0     0     0     0
                 0     0     0     0     0     0     0     0     0     0
 CSR HPHASSYM    80, 0,
                 0     0     0     0     0     0     0     0     0     0
                 0     0     0     0     0     0     0     0     0     0
                 0     0     0     0     0     0     0     0     0     0
                 0     0     0     0     0     0     0     0     0     0
                 0     0     0     0     0     0     0     0     0     0
                 0     0     0     0     0     0     0     0     0     0
                 0     0     0     0     0     0     0     0     0     0
                 0     0     0     0     0     0     0     0     0     0
 CSR HPHASANT    80, 0,
                 6     0     0     0   500     0     0     0     0     0
                 0     0     0     0     0     0     0     0     0     0
                 0     0     0     0     0     0     0     0     0     0
                 0     0     0     0     0     0     0     0    92     0
               -47     0  -500     0     0     0     0     0     0     0
              -100     0     0     0     0     0     0     0     0     0
                 0     0     0     0     0     0   225     0     0     0
                 0     0     0     0     0     0     0     0     0     0
 CSR VPHASING    80, 0,
                 0     0     0     0     0     0     0     0     0     0
                 0     0     0     0     0     0     0     0     0     0
                 0     0     0     0     0     0     0     0     0     0
                 0     0     0     0     0     0     0     0     0     0
                 0     0     0     0     0     0     0     0     0     0
                 0     0     0     0     0     0     0     0     0     0
                 0     0     0     0     0     0     0     0     0     0
                 0     0     0     0     0     0     0     0     0     0
 CSR VPHASSYM    80, 0,
                 0     0     0     0     0     0     0     0     0     0
                 0     0     0     0     0     0     0     0     0     0
                 0     0     0     0     0     0     0     0     0     0
                 0     0     0     0     0     0     0     0     0     0
                 0     0     0     0     0     0     0     0     0     0
                 0     0     0     0     0     0     0     0     0     0
                 0     0     0     0     0     0     0     0     0     0
                 0     0     0     0     0     0     0     0     0     0
 CSR VPHASANT    80, 0,
                 0     0     0     0     0     0     0     0     0     0
                 0     0     0     0     0     0     0     0     0     0
                 0     0     0     0     0     0     0     0     0     0
                 0     0     0     0     0     0     0     0     0     0
               -64     0     0     0     0     0   498     0     0     0
                 0     0     0     0     0     0     0     0     0     0
                 0     0     0     0     0     0     0     0     0     0
                 0     0     0     0     0     0     0     0     0     0
 CSR OCTUPING     8, 0,
               197     0     0  -200     0     0     0     0
 CSR MPSYMING    15, 0,
                 0     0     0     0     0     0     0     0     0     0
                 0     0     0     0     0
 CSR MPANTING    15, 0,
                 0     0     0     0     0     0     0     0     0     0
                 0     0     0     0     0
 CSR HSCR POT     4, 0,
               143    71     0     0
 RELATED SETS    20, 0,
             82418 83621 83634 82912 83627 83628 82508     0     0     0
                 0     0     0     0     0     0     0     0     0     0
