 Version 1.0  Save set taken    3/ 1/2002   09:38:01            001                                                             
 
 CSR LATTICE     10,    40,
 1S_V2
 DIMAT
     0.0172,    1.8749,    0.0055,
 4
    -1.1343,    0.5519,
     5.2890,
 7
 8
 9
 A
 CSR HSP VOLT     6, 0,
              1075     0  1218  1218     0  1011
 CSR HSP VVAL    12, 0,
               544   543     0     0   613   612   618   613     0     0
               508   509
 CSR HSP MAIL    40, 0,
              1526  1440     0     0     0     0     0     0     0     0
                 0     0     0     0     0     0     0     0     0     0
                 0     0     0     0     0     0     0     0     0     0
                 0     0     0     0     0     0     0     0     0     0
 SYN MAG CUR      1, 0,
             36318
 CSR HBND CUR     6, 0,
              5011  3914  2659  2252  4122  4677
 CSR HORZ CUR    98, 0,
               150  -100  -101   -31     0     0   113     0   258   326
                 0    90     0   712     0  1064     0   123     0  1017
                 0   113     0   189     0    53     0    87     0   817
                 0   434     0  -483     0   604     0   329     0   808
                 0   356     0   -40     0  -390   346     0  1126  1972
                 0   640  -769     0  -580     0  -174     0   967     0
                72     0  -129     0    97     0  -156     0  -269     0
               393     0   -30     0    19     0  -163     0   107     0
               -42     0    59     0   659     0   147     0   823     0
               171     0     0     0   -24   159   271   213
 CSR VERT CUR    98, 0,
              -839  -886     0  1511   -90   -85     4    97   298   111
              -267     0  -431     0   502     0   -24     0    76     0
              -111     0  -318     0   164     0   289     0   -33     0
                -7     0   287     0  -563     0  -217     0  -110     0
              -194     0  -388     0  -122     0   200  -275  -819 -1640
              -682  -821     0   703     0   421     0  -204     0    60
                 0   244     0   146   -34  -169     0  -114     0   176
                 0  -186     0  -296     0   164     0    22     0    -2
                 0  -188     0  -198     0  -261     0   -66     0  -339
               -23  -117     3    32  -250     0   828   370
 CHS VERT CUR     1, 0,
                 0
 CSR QUAD CUR    98, 0,
                 0     0 15375 34319 24815 29851 19846 11246 12295 18362
             16446 20685 14773 18894 15851 18506 18673 17252 22271 15094
             19443 17719 17387 17619 21258 17430 21068 17163 16118 17628
             13602 13276 13335 15783 11327 13585 15518 17498 14302 15889
             14712 15866 17432 15199 20316 17531 27955 44992 17392 17406
             44789 28012 17424 20374 15159 17576 16040 14759 15840 13872
             17231 15345 13610 11794 16242 13687 13448 13966 17551 15999
             17212 20612 17466 21226 17733 17842 17961 19570 15104 21977
             16802 18290 18199 15587 18723 15848 20897 15857 18703 13190
              9684 16985 30170 24838 34509 15178     0     0
 CSR QADD CUR     7, 0,
              3536 25190 25049  3469 16757 16694     0
 CSR AQUADCON     2, 0,
                 0   175
 CSR SEXT CUR    98, 0,
                 0     0     0     0     0     0     0    86   548   138
               260   284   605   249   951   395   913   355  1125   439
               943   614  1453   242   509   583  1396   202   419   339
               640   221   674   440   965   828  1832   559  1211   566
              1361   301   821    40   -37     0     0     0     0     0
                 0     0     0   -52    16   745   413  1212   594  1236
               560  1904   775   953   470   663   242   646   344   436
               196  1373   546   491   222  1492   625   970   444  1106
               389   876   439   978   267   636   298   291   127   520
                24     0     0     0     0     0     0     0
 SCIR SKSXCUR     1, 0,
                 0
 CHS UND VERT     2, 0,
                 0     0
 CHS UND HORZ     2, 0,
                 0     0
 CSR OCTU CUR     4, 0,
              -688  -878  -960     0
 CSR SQEWQUAD    98, 0,
                 0  2646  3200  3045  -415   864  -227     0     0     0
                 0     0     0     0     0     0     0     0     0     0
                 0     0     0     0     0     0     0     0    46     0
                 0     0     0     0     0     0     0     0     0     0
                 0     0     0     0     0     0     0     0     0     0
                 0     0     0     0     0     0     0     0     0     0
                 0     0     0     0     0     0     0     0     0    -6
                 0     0     0     0     0     0     0     0     0     0
                 0     0     0     0     0     0     0     0     0     0
                 0   257  -326   415   -93  2623  2519     0
 CSR SQEWSEXT     4, 0,
                 0  -950   388  -336
 EXF BEND CUR     5, 0,
             25973     0 29531     0 25544
 EXF HORZ CUR     1, 0,
             -3326
 EXF VERT CUR     3, 0,
              1003 -1506 -1268
 EXF QUAD CUR     5, 0,
             36959 38723 15919  6631  4401
 WXF BEND CUR     2, 0,
             30881 31947
 WXF HORZ CUR     1, 0,
             -2383
 WXF VERT CUR     3, 0,
                84    62   127
 WXF QUAD CUR     5, 0,
             40820 36570  7676  9075 12397
 EXF BUMP HV      7, 0,
               229     0     0     0   204     0   165
 EXF BUMP VAR     6, 0,
               584     1   593     0     0     1
 EXF KICK HV      1, 0,
               600
 EXF KICK CUR     1, 0,
               500
 EXF PING HV      1, 0,
                 6
 EXF PING VAR     1, 0,
                 2
 EXF SEPT CUR     3, 0,
               698  1709  1055
 WXF BUMP HV      4, 0,
               399    98   442   327
 WXF BUMP VAR     3, 0,
                 1   162   738
 WXF KICK HV      1, 0,
               520
 WXF KICK CUR     1, 0,
               701
 WXF PING HV      2, 0,
                 0   148
 WXF SEPT CUR     3, 0,
               259   705  1521
 CSR XFR TIME     5, 0,
                60    60    60     0     0
 TIM TRANSFER    23, -1, 7,
                 80 187517  21616  19667      0  22127  22104  22148  18141  15902
                  0  17975  17997  18008      0      0  18573  18573  18274      0
                  0      0     27
 CSR QSCANBOX    40, 0,
                 0     0     0     0     0     0     0     0     0     0
                 0     0     0     0     0     0     0     0     0     0
                 0     0     0     0     0     0     0     0     0     0
                 0     0     0     0     0     0     0     0     0     0
 CSRSYLTP CON     6, 0,
               437   200   508  1023     0     0
 CSRSYLTE CON     6, 0,
               652   678   795  1023     0     0
 CSRSYLTOUCHY     4, 0,
               322   615   417   398
 CSR HSCR CON    10, 0,
                 0     0     0     0     0     0     0     0     0     0
 CSR VSP VOLT     6, 0,
              -289   289  1168  1168  1198  1198
 CSR VSP CON      7, 0,
                 0   231     0     0     0     0     0
 CSR VSP VAR      2, 0,
                 0     0
 CSR SAVRECRD   100, 0,
             79383 79382 79333 79332 79331 79233 79232 79231 79230 79215
             79213 79212 79211 79208 79207 79206 79205 79202 79201 79200
             79187 79186 79185 79184 79183 79174 79173 79171 79169 79168
             79167 79166 79164 79163 79162 79110 79107 79097 79096 79093
             79083 79077 79076 79072 79070 79069 79065 79063 79032 79009
             79008 79007 79006 79005 78916 78915 78914 78913 78910 78909
             78879 78878 78793 78792 78779 78654 78646 78641 78640 78628
             78625 78614 78597 78596 78588 78587 78582 78581 78580 78579
             78567 78566 78565 78564 78563 78562 78561 78560 78559 78558
             78557 78556 78547 78546 78545 78544 78543 78542 78541 78540
 CLEO END CAP     8, 0,
              -116    -1  -126   -34    -7   -40    -9   -54
 XFR SEPT POS     4, 0,
                -1    -1   328     0
 XFR SEPT TLT     4, 0,
                -1    -1   282     0
 CSR LUMCALIB    10, 0,
              4280  4184  3100  3100     0     0     0     0     0     0
 CSR POLARITY     5, 0,
                 1     2     4     0     0
 CSR ROTQ TLT     2, 0,
               175   173
 CSR ROTQ POT    35, 0,
                 1     0     0     0     0     0     0    -1     0     0
                 0     0     0     0     0     0     0     0     0     0
                 0     0    -1     0     0     0     0     0     0     0
              1997     0     0     0     0
 CSR ROTQ RD     42, 0,
                -1    -1  2550  2550  2550    -1    -1  2550  2550  2550
                -1    -1  2550  2550  2550     0     0  2550  2550  2550
                 3    19  2553  2551  2550     3     4  2553  2553  2389
                 0     0    -4     0    -3     0    -2     0    -3     0
                 0     0
 CSR TEMP MON    24, 0,
               235     0     0     0     0   292   375   455   297   315
               330   355   440   292   310   365   325   255   277   350
               375   365   265   362
 CSR ANYTHING     4, 0,
                 0     0     0   474
 CSR QTUNEING    20, -1, 7,
                  0      0      0      0 -10089   8932  -4411   1779      0      0
                  0      0      0      0      0      0      0      0      0      0
 CSR QTANTING    20, 0,
                 0     0     0     0     0   320     0     0     0     0
                 0     0     0     0     0     0     0     0     0     0
 COE QTUNEING   200, 0,
              1000     0     0     0     0     0     0     0     0     0
              1000     0     0     0     0     0     0     0     0     0
              1000     0     0     0     0     0     0     0     0     0
              1000     0     0     0     0     0   837   690    29     0
               500   125    50    12     0     0     0     0     0     0
               500   150    50    12     0     0     0     0     0     0
               500   500    50    50     0     0     0     0     0     0
               500  -500    50   -50     0     0     0     0     0     0
              1000  1000 -1700     0     0     0     0     0     0     0
              1000  1000     0     0     0     0     0     0     0     0
              1000  1000     0     0     0     0     0     0     0     0
              1000   900     0     0     0     0     0     0     0     0
               837   687    12     0     0     0     0     0     0     0
               500   150     0     0     0     0     0     0     0     0
              1000    55     0     0     0     0     0     0     0     0
              1000    12     0     0     0     0     0     0     0     0
               500     0     0     0     0     0     0     0     0     0
               300  1000     0     0     0     0     0     0     0     0
                 0     0     0     0     0     0     0     0     0     0
                 0     0     0     0     0     0     0     0     0     0
 CSR PRETZING    16, 0,
              1705     0     0  -190  -346   -59     0     0     0     0
              -160     0   495     0     0     0
 CSR SQUADING    30, 0,
                 0     0     0     0     0     0     0     0     0     0
                 0     0     0     0     0     0     0     0     0     0
                 0     0     0     0     0     0     0     0     0     0
 CSR VBUMPING    81, 0,
                 0     0     0     0     0     0     0     0     0     0
                 0     0     0     0     0   -52     7    56   -29   -44
                 0     0    14    51     0   -15     0    17     0     0
                 0    75     0     0     0     0     0     0     0     0
                 0     0     0     0     0     0     0     0     0     0
                 0    -7    19     0     0     0     0    33     0     0
                 0     0     0     0     0     0     0     0     0     0
                 0     0     0     0     0     0     0     0     0     0
                 0
 CSR VBLIMING     4, 0,
                 0   450     0     0
 CHS CBUMPING    30, 0,
                 0     0     0     0     0     0     0     0     0     0
               -69     0    18     0     0     0   208   -15   -99     0
              -145     0   -17     0     0     0     0     0     0     0
 CSR HBUMPING    96, 0,
                 0     0     0     0     0     0     0     0     0     0
                 0     0     0     0     0     0     0     0     0     0
                 0     0     0     0     0     0     0     0     0     0
                 0     0     0     0     0     0     0     0     0     0
                 0     0     0     0     0     0     0     0     0     0
                 0     0     0     0     0     0     0     0     0     0
                 0     0     0     0     0     0     0     0     0     0
                 0     0     0     0     0     0     0     0     0     0
                 0     0     0     0     0     0     0     0     0     0
                 0     0     0     0     0     0
 CSR HBLIMING    24, 0,
              1636  1902  1405 -2506     0 -1303     0     0     0     0
                 0     0     0     0     0     0     0     0     0     0
                 0     0     0     0
 CSR HBLMPING    54, 0,
                 0     0     0    50     0     0    49     0     0     0
                 0     0     0     0     0     0     0     0     0     0
                 0     0     0     0     0     0     0     0     0     0
                 0     0     0     0     0     0     0     0     0     0
                 0     0     0     0     0     0     0     0     0     0
                 0     0     0     0
 CSR XQUNEING    45, 0,
               925   -85   -17    -4     0     0     0     0     0     0
                 0     0     0     0     0     0     0     0     0     0
                 0     0     0     0     0     0     0     0     0     0
                 0     0     0     0     0     0     0     0     0     0
                 0     0     0     0     0
 CSR XQANTING    45, 0,
                 0     0     0     0     0     0     0     0     0     0
                 0     0     0     0     0     0     0     0     0     0
                 0     0     0     0     0     0     0     0     0     0
                 0     0     0     0     0     0     0     0     0     0
                 0     0     0     0     0
 CSR BBDIPING     3, 0,
                 0     0     0
 CSR COUPLING    10, 0,
                 0     0     0     0     0     0     0     0     0     0
 CSR VBSAVING    20, 0,
                 0     0     0     0     0     0     0     0     0     0
                 0     0     0     0     0     0     0     0     0     0
 COE VBSAVING   120, 0,
              1614  2634  1832     0     0     0  1599  2632  1832     0
                 0     0     0     0     0     0     0     0     0     0
                 0     0     0     0     0     0     0     0     0     0
                 0     0     0     0     0     0     0     0     0     0
                 0     0     0     0     0     0     0     0     0     0
                 0     0     0     0     0     0     0     0     0     0
                 0     0     0     0     0     0     0     0     0     0
                 0     0     0     0     0     0     0     0     0     0
                 0     0     0     0     0     0     0     0     0     0
                 0     0     0     0     0     0     0     0     0     0
                 0     0     0     0     0     0     0     0     0     0
                 0     0     0     0     0     0     0     0     0     0
 LOC VBSAVING   120, 0,
                 5     9    13     0     0     0    94    90    86     0
                 0     0     0     0     0     0     0     0     0     0
                 0     0     0     0     0     0     0     0     0     0
                 0     0     0     0     0     0     0     0     0     0
                 0     0     0     0     0     0     0     0     0     0
                 0     0     0     0     0     0     0     0     0     0
                 0     0     0     0     0     0     0     0     0     0
                 0     0     0     0     0     0     0     0     0     0
                 0     0     0     0     0     0     0     0     0     0
                 0     0     0     0     0     0     0     0     0     0
                 0     0     0     0     0     0     0     0     0     0
                 0     0     0     0     0     0     0     0     0     0
 CSR HBSAVING    20, 0,
              -600  1000     0 -1000     0     0   101   235     0     0
                 0     0     0     0     0     0     0     0    99     0
 COE HBSAVING   120, -1, 7,
               1649   -401  -1163      0      0      0   1510  -1372  -1332      0
                  0      0   7245  -1944   8354      0      0      0    517  -1557
               1488      0      0      0   1000  -1616   2524      0      0      0
               4180  -3886   4227      0      0      0  -4971   2854   4359      0
                  0      0    947  10000  -4506      0      0      0  10000  -7137
               1598      0      0      0   4916  -1371   2049      0      0      0
                  0      0      0      0      0      0      0      0      0      0
                  0      0      0      0      0      0      0      0      0      0
                  0      0      0      0      0      0      0      0      0      0
                  0      0      0      0      0      0      0      0      0      0
                  0      0      0      0      0      0      0      0   1000   -260
               -971      0      0      0   2489 -10000   8945      0      0      0
 LOC HBSAVING   120, 0,
             10014 10030 10032     0     0     0 10079 10087 10091     0
                 0     0 20005    96    98     0     0     0 10067 10069
             10079     0     0     0 20006    94    98     0     0     0
             20005 20006    96     0     0     0 10003 10004 10009     0
                 0     0 10004 10009 10010     0     0     0 10009 10010
             10012     0     0     0 10009 10012 10014     0     0     0
                 0     0     0     0     0     0     0     0     0     0
                 0     0     0     0     0     0     0     0     0     0
                 0     0     0     0     0     0     0     0     0     0
                 0     0     0     0     0     0     0     0     0     0
                 0     0     0     0     0     0     0     0    73    71
                63     0     0     0    98    97    96     0     0     0
 CHS PM WIGRD    10, 0,
                 0     1     0     1     0     0     1     1     1     0
 CHS WJAW RD      4, 0,
              1744  1751     7  2006
 CSR VCROSING    10, 0,
                 0     0     0   289    10  2211   -26     0     0     0
 CSR SA SAVE      8, 0,
                 0     0     0     0     0     0     0     0
 CSR ENERGY       7, 0,
              4730  4730  4729  4730  4730  4730  4730
 CLEO BUMPING    20, 0,
                 0     0     0     0     0     0     0     0     0     0
                 0     0     0     0     0     0     0     0     0     0
 CRF FREQ CON     2, 0,
                 0     1
 CSR NMR READ     4, 0,
                23 38242    73 18244
 CSR ANLGRSTA     9, 0,
                 0     0     0     0     0     0     0     0     0
 CSR ANLGRSTB     8, 0,
                 0   999     0    24     0     0     0     0
 CHS FEED OFF     2, 0,
                 0     0
 CSR BETASING    10, 0,
              1524  1000     0     0     0     0     0     0     0     0
 TIM CESR        20, -1, 7,
              -6894   3317    300 -98500      0      0  76125      0      2      0
                 -2   2959      0      0      0      0      0      0      0      0
 CSR HPHASING    80, 0,
                 0     0     0     0     0     0     0     0     0     0
                 0     0     0     0     0     0     0     0     0     0
                 0     0     0     0     0     0     0     0     0     0
                 0     0     0     0     0     0     0     0     0     0
                 0     0     0     0     0     0     0     0     0     0
                 0     0     0     0     0     0     0     0     0     0
                 0     0     0     0     0     0     0     0     0     0
                 0     0     0     0     0     0     0     0     0     0
 CSR HPHASSYM    80, 0,
                 0     0     0     0     0     0     0     0     0     0
                 0     0     0     0     0     0     0     0     0     0
                 0     0     0     0     0     0     0     0     0     0
                 0     0     0     0     0     0     0     0     0     0
                 0     0     0     0     0     0     0     0     0     0
                 0     0     0     0     0     0     0     0     0     0
                 0     0     0     0     0     0     0     0     0     0
                 0     0     0     0     0     0     0     0     0     0
 CSR HPHASANT    80, 0,
                 6     0     0     0   500     0     0     0     0     0
                 0     0     0     0     0     0     0     0     0     0
                 0     0     0     0     0     0     0     0     0     0
                 0     0     0     0     0     0     0     0    92     0
               -47     0  -500     0     0     0     0     0     0     0
              -100     0     0     0     0     0     0     0     0     0
                 0     0     0     0     0     0   225     0     0     0
                 0     0     0     0     0     0     0     0     0     0
 CSR VPHASING    80, 0,
                 0     0     0     0     0     0     0     0     0     0
                 0     0     0     0     0     0     0     0     0     0
                 0     0     0     0     0     0     0     0     0     0
                 0     0     0     0     0     0     0     0     0     0
                 0     0     0     0     0     0     0     0     0     0
                 0     0     0     0     0     0     0     0     0     0
                 0     0     0     0     0     0     0     0     0     0
                 0     0     0     0     0     0     0     0     0     0
 CSR VPHASSYM    80, 0,
                 0     0     0     0     0     0     0     0     0     0
                 0     0     0     0     0     0     0     0     0     0
                 0     0     0     0     0     0     0     0     0     0
                 0     0     0     0     0     0     0     0     0     0
                 0     0     0     0     0     0     0     0     0     0
                 0     0     0     0     0     0     0     0     0     0
                 0     0     0     0     0     0     0     0     0     0
                 0     0     0     0     0     0     0     0     0     0
 CSR VPHASANT    80, 0,
                 0     0     0     0     0     0     0     0     0     0
                 0     0     0     0     0     0     0     0     0     0
                 0     0     0     0     0     0     0     0     0     0
                 0     0     0     0     0     0     0     0     0     0
               -64     0     0     0     0     0   498     0     0     0
                 0     0     0     0     0     0     0     0     0     0
                 0     0     0     0     0     0     0     0     0     0
                 0     0     0     0     0     0     0     0     0     0
 CSR OCTUPING     8, 0,
               197     0     0  -200     0     0     0     0
 CSR HSCR POT     4, 0,
               141    71     0     0
 RELATED SETS    20, 0,
             79193 79370 79383 79322 79178 79179 78545     0     0     0
                 0     0     0     0     0     0     0     0     0     0
