 Version 1.0  Save set taken   12/12/2001   18:57:22                    
                                                                        
 CSR LATTICE     10,    40,
 CESRC_3S_V2                             
 DIMAT                                   
     0.0172,    1.8749,    0.0055,       
 4                                       
    -1.1343,    0.5519,                  
     5.2890,                             
 7                                       
 8                                       
 9                                       
 A                                       
 CSR HSP VOLT     6, 0,
               373     0   451   451     0   330
 CSR HSP VVAL    12, 0,
               190   189     0     0   226   225   228   224     0     0
               163   164
 CSR HSP MAIL    40, 0,
              1526  1440     0     0     0     0     0     0     0     0
                 0     0     0     0     0     0     0     0     0     0
                 0     0     0     0     0     0     0     0     0     0
                 0     0     0     0     0     0     0     0     0     0
 SYN MAG CUR      1, 0,
             38448
 CSR HBND CUR     6, 0,
              5007  3784   951  1771  3415  4907
 CSR HORZ CUR    98, 0,
               312  -482   -42   281     0     0    82     0   408   410
                 0    34     0   124     0  1077     0   -73     0   264
                 0   104     0   187     0    28     0  -160     0   431
                 0   203     0  -217     0  -612     0   339     0   274
                 0  -223     0   192     0   227   277     0   992  1861
                 0   515  -954     0   283     0  -651     0   871     0
               -60     0  -389     0   -77     0   -73     0  -358     0
               132     0   250     0  -439     0  -170     0  -130     0
              -389     0  -149     0   361     0  -218     0   -61     0
                 5     0     0     0   115  -328  -251   363
 CSR VERT CUR    98, 0,
              -674  -478     0   138  -345  -103   130   410   179   141
              -192     0  -255     0   397     0   208     0   191     0
              -288     0  -389     0    45     0   178     0   154     0
               -51     0  1557     0 -1981     0   396     0    57     0
              -178     0  -420     0  -430     0   440  -272  -660 -1589
              -746 -1019     0   867     0   234     0   -86     0   -95
                 0   270     0   100   -28  -282     0  -161     0   217
                 0  -291     0  -368     0   108     0   -95     0   -82
                 0   -68     0    43     0  -235     0   125     0  -274
              -149   -56    18    40   225     0   201   153
 CHS VERT CUR     1, 0,
                 0
 CSR QUAD CUR    98, 0,
                 0     0 17206 39176 26949 32737 21467 12394 12654 19625
             17362 21295 16209 20512 17520 20219 20182 18861 24041 16919
             21298 19686 19210 19268 23316 19239 22817 18823 17288 18391
             15602 14836 14686 17636 12629 15627 17200 18592 15320 17399
             16170 17368 19225 16670 22168 19182 30623 49998 19139 19010
             49998 30874 19244 22224 16773 19221 17416 16064 17332 15084
             18677 17474 15646 12659 17720 14975 14859 15508 18333 17302
             19025 22868 19249 23341 19396 19317 19653 21324 17146 23894
             18581 20142 20176 17144 21062 16131 22596 17802 18716 15388
             13200 21563 32953 25949 37939 17401     0     0
 CSR QADD CUR     7, 0,
              3963 27461 27310  3903 18302 18279  1208
 CSR AQUADCON     2, 0,
                 0   175
 CSR SEXT CUR    98, 0,
                 0     0     0     0     0     0     0    48   468   118
               230   -78  -267   114    26   -49   -97   166   364   491
              1024  1314  1946   536  1114  1072  1600   297   598   450
               707   137   352   378   784   482  1128   629  1386   565
              1184    51    73   131    63     0     0     0     0     0
                 0     0     0    47   134   115    42  1187   584  1413
               707  1168   606   824   408   309    97   676   469   621
               288  1600  1155  1140   551  1947  1247   945   466   357
               189   -34     1    20   122  -301  -202   234   122   402
                21     0     0     0     0     0     0     0
 SCIR SKSXCUR     1, 0,
              -628
 CHS UND VERT     2, 0,
                 0     0
 CHS UND HORZ     2, 0,
                 0     0
 CSR OCTU CUR     4, 0,
              -411   552   455     0
 CSR SQEWQUAD    98, 0,
                 0  2981  1929     0     0     0     0     0     0     0
                 0     0     0     0     0     0     0     0     0     0
                 0     0     0     0     0     0     0     0     0     0
                 0     0     0     0     0     0     0     0     0     0
                 0     0     0     0     0     0     0     0     0     0
                 0     0     0     0     0     0     0     0     0     0
                 0     0     0     0     0     0     0     0     0     0
                 0     0     0     0     0     0     0     0     0     0
                 0     0     0     0     0     0     0     0     0     0
                 0     0     0     0     0  2358  2981     0
 CSR SQEWSEXT     4, 0,
                 0     0     0     0
 EXF BEND CUR     5, 0,
             28553     0 32381     0 28306
 EXF HORZ CUR     1, 0,
             -3642
 EXF VERT CUR     3, 0,
               680 -1300  -794
 EXF QUAD CUR     5, 0,
             40467 41833 17261  6485  4819
 WXF BEND CUR     2, 0,
             33728 34899
 WXF HORZ CUR     1, 0,
             -2645
 WXF VERT CUR     3, 0,
                92   168   157
 WXF QUAD CUR     5, 0,
             44547 39909  8374  9903 13529
 EXF BUMP HV      7, 0,
               283    37     0     0   244     0   175
 EXF BUMP VAR     6, 0,
               773    89   559     0     0     1
 EXF KICK HV      1, 0,
               600
 EXF KICK CUR     1, 0,
               601
 EXF PING HV      1, 0,
                 9
 EXF PING VAR     1, 0,
                 2
 EXF SEPT CUR     3, 0,
               787  1835  1138
 WXF BUMP HV      4, 0,
               527   106   575   485
 WXF BUMP VAR     3, 0,
                 0   105   738
 WXF KICK HV      1, 0,
               520
 WXF KICK CUR     1, 0,
               701
 WXF PING HV      2, 0,
                 0    79
 WXF SEPT CUR     3, 0,
               283   770  1657
 CSR XFR TIME     5, 0,
                60    60    60    60     0
 TIM TRANSFER    23, -1, 7,
                 80 185473  22396  20147     60  22132  22165  22156  17995  15574
                  0  17867  17947  17896      0      0  18573  18573  22443      0
                  0      0      6
 CSR QSCANBOX    40, 0,
                 0     0     0     0     0     0     0     0     0     0
                 0     0     0     0     0     0     0     0     0     0
                 0     0     0     0     0     0     0     0     0     0
                 0     0     0     0     0     0     0     0     0     0
 CSRSYLTP CON     6, 0,
               432   201   342  1023     0     0
 CSRSYLTE CON     6, 0,
               679   671   815  1023     0     0
 CSRSYLTOUCHY     4, 0,
               290   627   419   393
 CSR HSCR CON    10, 0,
                 0     0     0     0     0     0     0     0     0     0
 CSR VSP VOLT     6, 0,
                 0     0  1137  1137  1137  1137
 CSR VSP CON      7, 0,
                 0   224     0     0     0     0     0
 CSR VSP VAR      2, 0,
                 0     0
 CSR SAVRECRD   100, 0,
             77415 76498 76444 76438 76437 76429 76385 76326 75918 75914
             75911 75743 75742 75712 75687 75636 75633 75632 75627 75625
             75622 75618 75614 75612 75608 75607 75606 75605 75593 75552
             75527 75525 75524 75522 75521 75520 75516 75515 75514 75512
             75509 75507 75505 75503 75456 75455 75452 75451 75445 75444
             75443 75442 75441 75434 75408 75402 75394 75390 75383 75381
             75378 75377 75372 75369 75368 75367 75366 75363 75362 75360
             75358 75357 75352 75351 75350 75349 75347 75346 75342 75341
             75340 75337 75336 75322 75321 75320 75319 75318 75317 75316
             75315 75314 75309 75308 75307 75306 75305 75304 75303 75301
 CLEO END CAP     8, 0,
                -6     2   -28   -18    -6    -3    -4   -14
 XFR SEPT POS     4, 0,
                -1     0   328     0
 XFR SEPT TLT     4, 0,
                 0     1   281     0
 CSR LUMCALIB    10, 0,
              4280  4184  3100  3100     0     0     0     0     0     0
 CSR POLARITY     5, 0,
                 1     1     1     0     0
 CSR ROTQ TLT     2, 0,
               375   308
 CSR ROTQ POT    35, 0,
                 1     0     0     0     0     0     0    -1     0     0
                 0     0     0     0     0     0     0     0     0     0
                 0     0    -1     0     0    -4     0     0     0     0
              1996     0     0     0     0
 CSR ROTQ RD     42, 0,
                -2    -1  2550  2550  2550    -1    -1  2550  2550  2550
                -1    -1  2550  2550  2550    -1    -1  2550  2550  2550
                 2    -1  2552  2550  2550     1     2  2552  2551  2325
                 0     0    -4     0    -2     0    -3     0    19     0
                 0     0
 CSR TEMP MON    24, 0,
               252     0     0     0     0   240   312   332   277   285
               295   305   290   240   277   277   267   245   257   300
               295   290   257   285
 CSR ANYTHING     4, 0,
                 0     0     0   474
 CSR QTUNEING    20, 0,
                 0     0     0     0    85 11667  1059  2001     0     0
                 0     0     0     0     0     0     0     0     0     0
 CSR QTANTING    20, 0,
                 0     0     0     0     0   320     0     0     0     0
                 0     0     0     0     0     0     0     0     0     0
 COE QTUNEING   200, 0,
              1000     0     0     0     0     0     0     0     0     0
              1000     0     0     0     0     0     0     0     0     0
              1000     0     0     0     0     0     0     0     0     0
              1000     0     0     0     0     0   837   690    29     0
               500   125    50    12     0     0     0     0     0     0
               500   150    50    12     0     0     0     0     0     0
               500   500    50    50     0     0     0     0     0     0
               500  -500    50   -50     0     0     0     0     0     0
              1000  1000 -1700     0     0     0     0     0     0     0
              1000  1000     0     0     0     0     0     0     0     0
              1000  1000     0     0     0     0     0     0     0     0
              1000   900     0     0     0     0     0     0     0     0
               837   687    12     0     0     0     0     0     0     0
               500   150     0     0     0     0     0     0     0     0
              1000    55     0     0     0     0     0     0     0     0
              1000    12     0     0     0     0     0     0     0     0
               500     0     0     0     0     0     0     0     0     0
               300  1000     0     0     0     0     0     0     0     0
                 0     0     0     0     0     0     0     0     0     0
                 0     0     0     0     0     0     0     0     0     0
 CSR PRETZING    16, 0,
              1020     0     0     0     0     0     0     0     0     0
                 0     0  -700     0     0     0
 CSR SQUADING    30, 0,
                 0     0     0     0     0     0     0     0     0     0
                 0     0     0     0     0     0     0     0     0     0
                 0     0     0     0     0     0     0     0     0     0
 CSR VBUMPING    81, 0,
                 0     0     0     0     0     0     0     0     0     0
                 0     0     0     0     0     0     0     0     0     0
                 0     0     0     0     0     0     0  -198   862     0
                 0     0     0     0     0     0     0     0     0     0
                 0     0     0     0     0     0     0     0     0     0
                 0     0     0     0     0     0     0     0     0     0
                 0     0     0     0     0     0     0     0     0     0
                 0     0     0     0     0     0     0     0     0     0
                 0
 CSR VBLIMING     4, 0,
                34   486     0     0
 CHS CBUMPING    30, 0,
                 0     0     0     0     0     0     0     0     0     0
                 0     0     0     0     0     0     0     0     0     0
                 0     0     0     0     0     0     0     0     0     0
 CSR HBUMPING    96, 0,
                 0     0     0     0     0     0     0     0     0     0
                 0     0     0     0     0     0     0     0     0     0
                 0     0     0     0     0     0     0     0     0     0
                 0     0     0     0     0     0     0     0     0     0
                 0     0     0     0     0     0     0     0     0     0
                 0     0     0     0     0     0     0     0     0     0
                 0     0     0     0     0     0     0     0     0     0
                 0     0     0     0     0     0     0     0     0     0
                 0     0     0     0     0     0     0     0     0     0
                 0     0     0     0     0     0
 CSR HBLIMING    24, 0,
              1130  1888  1502 -2672     0 -1539     0     0     0     0
                 0     0     0     0     0     0     0     0     0     0
                 0     0     0     0
 CSR HBLMPING    54, 0,
                 0     0     0    50     0     0    49     0     0     0
                 0     0     0     0     0     0     0     0     0     0
                 0     0     0     0     0     0     0     0     0     0
                 0     0     0     0     0     0     0     0     0     0
                 0     0     0     0     0     0     0     0     0     0
                 0     0     0     0
 CSR XQUNEING    45, 0,
               270   246     0   -34     0     0     0     0     0     0
                 0     0     0     0     0     0     0     0     0     0
                 0     0     0     0     0     0     0     0     0     0
                 0     0     0     0     0     0     0     0     0     0
                 0     0     0     0     0
 CSR XQANTING    45, 0,
                 0     0     0     0     0     0     0     0     0     0
                 0     0     0     0     0     0     0     0     0     0
                 0     0     0     0     0     0     0     0     0     0
                 0     0     0     0     0     0     0     0     0     0
                 0     0     0     0     0
 CSR BBDIPING     3, 0,
                 0     0     0
 CSR COUPLING    10, 0,
                 0     0     0     0     0     0     0     0     0     0
 CSR VBSAVING    20, 0,
                 0     0     0     0     0     0     0     0     0     0
                 0     0     0     0     0     0     0     0     0     0
 COE VBSAVING   120, 0,
              1614  2634  1832     0     0     0  1599  2632  1832     0
                 0     0     0     0     0     0     0     0     0     0
                 0     0     0     0     0     0     0     0     0     0
                 0     0     0     0     0     0     0     0     0     0
                 0     0     0     0     0     0     0     0     0     0
                 0     0     0     0     0     0     0     0     0     0
                 0     0     0     0     0     0     0     0     0     0
                 0     0     0     0     0     0     0     0     0     0
                 0     0     0     0     0     0     0     0     0     0
                 0     0     0     0     0     0     0     0     0     0
                 0     0     0     0     0     0     0     0     0     0
                 0     0     0     0     0     0     0     0     0     0
 LOC VBSAVING   120, 0,
                 5     9    13     0     0     0    94    90    86     0
                 0     0     0     0     0     0     0     0     0     0
                 0     0     0     0     0     0     0     0     0     0
                 0     0     0     0     0     0     0     0     0     0
                 0     0     0     0     0     0     0     0     0     0
                 0     0     0     0     0     0     0     0     0     0
                 0     0     0     0     0     0     0     0     0     0
                 0     0     0     0     0     0     0     0     0     0
                 0     0     0     0     0     0     0     0     0     0
                 0     0     0     0     0     0     0     0     0     0
                 0     0     0     0     0     0     0     0     0     0
                 0     0     0     0     0     0     0     0     0     0
 CSR HBSAVING    20, 0,
              -600  1000     0 -1000     0     0   101   235     0     0
                 0     0     0     0     0     0     0     0    99     0
 COE HBSAVING   120, -1, 7,
               1649   -401  -1163      0      0      0   1510  -1372  -1332      0
                  0      0   7245  -1944   8354      0      0      0    517  -1557
               1488      0      0      0   1000  -1616   2524      0      0      0
               4180  -3886   4227      0      0      0  -4971   2854   4359      0
                  0      0    947  10000  -4506      0      0      0  10000  -7137
               1598      0      0      0   4916  -1371   2049      0      0      0
                  0      0      0      0      0      0      0      0      0      0
                  0      0      0      0      0      0      0      0      0      0
                  0      0      0      0      0      0      0      0      0      0
                  0      0      0      0      0      0      0      0      0      0
                  0      0      0      0      0      0      0      0   1000   -260
               -971      0      0      0   2489 -10000   8945      0      0      0
 LOC HBSAVING   120, 0,
             10014 10030 10032     0     0     0 10079 10087 10091     0
                 0     0 20005    96    98     0     0     0 10067 10069
             10079     0     0     0 20006    94    98     0     0     0
             20005 20006    96     0     0     0 10003 10004 10009     0
                 0     0 10004 10009 10010     0     0     0 10009 10010
             10012     0     0     0 10009 10012 10014     0     0     0
                 0     0     0     0     0     0     0     0     0     0
                 0     0     0     0     0     0     0     0     0     0
                 0     0     0     0     0     0     0     0     0     0
                 0     0     0     0     0     0     0     0     0     0
                 0     0     0     0     0     0     0     0    73    71
                63     0     0     0    98    97    96     0     0     0
 CHS PM WIGRD    10, 0,
                 0     1     1     1     0     0     1     1     1     0
 CHS WJAW RD      4, 0,
              1745  1750    -3  2007
 CSR VCROSING    10, 0,
                 0     0     0     0     0  2165  1200     0     0     0
 CSR SA SAVE      8, 0,
                 0     0     0     0     0     0     0     0
 CSR ENERGY       7, 0,
              5178  5174  5178  5178  5175  5175  5289
 CLEO BUMPING    20, 0,
                 0     0     0     0     0     0     0     0     0     0
                 0     0     0     0     0     0     0     0     0     0
 CRF FREQ CON     2, 0,
                 0     1
 CSR NMR READ     4, 0,
                25 26240    84  5496
 CSR ANLGRSTA     9, 0,
                 0     0     0     0     0     0     0     0     0
 CSR ANLGRSTB     8, 0,
                 0   999     0    24     0     0     0     0
 CHS FEED OFF     2, 0,
                 0     0
 CSR BETASING    10, 0,
              1700  1000     0     0     0     0     0     0     0     0
 TIM CESR        20, -1, 7,
              -6894   3317    300 -98500      0      0  76125      0      2      0
                 -2   2959      0      0      0      0      0      0      0      0
 CSR HPHASING    80, 0,
                 0     0     0     0     0     0     0     0     0     0
                 0     0     0     0     0     0     0     0     0     0
                 0     0     0     0     0     0     0     0     0     0
                 0     0     0     0     0     0     0     0     0     0
                 0     0     0     0     0     0     0     0     0     0
                 0     0     0     0     0     0     0     0     0     0
                 0     0     0     0     0     0     0     0     0     0
                 0     0     0     0     0     0     0     0     0     0
 CSR HPHASSYM    80, 0,
                 0     0     0     0     0     0     0     0     0     0
                 0     0     0     0     0     0     0     0     0     0
                 0     0     0     0     0     0     0     0     0     0
                 0     0     0     0     0     0     0     0     0     0
                 0     0     0     0     0     0     0     0     0     0
                 0     0     0     0     0     0     0     0     0     0
                 0     0     0     0     0     0     0     0     0     0
                 0     0     0     0     0     0     0     0     0     0
 CSR HPHASANT    80, 0,
                 6     0     0     0   500     0     0     0     0     0
                 0     0     0     0     0     0     0     0     0     0
                 0     0     0     0     0     0     0     0     0     0
                 0     0     0     0     0     0     0     0    92     0
               -47     0  -500     0     0     0     0     0     0     0
              -100     0     0     0     0     0     0     0     0     0
                 0     0     0     0     0     0   225     0     0     0
                 0     0     0     0     0     0     0     0     0     0
 CSR VPHASING    80, 0,
                 0     0     0     0     0     0     0     0     0     0
                 0     0     0     0     0     0     0     0     0     0
                 0     0     0     0     0     0     0     0     0     0
                 0     0     0     0     0     0     0     0     0     0
                 0     0     0     0     0     0     0     0     0     0
                 0     0     0     0     0     0     0     0     0     0
                 0     0     0     0     0     0     0     0     0     0
                 0     0     0     0     0     0     0     0     0     0
 CSR VPHASSYM    80, 0,
                 0     0     0     0     0     0     0     0     0     0
                 0     0     0     0     0     0     0     0     0     0
                 0     0     0     0     0     0     0     0     0     0
                 0     0     0     0     0     0     0     0     0     0
                 0     0     0     0     0     0     0     0     0     0
                 0     0     0     0     0     0     0     0     0     0
                 0     0     0     0     0     0     0     0     0     0
                 0     0     0     0     0     0     0     0     0     0
 CSR VPHASANT    80, 0,
                 0     0     0     0     0     0     0     0     0     0
                 0     0     0     0     0     0     0     0     0     0
                 0     0     0     0     0     0     0     0     0     0
                 0     0     0     0     0     0     0     0     0     0
               -64     0     0     0     0     0   498     0     0     0
                 0     0     0     0     0     0     0     0     0     0
                 0     0     0     0     0     0     0     0     0     0
                 0     0     0     0     0     0     0     0     0     0
 CSR OCTUPING     8, 0,
               197     0     0  -200     0     0     0     0
 CSR HSCR POT     4, 0,
               143    71     0     4
 RELATED SETS    20, 0,
             77318 77320 77415 76045 77323 77324 77251     0     0     0
                 0     0     0     0     0     0     0     0     0     0
