 Version 1.0  Save set taken    6/13/2002   22:48:35                    
                                                                        
 CSR LATTICE     10,    40,
 2S                                      
 DIMAT                                   
     0.0172,    1.8749,    0.0055,       
 4                                       
    -1.1343,    0.5519,                  
     5.2890,                             
 7                                       
 8                                       
 9                                       
 A                                       
 CSR HSP VOLT     6, 0,
              1061     0  1359  1362     0  1068
 CSR HSP VVAL    12, 0,
               532   534     0     0   683   682   691   685     0     0
               537   538
 CSR HSP MAIL    40, 0,
              1526  1440     0     0     0     0     0     0     0     0
                 0     0     0     0     0     0     0     0     0     0
                 0     0     0     0     0     0     0     0     0     0
                 0     0     0     0     0     0     0     0     0     0
 SYN MAG CUR      1, 0,
             38775
 CSR HBND CUR     6, 0,
              5312  3496  1665  2692  4170  5140
 CSR HORZ CUR    98, 0,
               228   -65   -17    24     0     0  -800     0    53   125
                 0  -377     0   594     0   427     0   478     0   680
                 0   -43     0    75     0  -396     0  -156     0   730
                 0    44     0  -569     0   290     0    84     0   577
                 0  -165     0   896     0 -1027   294     0  1060  2123
                 0   595   -94     0  -768     0   -85     0   783     0
               -61     0  -462     0  -220     0  -456     0  -350     0
              -256     0  -283     0  -327     0  -456     0  -329     0
              -387     0  -107     0   214     0  -128     0     7     0
               590     0     0     0   367  -137    77   569
 CSR VERT CUR    98, 0,
             -1465 -1940     0  1404  -377    73   549   153   340   150
              -313     0  -365     0   426     0   259     0   107     0
               -99     0  -382     0   140     0   286     0    14     0
                37     0   136     0  -358     0  -305     0  -146     0
              -261     0  -279     0  -263     0   646  -336 -1110 -2265
              -954 -1186     0   242     0   473     0  -274     0   -44
                 0   310     0    49   -13  -142     0   -70     0   219
                 0  -178     0  -320     0   142     0    63     0    42
                 0  -110     0    85     0  -418     0   103     0   515
             -1038    41   147   778   783     0   183  -437
 CHS VERT CUR     1, 0,
                 0
 CSR QUAD CUR    98, 0,
                 0     0 16692 37859 26479 30998 21119 12465 12450 18648
             15971 20176 15298 19952 16484 19502 19610 18063 23635 15974
             20600 18870 18575 18797 22447 18468 22197 18020 17181 18395
             14771 14275 14340 16848 12174 14501 16152 18238 14773 16734
             15842 16899 18976 16310 21729 18827 29694 45995 18115 18057
             45842 29780 18950 21749 16399 18947 16914 15807 16827 14647
             18291 16324 14490 12253 16932 14556 14311 14873 18331 17156
             18135 22100 18559 22392 18805 18623 18838 20674 16151 23440
             17831 19461 19437 16554 20148 15684 20358 16671 18233 13258
             10912 18868 32220 26777 37810 17216     0     0
 CSR QADD CUR     7, 0,
              3756 26280 26055  3708 17736 17819     0
 CSR AQUADCON     2, 0,
                 0   175
 CSR SEXT CUR    98, 0,
                 0     0     0     0     0     0     0    28   531   166
               354   265   602   282   944   281   551   277  1007   230
               477   487  1145    41    27   412  1039   122   197   336
               687   234   739   409   818   631  1354   466  1015   428
              1121   287   659    13   -64     0     0     0     0     0
                 0     0     0   -49     5   456   222   841   437  1050
               528  1573   643   769   383   648   225   616   333   294
               110  1132   462   116    25  1117   437   339   163   989
               336   690   325  1071   266   483   264   267   165   569
                35     0     0     0     0     0     0     0
 SCIR SKSXCUR     1, 0,
                 0
 CHS UND VERT     2, 0,
                 0     0
 CHS UND HORZ     2, 0,
                 0     0
 CSR OCTU CUR     4, 0,
             -2005  2800     0  -273
 CSR SQEWQUAD    98, 0,
                 0  2865  2777  1012   385  1175     0     0     0     0
                 0     0     0     0     0     0     0     0     0     0
                 0     0     0     0     0     0     0     0     0     0
                 0     0     0     0     0     0     0     0     0     0
                 0     0     0     0     0     0     0     0     0     0
                 0     0     0     0     0     0     0     0     0     0
                 0     0     0     0     0     0     0     0     0     0
                 0     0     0     0     0     0     0     0     0     0
                 0     0     0     0     0     0     0     0     0     0
                 0     0   239   -79    73  3170  3200     0
 CSR SQEWSEXT     4, 0,
                 0   274     0  -629
 EXF BEND CUR     5, 0,
             27495     0 31189     0 26810
 EXF HORZ CUR     1, 0,
             -3657
 EXF VERT CUR     3, 0,
               914  -811 -1450
 EXF QUAD CUR     5, 0,
             39077 40884 16808  6999  4646
 WXF BEND CUR     2, 0,
             32462 33615
 WXF HORZ CUR     1, 0,
             -2462
 WXF VERT CUR     3, 0,
                -4   146   275
 WXF QUAD CUR     5, 0,
             42928 38457  8072  9541 13038
 EXF BUMP HV      7, 0,
               240    81     0     0   225     0   153
 EXF BUMP VAR     6, 0,
               758   283   606     0     0     1
 EXF KICK HV      1, 0,
               600
 EXF KICK CUR     1, 0,
               594
 EXF PING HV      1, 0,
               255
 EXF PING VAR     1, 0,
               178
 EXF SEPT CUR     3, 0,
               759  1728  1135
 WXF BUMP HV      4, 0,
               454   103   516   387
 WXF BUMP VAR     3, 0,
                 0   141   738
 WXF KICK HV      1, 0,
               520
 WXF KICK CUR     1, 0,
               706
 WXF PING HV      2, 0,
                 0    83
 WXF SEPT CUR     3, 0,
               284   767  1613
 CSR XFR TIME     5, 0,
                60    60    60     0     0
 TIM TRANSFER    25, 0,
                80  -141 21562 19667     0 22127 22104 22148 21691 15902
                 0 17975 17997 18008     0     0 18573 18573 18274     0
                 0     0    13 10940 12190
 CSR QSCANBOX    40, 0,
                 0     0     0     0     0     0     0     0     0     0
                 0     0     0     0     0     0     0     0     0     0
                 0     0     0     0     0     0     0     0     0     0
                 0     0     0     0     0     0     0     0     0     0
 CSRSYLTP CON     6, 0,
               501   251   317  1023     0     0
 CSRSYLTE CON     6, 0,
               732   676   811  1023     0     0
 CSRSYLTOUCHY     4, 0,
               229   618   475   420
 CSR HSCR CON    10, 0,
                 0     0     0     0     0     0     0     0     0     0
 CSR VSP VOLT     6, 0,
               -46    46  1288  1288  1218  1218
 CSR VSP CON      7, 0,
                 0   224     0     0     0     0     0
 CSR VSP VAR      2, 0,
                 0     0
 CSR SAVRECRD   100, 0,
             83035 83034 83033 83032 83031 83029 83028 83027 83017 82841
             82824 82823 82821 82820 82819 82598 82591 82499 82343 82340
             82333 82333 82332 82330 82328 82325 82321 82320 82319 82316
             82314 82312 82309 82308 82307 82306 82303 82302 82297 82295
             82293 82275 82274 82245 82243 82242 82235 82238 82213 82211
             82206 82138 81910 82200 80552 80551 80542 80541 80540 80539
             80538 80533 80532 80531 80530 80527 80525 80524 80523 80520
             80510 80513 80510 80509 80507 80500 80504 80503 80502 80501
             80500 80329 80327 80326 80325 80324 80323 80322 80321 80306
             80315 80314 80312 80306 80310 80309 80308 80307 80306 80305
 CLEO END CAP     8, 0,
              -200    -7  -208   -52    -5   -64    -9   -67
 XFR SEPT POS     4, 0,
                -1     1   328     0
 XFR SEPT TLT     4, 0,
                -1    -1   282     0
 CSR LUMCALIB    10, 0,
              4280  4184  3100  3100     0     0     0     0     0     0
 CSR POLARITY     5, 0,
                 1     2     4     0     0
 CSR ROTQ TLT     2, 0,
               129    94
 CSR ROTQ POT    35, 0,
                 0     0     0     0     0     0     0    -1     0     0
                 0     0     0     0     0     0     0     0     0     0
                 0     0    -1     0     0     0     0     0     0     0
              1996     0     0     0     0
 CSR ROTQ RD     42, 0,
                -1    -1  2550  2550  2550    -1    -1  2550  2550  2550
                -1    -1  2550  2550  2550    -1    -1  2550  2550  2550
                 2     0  2552  2550  2549     1     2  2551  2551  2477
                 0     0    -4     0    -3     0    -3     0    -2     0
                 0     0
 CSR TEMP MON    24, 0,
               247     0     0     0     0   302   387   450   307   325
               352   362   427   302   332   377   327   265   287   377
               402   390   272   370
 CSR ANYTHING     4, 0,
                 0     0     0   474
 CSR QTUNEING    20, 0,
                 0     0     0     0 -9923  9220 -4411  1779     0     0
                 0     0     0     0     0     0     0     0     0     0
 CSR QTANTING    20, 0,
                 0     0     0     0     0   320     0     0     0     0
                 0     0     0     0     0     0     0     0     0     0
 COE QTUNEING   200, 0,
              1000     0     0     0     0     0     0     0     0     0
              1000     0     0     0     0     0     0     0     0     0
              1000     0     0     0     0     0     0     0     0     0
              1000     0     0     0     0     0   837   690    29     0
               500   125    50    12     0     0     0     0     0     0
               500   150    50    12     0     0     0     0     0     0
               500   500    50    50     0     0     0     0     0     0
               500  -500    50   -50     0     0     0     0     0     0
              1000  1000 -1700     0     0     0     0     0     0     0
              1000  1000     0     0     0     0     0     0     0     0
              1000  1000     0     0     0     0     0     0     0     0
              1000   900     0     0     0     0     0     0     0     0
               837   687    12     0     0     0     0     0     0     0
               500   150     0     0     0     0     0     0     0     0
              1000    55     0     0     0     0     0     0     0     0
              1000    12     0     0     0     0     0     0     0     0
               500     0     0     0     0     0     0     0     0     0
               300  1000     0     0     0     0     0     0     0     0
                 0     0     0     0     0     0     0     0     0     0
                 0     0     0     0     0     0     0     0     0     0
 CSR PRETZING    16, 0,
              2800     0     0     0     0     0     0     0     0     0
                25     0   -25     0     0     0
 CSR SQUADING    30, 0,
                 0     0     0     0     0     0     0     0     0     0
                 0     0     0     0     0     0     0     0     0     0
                 0     0     0     0     0     0     0     0     0     0
 CSR VBUMPING    81, 0,
                 0     0     0     0   109     0     0   -84     0     0
                 0     0     0     0    42   -23     0     0     0     0
                 0     0     0     0     0     0     0   284   956     0
                -3     0     0     0     0     0     0     0     0     0
                 0     0     0    90     0     0     0     0     0     0
                 0     0     0     0     0     0     0     0     0     0
                 0     0   -13     0     0     0     0    87     0     0
                 0     0     0     0     0     0     0     0     0     0
                 0
 CSR VBLIMING     4, 0,
               -60   486     0     0
 CHS CBUMPING    30, 0,
                 0     0     0     0     0     0     0     0     0     0
                 0     0     0     0     0     0     2   -23     0     0
                 0     1    -8     0     0     0     0     0     0     0
 CSR HBUMPING    96, 0,
                 0     0     0     0     0     0     0     0     0     0
                 0     0     0     0     0     0     0     0     0  -111
                 0     0     0     0     0     0     0     0     0     0
                 0     0     0     0     0     0     0     0     0  -149
                 0     0     0     0     0     0     0     0     0     0
                 0     0     0     0     0     0  -247     0     0     0
                 0     0     0     0     0     0     0     0     0     0
                 0     0     0     0     0     0    47     0     0     0
                 0     0     0     0     0     0     0     0     0     0
                 0     0     0     0     0     0
 CSR HBLIMING    24, 0,
              3183  1977  1502 -2672     0 -1539     0     0     0     0
                 0     0     0     0     0     0     0     0     0     0
                 0     0     0     0
 CSR HBLMPING    54, 0,
                 0     0     0    50     0     0    49     0     0     0
                 0     0     0     0     0     0     0     0     0     0
                 0     0     0     0     0     0     0     0     0     0
                 0     0     0     0     0     0     0     0     0     0
                 0     0     0     0     0     0     0     0     0     0
                 0     0     0     0
 CSR XQUNEING    45, 0,
               244  -519   -91   -25     0     0     0     0     0     0
                 0     0     0     0     0     0     0     0     0     0
                 0     0     0     0     0     0     0     0     0     0
                 0     0     0     0     0     0     0     0     0     0
                 0     0     0     0     0
 CSR XQANTING    45, 0,
                 0     0     0     0     0     0     0     0     0     0
                 0     0     0     0     0     0     0     0     0     0
                 0     0     0     0     0     0     0     0     0     0
                 0     0     0     0     0     0     0     0     0     0
                 0     0     0     0     0
 CSR BBDIPING     3, 0,
                 0     0     0
 CSR COUPLING    10, 0,
                 0     0     0     0     0     0     0     0     0     0
 CSR VBSAVING    20, 0,
                 0     0     0     0     0     0     0     0     0     0
                 0     0     0     0     0     0     0     0     0     0
 COE VBSAVING   120, 0,
              1614  2634  1832     0     0     0  1599  2632  1832     0
                 0     0     0     0     0     0     0     0     0     0
                 0     0     0     0     0     0     0     0     0     0
                 0     0     0     0     0     0     0     0     0     0
                 0     0     0     0     0     0     0     0     0     0
                 0     0     0     0     0     0     0     0     0     0
                 0     0     0     0     0     0     0     0     0     0
                 0     0     0     0     0     0     0     0     0     0
                 0     0     0     0     0     0     0     0     0     0
                 0     0     0     0     0     0     0     0     0     0
                 0     0     0     0     0     0     0     0     0     0
                 0     0     0     0     0     0     0     0     0     0
 LOC VBSAVING   120, 0,
                 5     9    13     0     0     0    94    90    86     0
                 0     0     0     0     0     0     0     0     0     0
                 0     0     0     0     0     0     0     0     0     0
                 0     0     0     0     0     0     0     0     0     0
                 0     0     0     0     0     0     0     0     0     0
                 0     0     0     0     0     0     0     0     0     0
                 0     0     0     0     0     0     0     0     0     0
                 0     0     0     0     0     0     0     0     0     0
                 0     0     0     0     0     0     0     0     0     0
                 0     0     0     0     0     0     0     0     0     0
                 0     0     0     0     0     0     0     0     0     0
                 0     0     0     0     0     0     0     0     0     0
 CSR HBSAVING    20, 0,
              -600  1000     0 -1000     0     0   101   235     0     0
                 0     0     0     0     0     0     0     0    99     0
 COE HBSAVING   120, -1, 7,
               1649   -401  -1163      0      0      0   1510  -1372  -1332      0
                  0      0   7245  -1944   8354      0      0      0    517  -1557
               1488      0      0      0   1000  -1616   2524      0      0      0
               4180  -3886   4227      0      0      0  -4971   2854   4359      0
                  0      0    947  10000  -4506      0      0      0  10000  -7137
               1598      0      0      0   4916  -1371   2049      0      0      0
                  0      0      0      0      0      0      0      0      0      0
                  0      0      0      0      0      0      0      0      0      0
                  0      0      0      0      0      0      0      0      0      0
                  0      0      0      0      0      0      0      0      0      0
                  0      0      0      0      0      0      0      0   1000   -260
               -971      0      0      0   2489 -10000   8945      0      0      0
 LOC HBSAVING   120, 0,
             10014 10030 10032     0     0     0 10079 10087 10091     0
                 0     0 20005    96    98     0     0     0 10067 10069
             10079     0     0     0 20006    94    98     0     0     0
             20005 20006    96     0     0     0 10003 10004 10009     0
                 0     0 10004 10009 10010     0     0     0 10009 10010
             10012     0     0     0 10009 10012 10014     0     0     0
                 0     0     0     0     0     0     0     0     0     0
                 0     0     0     0     0     0     0     0     0     0
                 0     0     0     0     0     0     0     0     0     0
                 0     0     0     0     0     0     0     0     0     0
                 0     0     0     0     0     0     0     0    73    71
                63     0     0     0    98    97    96     0     0     0
 CHS PM WIGRD    10, 0,
                 0     1     0     1     0     0     1     1     1     0
 CHS WJAW RD      4, 0,
              1742  1748   -14  2007
 CSR VCROSING    10, 0,
                 0     0     0    46   -40  2281   461     0     0     0
 CSR SA SAVE      8, 0,
                 0     0     0     0     0     0     0     0
 CSR ENERGY       7, 0,
              4998  5001  5001  5001  5001  5001  4730
 CLEO BUMPING    20, 0,
                 0     0     0     0     0     0     0     0     0     0
                 0     0     0     0     0     0     0     0     0     0
 CRF FREQ CON     2, 0,
                 0     1
 CSR NMR READ     4, 0,
                24 38968    82 10352
 CSR ANLGRSTA     9, 0,
                 0     0     0     0     0     0     0     0     0
 CSR ANLGRSTB     8, 0,
                 0   999     0    24     0     0     0     0
 CHS FEED OFF     2, 0,
                 0     0
 CSR BETASING    10, 0,
              1414  1000   -44     0     0     0     0     0     0     0
 CSR SCMATING    12, 0,
              -190  1030  1000   950  1080  1000  1000  1000  1000  1000
              1000  1000
 TIM CESR        20, -1, 7,
              11543   3317    300 -98500      0      0  76125      0      2      0
                 -2   2959      0      0      0      0      0      0      0      0
 CSR HPHASING    80, 0,
                 0     0     0     0     0     0     0     0     0     0
                 0     0     0     0     0     0     0     0     0     0
                 0     0     0     0     0     0     0     0     0     0
                 0     0     0     0     0     0     0     0     0     0
                 0     0     0     0     0     0     0     0     0     0
                 0     0     0     0     0     0     0     0     0     0
                 0     0     0     0     0     0     0     0     0     0
                 0     0     0     0     0     0     0     0     0     0
 CSR HPHASSYM    80, 0,
                 0     0     0     0     0     0     0     0     0     0
                 0     0     0     0     0     0     0     0     0     0
                 0     0     0     0     0     0     0     0     0     0
                 0     0     0     0     0     0     0     0     0     0
                 0     0     0     0     0     0     0     0     0     0
                 0     0     0     0     0     0     0     0     0     0
                 0     0     0     0     0     0     0     0     0     0
                 0     0     0     0     0     0     0     0     0     0
 CSR HPHASANT    80, 0,
                 6     0     0     0   500     0     0     0     0     0
                 0     0     0     0     0     0     0     0     0     0
                 0     0     0     0     0     0     0     0     0     0
                 0     0     0     0     0     0     0     0    92     0
               -47     0  -500     0     0     0     0     0     0     0
              -100     0     0     0     0     0     0     0     0     0
                 0     0     0     0     0     0   225     0     0     0
                 0     0     0     0     0     0     0     0     0     0
 CSR VPHASING    80, 0,
                 0     0     0     0     0     0     0     0     0     0
                 0     0     0     0     0     0     0     0     0     0
                 0     0     0     0     0     0     0     0     0     0
                 0     0     0     0     0     0     0     0     0     0
                 0     0     0     0     0     0     0     0     0     0
                 0     0     0     0     0     0     0     0     0     0
                 0     0     0     0     0     0     0     0     0     0
                 0     0     0     0     0     0     0     0     0     0
 CSR VPHASSYM    80, 0,
                 0     0     0     0     0     0     0     0     0     0
                 0     0     0     0     0     0     0     0     0     0
                 0     0     0     0     0     0     0     0     0     0
                 0     0     0     0     0     0     0     0     0     0
                 0     0     0     0     0     0     0     0     0     0
                 0     0     0     0     0     0     0     0     0     0
                 0     0     0     0     0     0     0     0     0     0
                 0     0     0     0     0     0     0     0     0     0
 CSR VPHASANT    80, 0,
                 0     0     0     0     0     0     0     0     0     0
                 0     0     0     0     0     0     0     0     0     0
                 0     0     0     0     0     0     0     0     0     0
                 0     0     0     0     0     0     0     0     0     0
               -64     0     0     0     0     0   498     0     0     0
                 0     0     0     0     0     0     0     0     0     0
                 0     0     0     0     0     0     0     0     0     0
                 0     0     0     0     0     0     0     0     0     0
 CSR OCTUPING     8, 0,
               197     0     0  -200     0     0     0     0
 CSR HSCR POT     4, 0,
               143    71     0     0
 RELATED SETS    20, 0,
             82418 82850 83035 82912 82926 82927 83022     0     0     0
                 0     0     0     0     0     0     0     0     0     0
