 Version 1.0  Save set taken    7/11/2002   10:31:32                    
                                                                        
 CSR LATTICE     10,    40,
 2S                                      
 DIMAT                                   
     0.0172,    1.8749,    0.0055,       
 4                                       
    -1.1343,    0.5519,                  
     5.2890,                             
 7                                       
 8                                       
 9                                       
 A                                       
 CSR HSP VOLT     6, 0,
              1049     0  1289  1282     0  1114
 CSR HSP VVAL    12, 0,
               526   529     0     0   648   647   650   645     0     0
               560   561
 CSR HSP MAIL    40, 0,
              1526  1440     0     0     0     0     0     0     0     0
                 0     0     0     0     0     0     0     0     0     0
                 0     0     0     0     0     0     0     0     0     0
                 0     0     0     0     0     0     0     0     0     0
 SYN MAG CUR      1, 0,
             38775
 CSR HBND CUR     6, 0,
              5329  3506  1671  2692  4170  5140
 CSR HORZ CUR    98, 0,
               178   -65   -17  -115     0     0  -802     0    53   125
                 0  -378     0   595     0   428     0   479     0   682
                 0   -43     0    75     0  -397     0  -156     0   732
                 0    44     0  -570     0   291     0    84     0   578
                 0  -165     0   899     0 -1030   295     0  1064  2123
                 0   595   -94     0  -768     0   -85     0   783     0
               -61     0  -462     0  -220     0  -456     0  -350     0
              -256     0  -283     0  -327     0  -456     0  -329     0
              -387     0  -107     0   214     0  -128     0     7     0
               590     0     0     0   252  -137    77   499
 CSR VERT CUR    98, 0,
             -1518 -1992     0  1388  -378    73   550   153   341   150
              -314     0  -365     0   444     0   265     0   107     0
               -99     0  -383     0   140     0   287     0    14     0
                28     0    18     0  -212     0  -400     0  -146     0
              -262     0  -280     0  -264     0   648  -337 -1114 -2265
              -954 -1186     0   242     0   473     0  -274     0   -44
                 0   310     0    49   -13  -142     0   -70     0   219
                 0  -178     0  -320     0   142     0    63     0    42
                 0  -108     0    83     0  -418     0   103     0   515
             -1038    41   147   778   771     0   185  -429
 CHS VERT CUR     1, 0,
                 0
 CSR QUAD CUR    98, 0,
                 0     0 16792 37977 26588 31043 21129 12527 12418 18582
             16054 20154 15353 20029 16512 19547 19644 18099 23684 16013
             20638 18908 18608 18842 22489 18513 22242 18056 17219 18428
             14806 14311 14369 16885 12193 14537 16180 18277 14790 16768
             15881 16941 19026 16347 21785 18880 29757 46044 18130 18072
             45890 29843 19003 21805 16436 18997 16956 15846 16862 14664
             18330 16352 14526 12272 16969 14586 14347 14909 18364 17194
             18171 22145 18604 22434 18850 18656 18876 20712 16190 23488
             17866 19494 19481 16584 20200 15681 20343 16555 18266 13229
             10939 18945 32320 26874 37920 17148     0     0
 CSR QADD CUR     7, 0,
              3761 26325 26100  3713 17777 17860     0
 CSR AQUADCON     2, 0,
                 0   175
 CSR SEXT CUR    98, 0,
                 0     0     0     0     0     0     0    11   534   157
               345   292   613   286   956   283   562   283  1012   238
               466   487  1136    35    13   386  1023   123   200   340
               689   235   737   417   820   609  1361   455  1009   431
              1104   334   654     2   -70     0     0     0     0     0
                 0     0     0   -51    11   485   174   833   415  1051
               537  1573   662   773   374   643   218   619   320   287
               104  1118   466    98    16  1103   420   333   144  1000
               325   695   330  1067   258   493   247   258   163   568
                45     0     0     0     0     0     0     0
 SCIR SKSXCUR     1, 0,
                 0
 CHS UND VERT     2, 0,
                 0     0
 CHS UND HORZ     2, 0,
                 0     0
 CSR OCTU CUR     4, 0,
             -2005  2800     0  -273
 CSR SQEWQUAD    98, 0,
                 0  2908  2427   373  -618     0     0     0     0     0
                 0     0     0     0     0     0     0     0     0     0
                 0     0     0     0     0     0     0     0     0     0
                 0     0     0     0     0     0     0     0     0     0
                 0     0     0     0     0     0     0     0     0     0
                 0     0     0     0     0     0     0     0     0     0
                 0     0     0     0     0     0     0     0     0     0
                 0     0     0     0     0     0     0     0     0     0
                 0     0     0     0     0     0     0     0     0     0
                 0     0   357  -430   -98  3200  3200     0
 CSR SQEWSEXT     4, 0,
                 0   274     0  -943
 EXF BEND CUR     5, 0,
             27656     0 31371     0 26966
 EXF HORZ CUR     1, 0,
             -3678
 EXF VERT CUR     3, 0,
               919  -815 -1450
 EXF QUAD CUR     5, 0,
             39305 41122 16906  7040  4674
 WXF BEND CUR     2, 0,
             32533 33689
 WXF HORZ CUR     1, 0,
             -2467
 WXF VERT CUR     3, 0,
                -4   146   275
 WXF QUAD CUR     5, 0,
             43022 38542  8089  9562 13066
 EXF BUMP HV      7, 0,
               224    69     0     0   195     0   134
 EXF BUMP VAR     6, 0,
               755   281   606     0     0     0
 EXF KICK HV      1, 0,
               600
 EXF KICK CUR     1, 0,
               594
 EXF PING HV      1, 0,
               131
 EXF PING VAR     1, 0,
                96
 EXF SEPT CUR     3, 0,
               763  1738  1142
 WXF BUMP HV      4, 0,
               419    97   491   346
 WXF BUMP VAR     3, 0,
                 1   152   738
 WXF KICK HV      1, 0,
               520
 WXF KICK CUR     1, 0,
               706
 WXF PING HV      2, 0,
                 0    46
 WXF SEPT CUR     3, 0,
               284   769  1616
 CSR XFR TIME     5, 0,
                60    60    60     0     0
 TIM TRANSFER    25, 0,
                80  -141 21562 19667     0 22127 22104 22148 21691 15902
                 0 17975 17997 18008     0     0 18573 18573 18274     0
                 0     0    20 10940 12190
 CSR QSCANBOX    40, 0,
                 0     0     0     0     0     0     0     0     0     0
                 0     0     0     0     0     0     0     0     0     0
                 0     0     0     0     0     0     0     0     0     0
                 0     0     0     0     0     0     0     0     0     0
 CSRSYLTP CON     6, 0,
               506   140   277  1023     0     0
 CSRSYLTE CON     6, 0,
               663   563   591  1023     0     0
 CSRSYLTOUCHY     4, 0,
               321   756   351   426
 CSR HSCR CON    10, 0,
                 0     0     0     0     0     0     0     0     0     0
 CSR VSP VOLT     6, 0,
               -69    69  1292  1292  1214  1214
 CSR VSP CON      7, 0,
               -11   256     0     0     0     0     0
 CSR VSP VAR      2, 0,
                 0     0
 CSR SAVRECRD   100, 0,
             83644 83629 83626 82954 82951 82936 82596 82559 82556 82555
             82553 82552 82454 82501 82499 82343 82340 82333 82333 82332
             82330 82328 82325 82321 82320 82319 82316 82314 82312 82309
             82308 82307 82306 82303 82302 82297 82295 82293 82275 82274
             82245 82243 82242 82235 82238 82213 82211 82206 82138 81910
             82200 80552 80551 80542 80541 80540 80539 80538 80533 80532
             80531 80530 80527 80525 80524 80523 80520 80510 80513 80510
             80509 80507 80500 80504 80503 80502 80501 80500 80329 80327
             80326 80325 80324 80323 80322 80321 80306 80315 80314 80312
             80306 80310 80309 80308 80307 80306 80305 80303 80302 80301
 CLEO END CAP     8, 0,
              -166     0  -151   -43    -4   -54    -7   -49
 XFR SEPT POS     4, 0,
                -1     1   328     0
 XFR SEPT TLT     4, 0,
                -1    -1   282     0
 CSR LUMCALIB    10, 0,
              4280  4184  3100  3100     0     0     0     0     0     0
 CSR POLARITY     5, 0,
                 1     2     4     0     0
 CSR ROTQ TLT     2, 0,
               206   167
 CSR ROTQ POT    35, 0,
                 0     0     0     0     0     0     0    -1     0     0
                 0     0     0     0     0     0     0     0     0     0
                 0     0    -1     0     0     1     0     0     0     0
              1996     0     0     0     0
 CSR ROTQ RD     42, 0,
                -2    -1  2550  2550  2550    -1    -1  2550  2550  2550
                -1    -1  2550  2550  2550    -1    -1  2550  2550  2550
                 2     0  2552  2550  2550     1     2  2551  2551  2434
                 0     0    -4     0    -3     0    -3     0    -3     0
                 0     0
 CSR TEMP MON    24, 0,
               250     0     0     0     0   297   375   430   297   317
               347   352   417   297   325   360   317   267   295   372
               392   385   265   332
 CSR ANYTHING     4, 0,
                 0     0     0   474
 CSR QTUNEING    20, -1, 7,
                  0      0      0      0 -10275   9127  -4411   1779      0      0
                  0      0      0      0      0      0      0      0      0      0
 CSR QTANTING    20, 0,
                 0     0     0     0     0   320     0     0     0     0
                 0     0     0     0     0     0     0     0     0     0
 COE QTUNEING   200, 0,
              1000     0     0     0     0     0     0     0     0     0
              1000     0     0     0     0     0     0     0     0     0
              1000     0     0     0     0     0     0     0     0     0
              1000     0     0     0     0     0   837   690    29     0
               500   125    50    12     0     0     0     0     0     0
               500   150    50    12     0     0     0     0     0     0
               500   500    50    50     0     0     0     0     0     0
               500  -500    50   -50     0     0     0     0     0     0
              1000  1000 -1700     0     0     0     0     0     0     0
              1000  1000     0     0     0     0     0     0     0     0
              1000  1000     0     0     0     0     0     0     0     0
              1000   900     0     0     0     0     0     0     0     0
               837   687    12     0     0     0     0     0     0     0
               500   150     0     0     0     0     0     0     0     0
              1000    55     0     0     0     0     0     0     0     0
              1000    12     0     0     0     0     0     0     0     0
               500     0     0     0     0     0     0     0     0     0
               300  1000     0     0     0     0     0     0     0     0
                 0     0     0     0     0     0     0     0     0     0
                 0     0     0     0     0     0     0     0     0     0
 CSR PRETZING    16, 0,
              2841     0     0     0     0     0     0     0     0     0
              -101     0   -85     0     0     0
 CSR SQUADING    30, 0,
                 0     0     0     0     0     0     0     0     0     0
                 0     0     0     0     0     0     0     0     0     0
                 0     0     0     0     0     0     0     0     0     0
 CSR VBUMPING    81, 0,
                 0     0     0     0   109     0     0   -84     0     0
                 0     0     0     0    42   -23     0     0     0     0
                 0     0     0     0     0     0     0   275   860     0
                -3     0     0     0     0     0     0     0     0     0
                 0     0     0    90     0     0     0     0     0     0
                 0     0     0     0     0     0     0     0     0     0
                 0     0   -13     0     0     0     0    87     0     0
                 0     0     0     0     0     0     0     0     0     0
                 0
 CSR VBLIMING     4, 0,
               -60   486     0     0
 CHS CBUMPING    30, 0,
                 0     0     0     0     0     0     0     0     0     0
                 0     0     0     0     0     0     3    -1     4     0
                 0    -3    -6     0     0     0     0     0     0     0
 CSR HBUMPING    96, 0,
                 0     0     0     0     0     0     0     0     0     0
                 0     0     0     0     0     0     0     0     0  -111
                 0     0     0     0     0     0     0     0     0     0
                 0     0     0     0     0     0     0     0     0  -149
                 0     0     0     0     0     0     0     0     0     0
                 0     0     0     0     0     0  -247     0     0     0
                 0     0     0     0     0     0     0     0     0     0
                 0     0     0     0     0     0    47     0     0     0
                 0     0     0     0     0     0     0     0     0     0
                 0     0     0     0     0     0
 CSR HBLIMING    24, 0,
              2988  1973  1502 -2672     0 -1539     0     0     0     0
                 0     0     0     0     0     0     0     0     0     0
                 0     0     0     0
 CSR HBLMPING    54, 0,
                 0     0     0    50     0     0    49     0     0     0
                 0     0     0     0     0     0     0     0     0     0
                 0     0     0     0     0     0     0     0     0     0
                 0     0     0     0     0     0     0     0     0     0
                 0     0     0     0     0     0     0     0     0     0
                 0     0     0     0
 CSR XQUNEING    45, 0,
               244  -544   -87   -55     0     0     0     0     0     0
                 0     0     0     0     0     0     0     0     0     0
                 0     0     0     0     0     0     0     0     0     0
                 0     0     0     0     0     0     0     0     0     0
                 0     0     0     0     0
 CSR XQANTING    45, 0,
                 0     0     0     0     0     0     0     0     0     0
                 0     0     0     0     0     0     0     0     0     0
                 0     0     0     0     0     0     0     0     0     0
                 0     0     0     0     0     0     0     0     0     0
                 0     0     0     0     0
 CSR BBDIPING     3, 0,
                 0     0     0
 CSR COUPLING    10, 0,
                 0     0     0     0     0     0     0     0     0     0
 CSR VBSAVING    20, 0,
                 0     0     0     0     0     0     0     0     0     0
                 0     0     0     0     0     0     0     0     0     0
 COE VBSAVING   120, 0,
              1614  2634  1832     0     0     0  1599  2632  1832     0
                 0     0     0     0     0     0     0     0     0     0
                 0     0     0     0     0     0     0     0     0     0
                 0     0     0     0     0     0     0     0     0     0
                 0     0     0     0     0     0     0     0     0     0
                 0     0     0     0     0     0     0     0     0     0
                 0     0     0     0     0     0     0     0     0     0
                 0     0     0     0     0     0     0     0     0     0
                 0     0     0     0     0     0     0     0     0     0
                 0     0     0     0     0     0     0     0     0     0
                 0     0     0     0     0     0     0     0     0     0
                 0     0     0     0     0     0     0     0     0     0
 LOC VBSAVING   120, 0,
                 5     9    13     0     0     0    94    90    86     0
                 0     0     0     0     0     0     0     0     0     0
                 0     0     0     0     0     0     0     0     0     0
                 0     0     0     0     0     0     0     0     0     0
                 0     0     0     0     0     0     0     0     0     0
                 0     0     0     0     0     0     0     0     0     0
                 0     0     0     0     0     0     0     0     0     0
                 0     0     0     0     0     0     0     0     0     0
                 0     0     0     0     0     0     0     0     0     0
                 0     0     0     0     0     0     0     0     0     0
                 0     0     0     0     0     0     0     0     0     0
                 0     0     0     0     0     0     0     0     0     0
 CSR HBSAVING    20, 0,
              -600  1000     0 -1000     0     0   101   235     0     0
                 0     0     0     0     0     0     0     0    99     0
 COE HBSAVING   120, -1, 7,
               1649   -401  -1163      0      0      0   1510  -1372  -1332      0
                  0      0   7245  -1944   8354      0      0      0    517  -1557
               1488      0      0      0   1000  -1616   2524      0      0      0
               4180  -3886   4227      0      0      0  -4971   2854   4359      0
                  0      0    947  10000  -4506      0      0      0  10000  -7137
               1598      0      0      0   4916  -1371   2049      0      0      0
                  0      0      0      0      0      0      0      0      0      0
                  0      0      0      0      0      0      0      0      0      0
                  0      0      0      0      0      0      0      0      0      0
                  0      0      0      0      0      0      0      0      0      0
                  0      0      0      0      0      0      0      0   1000   -260
               -971      0      0      0   2489 -10000   8945      0      0      0
 LOC HBSAVING   120, 0,
             10014 10030 10032     0     0     0 10079 10087 10091     0
                 0     0 20005    96    98     0     0     0 10067 10069
             10079     0     0     0 20006    94    98     0     0     0
             20005 20006    96     0     0     0 10003 10004 10009     0
                 0     0 10004 10009 10010     0     0     0 10009 10010
             10012     0     0     0 10009 10012 10014     0     0     0
                 0     0     0     0     0     0     0     0     0     0
                 0     0     0     0     0     0     0     0     0     0
                 0     0     0     0     0     0     0     0     0     0
                 0     0     0     0     0     0     0     0     0     0
                 0     0     0     0     0     0     0     0    73    71
                63     0     0     0    98    97    96     0     0     0
 CHS PM WIGRD    10, 0,
                 0     1     1     0     0     0     1     1     1     0
 CHS WJAW RD      4, 0,
              1741  1748     3  2006
 CSR VCROSING    10, 0,
                 0     0     0    69   -44  2281   506     0     0     0
 CSR SA SAVE      8, 0,
                 0     0     0     0     0     0     0     0
 CSR ENERGY       7, 0,
              5010  5001  5001  5001  5001  5001  4730
 CLEO BUMPING    20, 0,
                 0     0     0     0     0     0     0     0     0     0
                 0     0     0     0     0     0     0     0     0     0
 CRF FREQ CON     2, 0,
                 0     1
 CSR NMR READ     4, 0,
                25   657    82 16656
 CSR ANLGRSTA     9, 0,
                 0     0     0     0     0     0     0     0     0
 CSR ANLGRSTB     8, 0,
                 0   999     0    24     0     0     0     0
 CHS FEED OFF     2, 0,
                 0     0
 CSR BETASING    10, 0,
              1382  1000   -86     0     0     0     0     0     0     0
 CSR SCMATING    12, 0,
              -190  1030  1000   950  1080  1000  1000  1000  1000  1000
              1000  1000
 TIM CESR        20, -1, 7,
              11543   3317    300 -98500      0      0  76125      0      2      0
                 -2   2959      0      0      0      0      0      0      0      0
 CSR HPHASING    80, 0,
                 0     0     0     0     0     0     0     0     0     0
                 0     0     0     0     0     0     0     0     0     0
                 0     0     0     0     0     0     0     0     0     0
                 0     0     0     0     0     0     0     0     0     0
                 0     0     0     0     0     0     0     0     0     0
                 0     0     0     0     0     0     0     0     0     0
                 0     0     0     0     0     0     0     0     0     0
                 0     0     0     0     0     0     0     0     0     0
 CSR HPHASSYM    80, 0,
                 0     0     0     0     0     0     0     0     0     0
                 0     0     0     0     0     0     0     0     0     0
                 0     0     0     0     0     0     0     0     0     0
                 0     0     0     0     0     0     0     0     0     0
                 0     0     0     0     0     0     0     0     0     0
                 0     0     0     0     0     0     0     0     0     0
                 0     0     0     0     0     0     0     0     0     0
                 0     0     0     0     0     0     0     0     0     0
 CSR HPHASANT    80, 0,
                 6     0     0     0   500     0     0     0     0     0
                 0     0     0     0     0     0     0     0     0     0
                 0     0     0     0     0     0     0     0     0     0
                 0     0     0     0     0     0     0     0    92     0
               -47     0  -500     0     0     0     0     0     0     0
              -100     0     0     0     0     0     0     0     0     0
                 0     0     0     0     0     0   225     0     0     0
                 0     0     0     0     0     0     0     0     0     0
 CSR VPHASING    80, 0,
                 0     0     0     0     0     0     0     0     0     0
                 0     0     0     0     0     0     0     0     0     0
                 0     0     0     0     0     0     0     0     0     0
                 0     0     0     0     0     0     0     0     0     0
                 0     0     0     0     0     0     0     0     0     0
                 0     0     0     0     0     0     0     0     0     0
                 0     0     0     0     0     0     0     0     0     0
                 0     0     0     0     0     0     0     0     0     0
 CSR VPHASSYM    80, 0,
                 0     0     0     0     0     0     0     0     0     0
                 0     0     0     0     0     0     0     0     0     0
                 0     0     0     0     0     0     0     0     0     0
                 0     0     0     0     0     0     0     0     0     0
                 0     0     0     0     0     0     0     0     0     0
                 0     0     0     0     0     0     0     0     0     0
                 0     0     0     0     0     0     0     0     0     0
                 0     0     0     0     0     0     0     0     0     0
 CSR VPHASANT    80, 0,
                 0     0     0     0     0     0     0     0     0     0
                 0     0     0     0     0     0     0     0     0     0
                 0     0     0     0     0     0     0     0     0     0
                 0     0     0     0     0     0     0     0     0     0
               -64     0     0     0     0     0   498     0     0     0
                 0     0     0     0     0     0     0     0     0     0
                 0     0     0     0     0     0     0     0     0     0
                 0     0     0     0     0     0     0     0     0     0
 CSR OCTUPING     8, 0,
               197     0     0  -200     0     0     0     0
 CSR MPSYMING    15, 0,
                 0     0     0     0     0     0     0     0     0     0
                 0     0     0     0     0
 CSR MPANTING    15, 0,
                 0     0     0     0     0     0     0     0     0     0
                 0     0     0     0     0
 CSR HSCR POT     4, 0,
               143    71     0     0
 RELATED SETS    20, 0,
             82418 83621 83644 82912 83627 83628 82504     0     0     0
                 0     0     0     0     0     0     0     0     0     0
