 Version 1.0  Save set taken    2/ 7/2002   12:34:19                    
                                                                        
 CSR LATTICE     10,    40,
 CESRC_1S_V2                             
 DIMAT                                   
     0.0172,    1.8749,    0.0055,       
 4                                       
    -1.1343,    0.5519,                  
     5.2890,                             
 7                                       
 8                                       
 9                                       
 A                                       
 CSR HSP VOLT     6, 0,
               638     0  1448  1448     0  1482
 CSR HSP VVAL    12, 0,
               324   324     0     0   728   727   734   729     0     0
               743   743
 CSR HSP MAIL    40, 0,
              1526  1440     0     0     0     0     0     0     0     0
                 0     0     0     0     0     0     0     0     0     0
                 0     0     0     0     0     0     0     0     0     0
                 0     0     0     0     0     0     0     0     0     0
 SYN MAG CUR      1, 0,
             36281
 CSR HBND CUR     6, 0,
              5029  2979  2528  2008  3401  4298
 CSR HORZ CUR    98, 0,
               710  -339  -447  -870     0     0   425     0   370   166
                 0    34     0   585     0  1188     0  -158     0   990
                 0   -37     0   139     0    64     0   -47     0   712
                 0   392     0  -807     0   530     0   208     0   711
                 0   220     0  -334     0  1281   528     0  1383  2184
                 0 -1293 -1223     0  -495     0  -704     0   932     0
                53     0  -145     0  -157     0   -74     0  -337     0
               325     0   -44     0   -71     0  -210     0    94     0
              -155     0    37     0   334     0    75     0   218     0
               -87     0     0     0   722  -159    30  -223
 CSR VERT CUR    98, 0,
              -692  -357     0     0  -382  -129   281   315    74    61
              -138     0  -421     0   462     0    60     0   109     0
               -94     0  -303     0   167     0   260     0   -29     0
               -32     0   281     0  -592     0  -219     0  -167     0
              -204     0  -454     0  -235     0   228  -333  -980 -1666
              -728 -1229     0   765     0   401     0  -132     0    65
                 0    69     0   403   -28  -469     0  -127     0   176
                 0  -196     0  -241     0   228     0   -12     0    23
                 0  -144     0    45     0  -386     0   188     0  -333
              -126  -151  -107  -216  -125     0   212   546
 CHS VERT CUR     1, 0,
                 0
 CSR QUAD CUR    98, 0,
                 0     0 15147 34263 24717 29806 19912 11212 12198 18489
             16076 20722 14873 18784 15652 18342 18434 17031 22093 15051
             19404 17912 17575 17662 21207 17331 20823 17135 16000 17600
             13659 13361 13447 15920 11438 13568 15281 17303 14080 15870
             14788 15898 17508 15198 20303 17439 28008 44901 17325 17339
             44700 28027 17444 20336 15203 17511 15964 14748 15893 14021
             17385 15459 13590 11694 16103 13583 13330 13877 17602 16036
             17187 20727 17451 21135 17675 17554 17846 19457 15106 21940
             16906 18293 18296 15632 18864 15740 20986 16124 18527 13202
              9725 16907 30075 24922 34498 15290     0     0
 CSR QADD CUR     7, 0,
              3566 25100 24914  3494 16691 16653     0
 CSR AQUADCON     2, 0,
                 0   175
 CSR SEXT CUR    98, 0,
                 0     0     0     0     0     0     0    54   171    77
                89    76   125   284   610   327   666   439   826   512
              1018   780  1565   395   808   679  1361   171   206   380
               401   228   516   319   414   427   726   428   930   493
               850   243   118   248   159     0     0     0     0     0
                 0     0     0   151   269   138   200   789   482   945
               454   719   445   427   331   518   241   427   362   184
               148  1323   676   771   366  1599   767  1064   482   847
               474   621   368   596   295   110    59   126    71   184
                37     0     0     0     0     0     0     0
 SCIR SKSXCUR     1, 0,
                 0
 CHS UND VERT     2, 0,
                 0     0
 CHS UND HORZ     2, 0,
                 0     0
 CSR OCTU CUR     4, 0,
              -411   552   459     0
 CSR SQEWQUAD    98, 0,
                 0  2772  2727   251     0     0     0     0     0     0
                 0     0     0     0     0     0     0     0     0     0
                 0     0     0     0     0     0     0     0     0     0
                 0     0     0     0     0     0     0     0     0     0
                 0     0     0     0     0     0     0     0     0     0
                 0     0     0     0     0     0     0     0     0     0
                 0     0     0     0     0     0     0     0     0     0
                 0     0     0     0     0     0     0     0     0     0
                 0     0     0     0     0     0     0     0     0     0
                 0     0     0     0  -465  1161  2840     0
 CSR SQEWSEXT     4, 0,
                 0     0     0     0
 EXF BEND CUR     5, 0,
             25965     0 29527     0 25551
 EXF HORZ CUR     1, 0,
             -3367
 EXF VERT CUR     3, 0,
               937 -1496  -959
 EXF QUAD CUR     5, 0,
             36949 38711 15914  6628  4401
 WXF BEND CUR     2, 0,
             30881 31947
 WXF HORZ CUR     1, 0,
             -2377
 WXF VERT CUR     3, 0,
                84    62   127
 WXF QUAD CUR     5, 0,
             40820 36570  7676  9075 12397
 EXF BUMP HV      7, 0,
               243     1     0     0   225     0   147
 EXF BUMP VAR     6, 0,
               764     1   581     0     0    -1
 EXF KICK HV      1, 0,
               600
 EXF KICK CUR     1, 0,
               515
 EXF PING HV      1, 0,
               223
 EXF PING VAR     1, 0,
               163
 EXF SEPT CUR     3, 0,
               709  1675  1052
 WXF BUMP HV      4, 0,
               321    79   351   274
 WXF BUMP VAR     3, 0,
                -1   154   738
 WXF KICK HV      1, 0,
               520
 WXF KICK CUR     1, 0,
               701
 WXF PING HV      2, 0,
                 0   148
 WXF SEPT CUR     3, 0,
               258   703  1517
 CSR XFR TIME     5, 0,
                60    60    60    60     0
 TIM TRANSFER    23, -1, 7,
                 80 187517  21616  19667      0  22127  22104  22148  18141  15902
                  0  17975  17997  18008      0      0  18573  18573  18274      0
                  0      0     40
 CSR QSCANBOX    40, 0,
                 0     0     0     0     0     0     0     0     0     0
                 0     0     0     0     0     0     0     0     0     0
                 0     0     0     0     0     0     0     0     0     0
                 0     0     0     0     0     0     0     0     0     0
 CSRSYLTP CON     6, 0,
               435   206   508  1023     0     0
 CSRSYLTE CON     6, 0,
               646   682   796  1023     0     0
 CSRSYLTOUCHY     4, 0,
               322   616   419   397
 CSR HSCR CON    10, 0,
                 0     0     0     0     0     0     0     0     0     0
 CSR VSP VOLT     6, 0,
                 0     0  1127  1127  1147  1147
 CSR VSP CON      7, 0,
                 0   256     0     0     0     0     0
 CSR VSP VAR      2, 0,
                 0     0
 CSR SAVRECRD   100, 0,
             78892 78888 78573 78570 78513 78490 78489 78485 78480 78472
             78471 78446 78294 78267 78264 78263 78249 78191 78141 78133
             78130 78129 78122 78121 78117 78116 78115 78112 78109 76210
             76206 76205 76197 76194 76191 76187 76185 76183 76182 76181
             76179 76175 76162 76161 76158 76157 76156 76155 76154 76150
             76141 76140 76136 76132 76131 76130 76111 76110 76109 76108
             76107 76106 76103 76101 76099 76098 76096 76095 76094 76093
             76091 76090 76088 76087 76086 76085 76082 76080 76079 75918
             75914 75911 75743 75742 75712 75687 75636 75633 75632 75627
             75625 75622 75618 75614 75612 75608 75607 75606 75605 75593
 CLEO END CAP     8, 0,
                 5     8   -24   -11    -6    -2    -6   -19
 XFR SEPT POS     4, 0,
                 0     1   328     0
 XFR SEPT TLT     4, 0,
                -1     1   281     0
 CSR LUMCALIB    10, 0,
              4280  4184  3100  3100     0     0     0     0     0     0
 CSR POLARITY     5, 0,
                 1     2     2     0     0
 CSR ROTQ TLT     2, 0,
               329   232
 CSR ROTQ POT    35, 0,
                 1     0     0     0     0     0     0    -2     0     0
                 0     0     0     0     0     0     0     0     0     0
                 0     0    -2     0     0     1     0     0     0     0
              1996     0     0     0     0
 CSR ROTQ RD     42, 0,
                -1    -1  2550  2550  2550    -1    -1  2550  2550  2550
                -1    -1  2550  2550  2550    -1    -1  2550  2550  2550
                 2     0  2552  2550  2550     1     2  2552  2551  2355
                 0     0    -4     0    -3     0    -2     0    -2     0
                 0     0
 CSR TEMP MON    24, 0,
               242     0     0     0     0   270   340   372   287   305
               317   345   332   270   302   307   307   270   297   335
               347   327   260   307
 CSR ANYTHING     4, 0,
                 0     0     0   474
 CSR QTUNEING    20, 0,
                 0     0     0     0 -8625 11803 -4411  1779     0     0
                 0     0     0     0     0     0     0     0     0     0
 CSR QTANTING    20, 0,
                 0     0     0     0     0   320     0     0     0     0
                 0     0     0     0     0     0     0     0     0     0
 COE QTUNEING   200, 0,
              1000     0     0     0     0     0     0     0     0     0
              1000     0     0     0     0     0     0     0     0     0
              1000     0     0     0     0     0     0     0     0     0
              1000     0     0     0     0     0   837   690    29     0
               500   125    50    12     0     0     0     0     0     0
               500   150    50    12     0     0     0     0     0     0
               500   500    50    50     0     0     0     0     0     0
               500  -500    50   -50     0     0     0     0     0     0
              1000  1000 -1700     0     0     0     0     0     0     0
              1000  1000     0     0     0     0     0     0     0     0
              1000  1000     0     0     0     0     0     0     0     0
              1000   900     0     0     0     0     0     0     0     0
               837   687    12     0     0     0     0     0     0     0
               500   150     0     0     0     0     0     0     0     0
              1000    55     0     0     0     0     0     0     0     0
              1000    12     0     0     0     0     0     0     0     0
               500     0     0     0     0     0     0     0     0     0
               300  1000     0     0     0     0     0     0     0     0
                 0     0     0     0     0     0     0     0     0     0
                 0     0     0     0     0     0     0     0     0     0
 CSR PRETZING    16, 0,
              3300     0     0 -1097  1036     0     0     0     0     0
                 0     0 -1498     0     0     0
 CSR SQUADING    30, 0,
                 0     0     0     0     0     0     0     0     0     0
                 0     0     0     0     0     0     0     0     0     0
                 0     0     0     0     0     0     0     0     0     0
 CSR VBUMPING    81, 0,
                 0     0     0     0     0     0     0     0     0     0
                 0     0     0     0     0     0     0     0     0     0
                 0     0     0     0     0     0     0     0     0     0
                 0     0     0     0     0     0     0     0     0     0
                 0     0     0     0     0     0     0     0     0  -140
                56     0     0     0     0     0     0     0     0     0
                 0     0     0     0     0     0     0     0     0     0
                 0     0     0     0     0     0     0     0     0     0
                 0
 CSR VBLIMING     4, 0,
                34   486     0     0
 CHS CBUMPING    30, 0,
                 0     0     0     0     0     0     0     0     0     0
                 0     0     0     0     0     0     0     0     0     0
                 0     0     0     0     0     0     0     0     0     0
 CSR HBUMPING    96, 0,
                 0     0     0     0     0     0     0     0     0     0
                 0     0     0     0     0     0     0     0     0     0
                 0     0     0     0     0     0     0     0     0     0
                 0     0     0     0     0     0     0     0     0     0
                 0     0     0     0     0     0     0     0     0     0
                 0     0     0     0  -248     0  -241     0     0     0
                 0     0     0     0     0     0     0     0     0     0
                 0     0     0     0     0     0     0     0     0     0
                 0     0     0     0     0     0     0     0     0     0
                 0     0     0     0     0     0
 CSR HBLIMING    24, 0,
              1130  1638  1502 -2672     0 -1539     0     0     0     0
                 0     0     0     0     0     0     0     0     0     0
                 0     0     0     0
 CSR HBLMPING    54, 0,
                 0     0     0    50     0     0    49     0     0     0
                 0     0     0     0     0     0     0     0     0     0
                 0     0     0     0     0     0     0     0     0     0
                 0     0     0     0     0     0     0     0     0     0
                 0     0     0     0     0     0     0     0     0     0
                 0     0     0     0
 CSR XQUNEING    45, 0,
              -110   306    -7   -50     0     0     0     0     0     0
                 0     0     0     0     0     0     0     0     0     0
                 0     0     0     0     0     0     0     0     0     0
                 0     0     0     0     0     0     0     0     0     0
                 0     0     0     0     0
 CSR XQANTING    45, 0,
                 0     0     0     0     0     0     0     0     0     0
                 0     0     0     0     0     0     0     0     0     0
                 0     0     0     0     0     0     0     0     0     0
                 0     0     0     0     0     0     0     0     0     0
                 0     0     0     0     0
 CSR BBDIPING     3, 0,
                 0     0     0
 CSR COUPLING    10, 0,
                 0     0     0     0     0     0     0     0     0     0
 CSR VBSAVING    20, 0,
                 0     0     0     0     0     0     0     0     0     0
                 0     0     0     0     0     0     0     0     0     0
 COE VBSAVING   120, 0,
              1614  2634  1832     0     0     0  1599  2632  1832     0
                 0     0     0     0     0     0     0     0     0     0
                 0     0     0     0     0     0     0     0     0     0
                 0     0     0     0     0     0     0     0     0     0
                 0     0     0     0     0     0     0     0     0     0
                 0     0     0     0     0     0     0     0     0     0
                 0     0     0     0     0     0     0     0     0     0
                 0     0     0     0     0     0     0     0     0     0
                 0     0     0     0     0     0     0     0     0     0
                 0     0     0     0     0     0     0     0     0     0
                 0     0     0     0     0     0     0     0     0     0
                 0     0     0     0     0     0     0     0     0     0
 LOC VBSAVING   120, 0,
                 5     9    13     0     0     0    94    90    86     0
                 0     0     0     0     0     0     0     0     0     0
                 0     0     0     0     0     0     0     0     0     0
                 0     0     0     0     0     0     0     0     0     0
                 0     0     0     0     0     0     0     0     0     0
                 0     0     0     0     0     0     0     0     0     0
                 0     0     0     0     0     0     0     0     0     0
                 0     0     0     0     0     0     0     0     0     0
                 0     0     0     0     0     0     0     0     0     0
                 0     0     0     0     0     0     0     0     0     0
                 0     0     0     0     0     0     0     0     0     0
                 0     0     0     0     0     0     0     0     0     0
 CSR HBSAVING    20, 0,
              -600  1000     0 -1000     0     0   101   235     0     0
                 0     0     0     0     0     0     0     0    99     0
 COE HBSAVING   120, -1, 7,
               1649   -401  -1163      0      0      0   1510  -1372  -1332      0
                  0      0   7245  -1944   8354      0      0      0    517  -1557
               1488      0      0      0   1000  -1616   2524      0      0      0
               4180  -3886   4227      0      0      0  -4971   2854   4359      0
                  0      0    947  10000  -4506      0      0      0  10000  -7137
               1598      0      0      0   4916  -1371   2049      0      0      0
                  0      0      0      0      0      0      0      0      0      0
                  0      0      0      0      0      0      0      0      0      0
                  0      0      0      0      0      0      0      0      0      0
                  0      0      0      0      0      0      0      0      0      0
                  0      0      0      0      0      0      0      0   1000   -260
               -971      0      0      0   2489 -10000   8945      0      0      0
 LOC HBSAVING   120, 0,
             10014 10030 10032     0     0     0 10079 10087 10091     0
                 0     0 20005    96    98     0     0     0 10067 10069
             10079     0     0     0 20006    94    98     0     0     0
             20005 20006    96     0     0     0 10003 10004 10009     0
                 0     0 10004 10009 10010     0     0     0 10009 10010
             10012     0     0     0 10009 10012 10014     0     0     0
                 0     0     0     0     0     0     0     0     0     0
                 0     0     0     0     0     0     0     0     0     0
                 0     0     0     0     0     0     0     0     0     0
                 0     0     0     0     0     0     0     0     0     0
                 0     0     0     0     0     0     0     0    73    71
                63     0     0     0    98    97    96     0     0     0
 CHS PM WIGRD    10, 0,
                 0     1     1     1     0     0     1     1     1     0
 CHS WJAW RD      4, 0,
              1743  1750    -5  2006
 CSR VCROSING    10, 0,
                 0     0     0     0    10  2165  1200     0     0     0
 CSR SA SAVE      8, 0,
                 0     0     0     0     0     0     0     0
 CSR ENERGY       7, 0,
              4717  4717  4732  4730  4723  4730  5289
 CLEO BUMPING    20, 0,
                 0     0     0     0     0     0     0     0     0     0
                 0     0     0     0     0     0     0     0     0     0
 CRF FREQ CON     2, 0,
                 0     1
 CSR NMR READ     4, 0,
                23 36946    73 13120
 CSR ANLGRSTA     9, 0,
                 0     0     0     0     0     0     0     0     0
 CSR ANLGRSTB     8, 0,
                 0   999     0    24     0     0     0     0
 CHS FEED OFF     2, 0,
                 0     0
 CSR BETASING    10, 0,
              1700  1000     0     0     0     0     0     0     0     0
 TIM CESR        20, -1, 7,
              -6894   3317    300 -98500      0      0  76125      0      2      0
                 -2   2959      0      0      0      0      0      0      0      0
 CSR HPHASING    80, 0,
                 0     0     0     0     0     0     0     0     0     0
                 0     0     0     0     0     0     0     0     0     0
                 0     0     0     0     0     0     0     0     0     0
                 0     0     0     0     0     0     0     0     0     0
                 0     0     0     0     0     0     0     0     0     0
                 0     0     0     0     0     0     0     0     0     0
                 0     0     0     0     0     0     0     0     0     0
                 0     0     0     0     0     0     0     0     0     0
 CSR HPHASSYM    80, 0,
                 0     0     0     0     0     0     0     0     0     0
                 0     0     0     0     0     0     0     0     0     0
                 0     0     0     0     0     0     0     0     0     0
                 0     0     0     0     0     0     0     0     0     0
                 0     0     0     0     0     0     0     0     0     0
                 0     0     0     0     0     0     0     0     0     0
                 0     0     0     0     0     0     0     0     0     0
                 0     0     0     0     0     0     0     0     0     0
 CSR HPHASANT    80, 0,
                 6     0     0     0   500     0     0     0     0     0
                 0     0     0     0     0     0     0     0     0     0
                 0     0     0     0     0     0     0     0     0     0
                 0     0     0     0     0     0     0     0    92     0
               -47     0  -500     0     0     0     0     0     0     0
              -100     0     0     0     0     0     0     0     0     0
                 0     0     0     0     0     0   225     0     0     0
                 0     0     0     0     0     0     0     0     0     0
 CSR VPHASING    80, 0,
                 0     0     0     0     0     0     0     0     0     0
                 0     0     0     0     0     0     0     0     0     0
                 0     0     0     0     0     0     0     0     0     0
                 0     0     0     0     0     0     0     0     0     0
                 0     0     0     0     0     0     0     0     0     0
                 0     0     0     0     0     0     0     0     0     0
                 0     0     0     0     0     0     0     0     0     0
                 0     0     0     0     0     0     0     0     0     0
 CSR VPHASSYM    80, 0,
                 0     0     0     0     0     0     0     0     0     0
                 0     0     0     0     0     0     0     0     0     0
                 0     0     0     0     0     0     0     0     0     0
                 0     0     0     0     0     0     0     0     0     0
                 0     0     0     0     0     0     0     0     0     0
                 0     0     0     0     0     0     0     0     0     0
                 0     0     0     0     0     0     0     0     0     0
                 0     0     0     0     0     0     0     0     0     0
 CSR VPHASANT    80, 0,
                 0     0     0     0     0     0     0     0     0     0
                 0     0     0     0     0     0     0     0     0     0
                 0     0     0     0     0     0     0     0     0     0
                 0     0     0     0     0     0     0     0     0     0
               -64     0     0     0     0     0   498     0     0     0
                 0     0     0     0     0     0     0     0     0     0
                 0     0     0     0     0     0     0     0     0     0
                 0     0     0     0     0     0     0     0     0     0
 CSR OCTUPING     8, 0,
               197     0     0  -200     0     0     0     0
 CSR HSCR POT     4, 0,
               143    71     0     5
 RELATED SETS    20, 0,
             78200 78237 78892 78790 78865 78866 78476     0     0     0
                 0     0     0     0     0     0     0     0     0     0
