 Version 1.0  Save set taken   11/11/2001   21:58:47                    
                                                                        
 CSR LATTICE     10,    40,
 CESRC_3S_V2                             
 DIMAT                                   
     0.0172,    1.8749,    0.0055,       
 4                                       
    -1.1343,    0.5519,                  
     5.2890,                             
 7                                       
 8                                       
 9                                       
 A                                       
 CSR HSP VOLT     6, 0,
              1036     0  1379  1379     0  1016
 CSR HSP MAIL    40, 0,
              1526  1440     0     0     0     0     0     0     0     0
                 0     0     0     0     0     0     0     0     0     0
                 0     0     0     0     0     0     0     0     0     0
                 0     0     0     0     0     0     0     0     0     0
 SYN MAG CUR      1, 0,
             39642
 CSR HBND CUR     6, 0,
              6162  3898  1221  2176  3680  5001
 CSR HORZ CUR    98, 0,
               312  -482  -294   -65     0     0    82     0  -762  1342
                 0  -815     0   450     0   939     0   253     0   399
                 0    65     0   272     0   134     0  -182     0   774
                 0    77     0  -310     0   114     0    32     0   731
                 0  1041     0 -2705     0  2661   141     0   996  1998
                 0   502 -2382     0  1501     0 -1124     0   764     0
              -211     0  -312     0  -285     0  -257     0  -230     0
              -269     0   506     0  -638     0   -31     0  -179     0
              -446     0  -101     0   180     0  -395     0   337     0
              -718     0     0     0   -82  -173  -251   363
 CSR VERT CUR    98, 0,
             -1387 -1258     0  1486 -1036  1252   288   210   336   141
              -397     0  -278     0   409     0    60     0   228     0
              -123     0  -236     0   160     0   315     0   -58     0
               211     0  -130     0  -421     0  -150     0  -215     0
              -209     0  -295     0  -591     0   990  -264  -873 -1427
              -717 -1046     0  1248     0    95     0    76     0    23
                 0   230     0   205   -39  -304     0  -111     0   166
                 0   -94     0  -192     0   305     0    69     0   -78
                 0  -131     0     4     0  -416     0   169     0  -259
              -131  -289 -2137  3671 -3151     0  -579  -228
 CHS VERT CUR     1, 0,
                 0
 CSR QUAD CUR    98, 0,
                 0     0 17041 39291 27043 32710 21497 12253 12321 19571
             17159 21143 16333 20429 17509 20188 20173 18831 24034 16885
             21289 19655 19200 19238 23308 19205 22808 18793 17278 18362
             15590 14803 14674 17606 12618 15593 17188 18565 15310 17369
             16162 17332 19225 16658 22121 19231 30611 49999 19070 18941
             49999 30862 19293 22177 16761 19221 17380 16054 17302 15074
             18650 17462 15612 12648 17691 14963 14826 15496 18304 17292
             18995 22859 19215 23333 19366 19307 19622 21315 17112 23887
             18551 20133 20145 17133 21113 16138 22516 17922 18462 14914
             13120 21500 32972 26102 37895 17365     0     0
 CSR QADD CUR     7, 0,
              3959 27457 27306  3898 18309 18286  1208
 CSR AQUADCON     2, 0,
                 0   175
 CSR SEXT CUR    98, 0,
                 0     0     0     0     0     0     0    48   293    92
               186  -127  -311   106    22  -113  -313    85   256   492
              1099  1325  1947   519  1056  1056  1601   305   572   389
               684   101   272   273   556   306   698   452  1071   461
              1073    42   -30   113    55     0     0     0     0     0
                 0     0     0    50   138  -306    36   841   468  1087
               574   869   430   547   268   124    41   555   431   676
               294  1601  1171  1151   543  1948  1237   809   435   200
               142   -62   -55    16   106  -434  -239   151    87   260
                21     0     0     0     0     0     0     0
 SCIR SKSXCUR     1, 0,
              -728
 CHS UND VERT     2, 0,
                 0     0
 CHS UND HORZ     2, 0,
                 0     0
 CSR OCTU CUR     4, 0,
              -494  2280 -1943    -1
 CSR SQEWQUAD    98, 0,
                 0  2995  2591     0 -2179   354  -165     0     0     0
                 0     0     0     0     0     0     0     0     0     0
                 0     0     0     0     0     0     0     0     0     0
                 0     0     0     0     0     0     0     0     0     0
                 0     0     0     0     0     0     0     0     0     0
                 0     0     0     0     0     0     0     0     0     0
                 0     0     0     0     0     0     0     0     0     0
                 0     0     0     0     0     0     0     0     0     0
                 0     0     0     0     0     0     0     0     0     0
                 0     0   573    10     0  2880  2952     0
 CSR SQEWSEXT     4, 0,
                 0   -67     0   798
 EXF BEND CUR     5, 0,
             28541     0 32368     0 28294
 EXF HORZ CUR     1, 0,
             -3640
 EXF VERT CUR     3, 0,
               679 -1299 -1003
 EXF QUAD CUR     5, 0,
             40451 41816 17253  6482  4817
 WXF BEND CUR     2, 0,
             34425 35621
 WXF HORZ CUR     1, 0,
             -2856
 WXF VERT CUR     3, 0,
                82    83    14
 WXF QUAD CUR     5, 0,
             45504 40769  8555 10117 13819
 EXF BUMP HV      7, 0,
               310    37    -1     0   266     0   191
 EXF BUMP VAR     6, 0,
               817    75   560     0     0    -1
 EXF KICK HV      1, 0,
               600
 EXF KICK CUR     1, 0,
               601
 EXF PING HV      1, 0,
                31
 EXF PING VAR     1, 0,
                22
 EXF SEPT CUR     3, 0,
               786  1833  1141
 WXF BUMP HV      4, 0,
               518   103   571   471
 WXF BUMP VAR     3, 0,
                -1   106   737
 WXF KICK HV      1, 0,
               520
 WXF KICK CUR     1, 0,
               712
 WXF PING HV      2, 0,
                 0   185
 WXF SEPT CUR     3, 0,
               294   788  1734
 CSR XFR TIME     5, 0,
                60    60    60    60     0
 TIM TRANSFER    23, -1, 7,
                 80 187517  21616  19667      0  22127  22104  22148  18141  15902
                  0  17992  17973  18002      0      0  18573  18573  18007      0
                  0      0     27
 CSR QSCANBOX    40, 0,
                 0     0     0     0     0     0     0     0     0     0
                 0     0     0     0     0     0     0     0     0     0
                 0     0     0     0     0     0     0     0     0     0
                 0     0     0     0     0     0     0     0     0     0
 CSRSYLTP CON     6, 0,
               462   222   347  1023     0     0
 CSRSYLTE CON     6, 0,
               645   691   775  1023     0     0
 CSRSYLTOUCHY     4, 0,
               329   600   443   428
 CSR HSCR CON    10, 0,
                 0     0     0     1     0     0     0     0     0     0
 CSR VSP VOLT     6, 0,
              -329   329  1468  1068  1476  1076
 CSR VSP CON      7, 0,
                 0   224     0     0     0     0     0
 CSR VSP VAR      2, 0,
                 0     0
 CSR SAVRECRD   100, 0,
             76552 76551 76550 76548 76547 76546 76545 76542 76541 76540
             76538 76537 76536 76532 76531 76530 76529 76528 76527 76526
             76525 76524 76516 76515 76514 76513 76503 76502 76501 76500
             76496 76494 76480 76479 76477 76476 76475 76474 76472 76471
             76470 76458 76445 76443 76432 76431 76427 76426 76425 76424
             76423 76400 76398 76397 76396 76395 76394 76393 76392 76391
             76390 76383 76344 76342 76339 76338 76337 76334 76332 76118
             76117 76116 76115 76114 76113 76112 76077 76076 76075 76073
             76072 76071 76070 76069 76068 76067 76066 76065 76064 76063
             76062 76061 76058 76055 76054 76052 76051 76050 76049 76048
 CLEO END CAP     8, 0,
              -162    -5  -181   -44    -6   -53    -9   -65
 XFR SEPT POS     4, 0,
                -1    -1   328     0
 XFR SEPT TLT     4, 0,
                -1    -1   281     0
 CSR LUMCALIB    10, 0,
              4280  4184  3100  3100     0     0     0     0     0     0
 CSR POLARITY     5, 0,
                 1     2     5     0     0
 CSR ROTQ TLT     2, 0,
               175     6
 CSR ROTQ POT    35, 0,
                 0     0     0     0     0     0     0    -1     0     0
                 0     0     0     0     0     0     0     0     0     0
                 0     0    -1     0     0     1     0     0     0     0
              1996     0     0     0     0
 CSR ROTQ RD     42, 0,
                -1    -1  2550  2550  2550    -1    -1  2550  2550  2550
                -1    -1  2550  2550  2550     0    -1  2550  2550  2550
                 3     0  2552  2551  2550     2     4  2553  2553  2365
                 0     0    -4     0    -3     0    -3     0    -3     0
                 0     0
 CSR TEMP MON    24, 0,
               252     0     0     0     0   285   387   445   312   325
               352   367   415   285   327   370   265   267   295   385
               412   400   272   377
 CSR ANYTHING     4, 0,
                 0     0     0   474
 CSR QTUNEING    20, 0,
                 0     0     0     0 -6135  9104  1059  2001     0     0
                 0     0     0     0     0     0     0     0     0     0
 CSR QTANTING    20, 0,
                 0     0     0     0     0   320     0     0     0     0
                 0     0     0     0     0     0     0     0     0     0
 COE QTUNEING   200, 0,
              1000     0     0     0     0     0     0     0     0     0
              1000     0     0     0     0     0     0     0     0     0
              1000     0     0     0     0     0     0     0     0     0
              1000     0     0     0     0     0   837   690    29     0
               500   125    50    12     0     0     0     0     0     0
               500   150    50    12     0     0     0     0     0     0
               500   500    50    50     0     0     0     0     0     0
               500  -500    50   -50     0     0     0     0     0     0
              1000  1000 -1700     0     0     0     0     0     0     0
              1000  1000     0     0     0     0     0     0     0     0
              1000  1000     0     0     0     0     0     0     0     0
              1000   900     0     0     0     0     0     0     0     0
               837   687    12     0     0     0     0     0     0     0
               500   150     0     0     0     0     0     0     0     0
              1000    55     0     0     0     0     0     0     0     0
              1000    12     0     0     0     0     0     0     0     0
               500     0     0     0     0     0     0     0     0     0
               300  1000     0     0     0     0     0     0     0     0
                 0     0     0     0     0     0     0     0     0     0
                 0     0     0     0     0     0     0     0     0     0
 CSR PRETZING    16, 0,
              3181     0     0  -274   375     0     0     0     0     0
               -51     0   317     0     0     0
 CSR SQUADING    30, 0,
                 0     0     0     0     0     0     0     0     0     0
                 0     0     0     0     0     0     0     0     0     0
                 0     0     0     0     0     0     0     0     0     0
 CSR VBUMPING    81, 0,
                 0   -81     0   -78     0     0     0     0     0     0
                 0     0     0     0    60     0     0   -57     0     0
                12    63     0    11     0   -39    18    55    -4     0
                 0     0   -27    59     0     0     0     0     0     0
                 0    55     0    25     0     0     0     0     0     0
                 0   -25     0     0     0     0     0     0   -35     0
                 0     0     0     0     0     0     0     0     0     0
              -246     0   240     0     0     0     0   -78     0     0
                 0
 CSR VBLIMING     4, 0,
                34   486     0     0
 CHS CBUMPING    30, 0,
                 0     0     0     0     0     0     0     0     0     0
                 0     0     0     0     0     0     0     0     0     0
                 0     0     0     0     0     0     0     0     0     0
 CSR HBUMPING    96, 0,
                 0     0     0     0     0     0     0     0     0     0
                 0     0     0     0     0     0     0     0     0     0
                 0  -126     0     0     0     0     0     0     0     0
                 0     0     0     0     0     0     0     0     0   459
                 0     0     0     0     0     0     0     0     0     0
                 0     0     0     0     0     0  -190     0     0     0
                 0     0     0   157     0     0    28     0     0     0
                 0     0     0  -120     0     0     0     0     0     0
                 0     0     0     0     0     0     0     0     0     0
                 0     0     0     0     0     0
 CSR HBLIMING    24, 0,
              1130  1888  1502 -2672     0 -1539     0     0     0     0
                 0     0     0     0     0     0     0     0     0     0
                 0     0     0     0
 CSR HBLMPING    54, 0,
                 0     0     0    50     0     0    49     0     0     0
                 0     0     0     0     0     0     0     0     0     0
                 0     0     0     0     0     0     0     0     0     0
                 0     0     0     0     0     0     0     0     0     0
                 0     0     0     0     0     0     0     0     0     0
                 0     0     0     0
 CSR XQUNEING    45, 0,
              -141     0   -74   -31     0     0     0     0     0     0
                 0     0     0     0     0     0     0     0     0     0
                 0     0     0     0     0     0     0     0     0     0
                 0     0     0     0     0     0     0     0     0     0
                 0     0     0     0     0
 CSR XQANTING    45, 0,
                 0     0     0     0     0     0     0     0     0     0
                 0     0     0     0     0     0     0     0     0     0
                 0     0     0     0     0     0     0     0     0     0
                 0     0     0     0     0     0     0     0     0     0
                 0     0     0     0     0
 CSR BBDIPING     3, 0,
                 0     0     0
 CSR COUPLING    10, 0,
                 0     0     0     0     0     0     0     0     0     0
 CSR VBSAVING    20, 0,
                 0     0     0     0     0     0     0     0     0     0
                 0     0     0     0     0     0     0     0     0     0
 COE VBSAVING   120, 0,
              1614  2634  1832     0     0     0  1599  2632  1832     0
                 0     0     0     0     0     0     0     0     0     0
                 0     0     0     0     0     0     0     0     0     0
                 0     0     0     0     0     0     0     0     0     0
                 0     0     0     0     0     0     0     0     0     0
                 0     0     0     0     0     0     0     0     0     0
                 0     0     0     0     0     0     0     0     0     0
                 0     0     0     0     0     0     0     0     0     0
                 0     0     0     0     0     0     0     0     0     0
                 0     0     0     0     0     0     0     0     0     0
                 0     0     0     0     0     0     0     0     0     0
                 0     0     0     0     0     0     0     0     0     0
 LOC VBSAVING   120, 0,
                 5     9    13     0     0     0    94    90    86     0
                 0     0     0     0     0     0     0     0     0     0
                 0     0     0     0     0     0     0     0     0     0
                 0     0     0     0     0     0     0     0     0     0
                 0     0     0     0     0     0     0     0     0     0
                 0     0     0     0     0     0     0     0     0     0
                 0     0     0     0     0     0     0     0     0     0
                 0     0     0     0     0     0     0     0     0     0
                 0     0     0     0     0     0     0     0     0     0
                 0     0     0     0     0     0     0     0     0     0
                 0     0     0     0     0     0     0     0     0     0
                 0     0     0     0     0     0     0     0     0     0
 CSR HBSAVING    20, 0,
              -600  1000     0 -1000     0     0   101   235     0     0
                 0     0     0     0     0     0     0     0    99     0
 COE HBSAVING   120, -1, 7,
               1649   -401  -1163      0      0      0   1510  -1372  -1332      0
                  0      0   7245  -1944   8354      0      0      0    517  -1557
               1488      0      0      0   1000  -1616   2524      0      0      0
               4180  -3886   4227      0      0      0  -4971   2854   4359      0
                  0      0    947  10000  -4506      0      0      0  10000  -7137
               1598      0      0      0   4916  -1371   2049      0      0      0
                  0      0      0      0      0      0      0      0      0      0
                  0      0      0      0      0      0      0      0      0      0
                  0      0      0      0      0      0      0      0      0      0
                  0      0      0      0      0      0      0      0      0      0
                  0      0      0      0      0      0      0      0   1000   -260
               -971      0      0      0   2489 -10000   8945      0      0      0
 LOC HBSAVING   120, 0,
             10014 10030 10032     0     0     0 10079 10087 10091     0
                 0     0 20005    96    98     0     0     0 10067 10069
             10079     0     0     0 20006    94    98     0     0     0
             20005 20006    96     0     0     0 10003 10004 10009     0
                 0     0 10004 10009 10010     0     0     0 10009 10010
             10012     0     0     0 10009 10012 10014     0     0     0
                 0     0     0     0     0     0     0     0     0     0
                 0     0     0     0     0     0     0     0     0     0
                 0     0     0     0     0     0     0     0     0     0
                 0     0     0     0     0     0     0     0     0     0
                 0     0     0     0     0     0     0     0    73    71
                63     0     0     0    98    97    96     0     0     0
 CHS PM WIGRD    10, 0,
                 0     1     1     1     0     0     1     0     0     0
 CHS WJAW RD      4, 0,
              1740  1747    -4  2007
 CSR VCROSING    10, 0,
              -200  -200     0   329     4  2300  1359     0     0     0
 CSR SA SAVE      8, 0,
                 0     0     0     0     0     0     0     0
 CSR ENERGY       7, 0,
              5180  5289  5296  5289  5181  5289  5289
 CLEO BUMPING    20, 0,
                 0     0     0     0     0     0     0     0     0     0
                 0     0     0     0     0     0     0     0     0     0
 CRF FREQ CON     2, 0,
                 0     1
 CSR NMR READ     4, 0,
                25 26240    84  5490
 CSR ANLGRSTA     9, 0,
                 0     0     0     0     0     0     0     0     0
 CSR ANLGRSTB     8, 0,
                 0   999     0    24     0     0     0     0
 CHS FEED OFF     2, 0,
                 0     0
 CSR BETASING    10, 0,
              1460  1000   242    75     0     0     0     0     0     0
 TIM CESR        20, -1, 7,
              11543   3317    300 -98500      0      0  76125      0      2      0
                 -2   2959      0      0      0      0      0      0      0      0
 CSR HPHASING    80, 0,
                 0     0     0     0     0     0     0     0     0     0
                 0     0     0     0     0     0     0     0     0     0
                 0     0     0     0     0     0     0     0     0     0
                 0     0     0     0     0     0     0     0     0     0
                 0     0     0     0     0     0     0     0     0     0
                 0     0     0     0     0     0     0     0     0     0
                 0     0     0     0     0     0     0     0     0     0
                 0     0     0     0     0     0     0     0     0     0
 CSR HPHASSYM    80, 0,
                 0     0     0     0     0     0     0     0     0     0
                 0     0     0     0     0     0     0     0     0     0
                 0     0     0     0     0     0     0     0     0     0
                 0     0     0     0     0     0     0     0     0     0
                 0     0     0     0     0     0     0     0     0     0
                 0     0     0     0     0     0     0     0     0     0
                 0     0     0     0     0     0     0     0     0     0
                 0     0     0     0     0     0     0     0     0     0
 CSR HPHASANT    80, 0,
                 6     0     0     0   500     0     0     0     0     0
                 0     0     0     0     0     0     0     0     0     0
                 0     0     0     0     0     0     0     0     0     0
                 0     0     0     0     0     0     0     0    92     0
               -47     0  -500     0     0     0     0     0     0     0
              -100     0     0     0     0     0     0     0     0     0
                 0     0     0     0     0     0   225     0     0     0
                 0     0     0     0     0     0     0     0     0     0
 CSR VPHASING    80, 0,
                 0     0     0     0     0     0     0     0     0     0
                 0     0     0     0     0     0     0     0     0     0
                 0     0     0     0     0     0     0     0     0     0
                 0     0     0     0     0     0     0     0     0     0
                 0     0     0     0     0     0     0     0     0     0
                 0     0     0     0     0     0     0     0     0     0
                 0     0     0     0     0     0     0     0     0     0
                 0     0     0     0     0     0     0     0     0     0
 CSR VPHASSYM    80, 0,
                 0     0     0     0     0     0     0     0     0     0
                 0     0     0     0     0     0     0     0     0     0
                 0     0     0     0     0     0     0     0     0     0
                 0     0     0     0     0     0     0     0     0     0
                 0     0     0     0     0     0     0     0     0     0
                 0     0     0     0     0     0     0     0     0     0
                 0     0     0     0     0     0     0     0     0     0
                 0     0     0     0     0     0     0     0     0     0
 CSR VPHASANT    80, 0,
                 0     0     0     0     0     0     0     0     0     0
                 0     0     0     0     0     0     0     0     0     0
                 0     0     0     0     0     0     0     0     0     0
                 0     0     0     0     0     0     0     0     0     0
               -64     0     0     0     0     0   498     0     0     0
                 0     0     0     0     0     0     0     0     0     0
                 0     0     0     0     0     0     0     0     0     0
                 0     0     0     0     0     0     0     0     0     0
 CSR OCTUPING     8, 0,
               197     0     0  -200     0     0     0     0
 CSR HSCR POT     4, 0,
               143    71     0     0
 RELATED SETS    20, 0,
             75749 76177 76552 76045 76418 76060     0     0     0     0
                 0     0     0     0     0     0     0     0     0     0
