 Version 1.0  Save set taken   11/26/2001   18:30:32                    
                                                                        
 CSR LATTICE     10,    40,
 CESRC_3S_V2                             
 DIMAT                                   
     0.0172,    1.8749,    0.0055,       
 4                                       
    -1.1343,    0.5519,                  
     5.2890,                             
 7                                       
 8                                       
 9                                       
 A                                       
 CSR HSP VOLT     6, 0,
              1038     0  1382  1379     0  1016
 CSR HSP VVAL    12, 0,
                 0    -1     0     0    -1    -1    -1    -2     0     0
                -4    -3
 CSR HSP MAIL    40, 0,
              1526  1440     0     0     0     0     0     0     0     0
                 0     0     0     0     0     0     0     0     0     0
                 0     0     0     0     0     0     0     0     0     0
                 0     0     0     0     0     0     0     0     0     0
 SYN MAG CUR      1, 0,
             39726
 CSR HBND CUR     6, 0,
              6175  3906  1224  2176  3680  5001
 CSR HORZ CUR    98, 0,
               313  -483  -295   -65     0     0    82     0  -764  1345
                 0  -817     0   451     0   941     0   254     0   400
                 0    65     0   273     0   134     0  -182     0   776
                 0    77     0  -311     0   114     0    32     0   733
                 0  1043     0 -2711     0  2667   141     0   998  1998
                 0   502 -2382     0  1501     0 -1124     0   764     0
              -211     0  -312     0  -285     0  -257     0  -230     0
              -269     0   506     0  -638     0   -31     0  -179     0
              -446     0  -101     0   180     0  -395     0   337     0
              -718     0     0     0   -82  -173  -251   363
 CSR VERT CUR    98, 0,
             -1390 -1261     0  1489 -1038  1255   289   210   337   141
              -398     0  -279     0   410     0    60     0   228     0
              -123     0  -237     0   160     0   316     0   -58     0
               211     0  -130     0  -422     0  -150     0  -215     0
              -209     0  -296     0  -592     0   992  -265  -875 -1427
              -717 -1046     0  1248     0    95     0    76     0    23
                 0   230     0   205   -39  -304     0  -111     0   166
                 0   -94     0  -192     0   305     0    69     0   -78
                 0  -131     0     4     0  -416     0   169     0  -259
              -131  -289 -2137  3671 -3151     0  -579  -228
 CHS VERT CUR     1, 0,
                 0
 CSR QUAD CUR    98, 0,
                 0     0 17101 39394 27091 32796 21551 12271 12356 19602
             17197 21187 16379 20477 17555 20235 20217 18872 24079 16931
             21335 19702 19241 19279 23362 19251 22858 18835 17307 18381
             15634 14841 14709 17648 12640 15644 17236 18595 15337 17406
             16197 17370 19269 16696 22171 19275 30679 49996 19112 18983
             49997 30930 19335 22226 16798 19262 17417 16088 17339 15106
             18690 17499 15645 12675 17729 14995 14858 15529 18343 17329
             19035 22908 19256 23383 19407 19348 19668 21360 17159 23932
             18591 20177 20192 17169 21175 16160 22580 17973 18475 14974
             13197 21632 33049 26123 37963 17426     0     0
 CSR QADD CUR     7, 0,
              3967 27516 27366  3906 18349 18327  1268
 CSR AQUADCON     2, 0,
                 0   175
 CSR SEXT CUR    98, 0,
                 0     0     0     0     0     0     0    48   294    92
               186  -127  -312   106    22  -113  -314    85   257   493
              1101  1328  1951   520  1058  1058  1604   306   573   390
               685   101   273   274   557   307   699   453  1073   462
              1075    42   -30   113    55     0     0     0     0     0
                 0     0     0    50   138  -306    36   841   468  1087
               574   869   430   547   268   124    41   555   431   676
               294  1601  1171  1151   543  1948  1237   809   435   200
               142   -62   -55    16   106  -434  -239   151    87   260
                21     0     0     0     0     0     0     0
 SCIR SKSXCUR     1, 0,
              -730
 CHS UND VERT     2, 0,
                 0     0
 CHS UND HORZ     2, 0,
                 0     0
 CSR OCTU CUR     4, 0,
              -494  2280 -1943    -1
 CSR SQEWQUAD    98, 0,
                 0  3001  2597     0 -2184   355  -165     0     0     0
                 0     0     0     0     0     0     0     0     0     0
                 0     0     0     0     0     0     0     0     0     0
                 0     0     0     0     0     0     0     0     0     0
                 0     0     0     0     0     0     0     0     0     0
                 0     0     0     0     0     0     0     0     0     0
                 0     0     0     0     0     0     0     0     0     0
                 0     0     0     0     0     0     0     0     0     0
                 0     0     0     0     0     0     0     0     0     0
                 0     0   573    10     0  2880  2952     0
 CSR SQEWSEXT     4, 0,
                 0   -67     0   798
 EXF BEND CUR     5, 0,
             28602     0 32437     0 28354
 EXF HORZ CUR     1, 0,
             -3648
 EXF VERT CUR     3, 0,
               680 -1302 -1003
 EXF QUAD CUR     5, 0,
             40537 41905 17290  6496  4827
 WXF BEND CUR     2, 0,
             34498 35697
 WXF HORZ CUR     1, 0,
             -2862
 WXF VERT CUR     3, 0,
                82    83    14
 WXF QUAD CUR     5, 0,
             45601 40856  8573 10138 13848
 EXF BUMP HV      7, 0,
               308    41    -1     0   267     0   191
 EXF BUMP VAR     6, 0,
               814    79   559     0     0     1
 EXF KICK HV      1, 0,
               600
 EXF KICK CUR     1, 0,
               601
 EXF PING HV      1, 0,
                30
 EXF PING VAR     1, 0,
                21
 EXF SEPT CUR     3, 0,
               788  1837  1143
 WXF BUMP HV      4, 0,
               519   107   562   472
 WXF BUMP VAR     3, 0,
                -1   112   737
 WXF KICK HV      1, 0,
               520
 WXF KICK CUR     1, 0,
               712
 WXF PING HV      2, 0,
                 0   184
 WXF SEPT CUR     3, 0,
               295   790  1738
 CSR XFR TIME     5, 0,
                60    60    60    60     0
 TIM TRANSFER    23, -1, 7,
                 80 187517  21616  19667      0  22127  22104  22148  18141  15902
                  0  17992  17973  18002      0      0  18573  18573  18007      0
                  0      0     27
 CSR QSCANBOX    40, 0,
                 0     0     0     0     0     0     0     0     0     0
                 0     0     0     0     0     0     0     0     0     0
                 0     0     0     0     0     0     0     0     0     0
                 0     0     0     0     0     0     0     0     0     0
 CSRSYLTP CON     6, 0,
               430   199   342  1023     0     0
 CSRSYLTE CON     6, 0,
               676   669   815  1023     0     0
 CSRSYLTOUCHY     4, 0,
               289   627   418   377
 CSR HSCR CON    10, 0,
                 0     0     0     0     0     0     0     0     0     0
 CSR VSP VOLT     6, 0,
              -329   329  1468  1068  1476  1076
 CSR VSP CON      7, 0,
                 0   256     0     0     0     0     1
 CSR VSP VAR      2, 0,
                 0     0
 CSR SAVRECRD   100, 0,
             77047 77046 77045 77044 77043 77042 77041 77040 77039 77038
             77037 77036 77035 77034 77033 77032 77031 77030 77029 77028
             77027 76552 76551 76550 76548 76547 76546 76545 76542 76541
             76540 76538 76537 76536 76532 76531 76530 76529 76528 76527
             76526 76525 76524 76516 76515 76514 76513 76503 76502 76501
             76500 76496 76494 76480 76479 76477 76476 76475 76474 76472
             76471 76470 76458 76445 76443 76432 76431 76427 76426 76425
             76424 76423 76400 76398 76397 76396 76395 76394 76393 76392
             76391 76390 76383 76344 76342 76339 76338 76337 76334 76332
             76118 76117 76116 76115 76114 76113 76112 76077 76076 76075
 CLEO END CAP     8, 0,
                10     6   -20    -6    -5     1    -5   -10
 XFR SEPT POS     4, 0,
                 0     1   328     0
 XFR SEPT TLT     4, 0,
                 0     1   281     0
 CSR LUMCALIB    10, 0,
              4280  4184  3100  3100     0     0     0     0     0     0
 CSR POLARITY     5, 0,
                 1     2     5     0     0
 CSR ROTQ TLT     2, 0,
               377     0
 CSR ROTQ POT    35, 0,
                 0     0     0     0     0     0     0    -1     0     0
                 0     0     0     0     0     0     0     0     0     0
                 0     0    -1     0     0     0     0     0     0     0
              1996     0     0     0     0
 CSR ROTQ RD     42, 0,
                -1    -1  2550  2550  2550    -1    -1  2550  2550  2550
                -1    -1  2550  2550  2550     0    -1  2550  2550  2550
                 2   -12  2552  2551  2550     2     3  2552  2552  2431
                 0     0    -4     0    -3     0    -3     0    -3     0
                 0     0
 CSR TEMP MON    24, 0,
               252     0     0     0     0   210   302   320   267   275
               280   285   282   210   262   272   262   252   262   257
               255   252   262   285
 CSR ANYTHING     4, 0,
                 0     0     0   474
 CSR QTUNEING    20, 0,
                 0     0     0     0 -6135  9104  1059  2001     0     0
                 0     0     0     0     0     0     0     0     0     0
 CSR QTANTING    20, 0,
                 0     0     0     0     0   320     0     0     0     0
                 0     0     0     0     0     0     0     0     0     0
 COE QTUNEING   200, 0,
              1000     0     0     0     0     0     0     0     0     0
              1000     0     0     0     0     0     0     0     0     0
              1000     0     0     0     0     0     0     0     0     0
              1000     0     0     0     0     0   837   690    29     0
               500   125    50    12     0     0     0     0     0     0
               500   150    50    12     0     0     0     0     0     0
               500   500    50    50     0     0     0     0     0     0
               500  -500    50   -50     0     0     0     0     0     0
              1000  1000 -1700     0     0     0     0     0     0     0
              1000  1000     0     0     0     0     0     0     0     0
              1000  1000     0     0     0     0     0     0     0     0
              1000   900     0     0     0     0     0     0     0     0
               837   687    12     0     0     0     0     0     0     0
               500   150     0     0     0     0     0     0     0     0
              1000    55     0     0     0     0     0     0     0     0
              1000    12     0     0     0     0     0     0     0     0
               500     0     0     0     0     0     0     0     0     0
               300  1000     0     0     0     0     0     0     0     0
                 0     0     0     0     0     0     0     0     0     0
                 0     0     0     0     0     0     0     0     0     0
 CSR PRETZING    16, 0,
              3181     0     0  -274   375     0     0     0     0     0
               -51     0   317     0     0     0
 CSR SQUADING    30, 0,
                 0     0     0     0     0     0     0     0     0     0
                 0     0     0     0     0     0     0     0     0     0
                 0     0     0     0     0     0     0     0     0     0
 CSR VBUMPING    81, 0,
                 0   -81     0   -78     0     0     0     0     0     0
                 0     0     0     0    60     0     0   -57     0     0
                12    63     0    11     0   -39    18    55    -4     0
                 0     0   -27    59     0     0     0     0     0     0
                 0    55     0    25     0     0     0     0     0     0
                 0   -25     0     0     0     0     0     0   -35     0
                 0     0     0     0     0     0     0     0     0     0
              -246     0   240     0     0     0     0   -78     0     0
                 0
 CSR VBLIMING     4, 0,
                34   486     0     0
 CHS CBUMPING    30, 0,
                 0     0     0     0     0     0     0     0     0     0
                 0     0     0     0     0     0     0     0     0     0
                 0     0     0     0     0     0     0     0     0     0
 CSR HBUMPING    96, 0,
                 0     0     0     0     0     0     0     0     0     0
                 0     0     0     0     0     0     0     0     0     0
                 0  -126     0     0     0     0     0     0     0     0
                 0     0     0     0     0     0     0     0     0   459
                 0     0     0     0     0     0     0     0     0     0
                 0     0     0     0     0     0  -190     0     0     0
                 0     0     0   157     0     0    28     0     0     0
                 0     0     0  -120     0     0     0     0     0     0
                 0     0     0     0     0     0     0     0     0     0
                 0     0     0     0     0     0
 CSR HBLIMING    24, 0,
              1130  1888  1502 -2672     0 -1539     0     0     0     0
                 0     0     0     0     0     0     0     0     0     0
                 0     0     0     0
 CSR HBLMPING    54, 0,
                 0     0     0    50     0     0    49     0     0     0
                 0     0     0     0     0     0     0     0     0     0
                 0     0     0     0     0     0     0     0     0     0
                 0     0     0     0     0     0     0     0     0     0
                 0     0     0     0     0     0     0     0     0     0
                 0     0     0     0
 CSR XQUNEING    45, 0,
              -141     0   -74   -31     0     0     0     0     0     0
                 0     0     0     0     0     0     0     0     0     0
                 0     0     0     0     0     0     0     0     0     0
                 0     0     0     0     0     0     0     0     0     0
                 0     0     0     0     0
 CSR XQANTING    45, 0,
                 0     0     0     0     0     0     0     0     0     0
                 0     0     0     0     0     0     0     0     0     0
                 0     0     0     0     0     0     0     0     0     0
                 0     0     0     0     0     0     0     0     0     0
                 0     0     0     0     0
 CSR BBDIPING     3, 0,
                 0     0     0
 CSR COUPLING    10, 0,
                 0     0     0     0     0     0     0     0     0     0
 CSR VBSAVING    20, 0,
                 0     0     0     0     0     0     0     0     0     0
                 0     0     0     0     0     0     0     0     0     0
 COE VBSAVING   120, 0,
              1614  2634  1832     0     0     0  1599  2632  1832     0
                 0     0     0     0     0     0     0     0     0     0
                 0     0     0     0     0     0     0     0     0     0
                 0     0     0     0     0     0     0     0     0     0
                 0     0     0     0     0     0     0     0     0     0
                 0     0     0     0     0     0     0     0     0     0
                 0     0     0     0     0     0     0     0     0     0
                 0     0     0     0     0     0     0     0     0     0
                 0     0     0     0     0     0     0     0     0     0
                 0     0     0     0     0     0     0     0     0     0
                 0     0     0     0     0     0     0     0     0     0
                 0     0     0     0     0     0     0     0     0     0
 LOC VBSAVING   120, 0,
                 5     9    13     0     0     0    94    90    86     0
                 0     0     0     0     0     0     0     0     0     0
                 0     0     0     0     0     0     0     0     0     0
                 0     0     0     0     0     0     0     0     0     0
                 0     0     0     0     0     0     0     0     0     0
                 0     0     0     0     0     0     0     0     0     0
                 0     0     0     0     0     0     0     0     0     0
                 0     0     0     0     0     0     0     0     0     0
                 0     0     0     0     0     0     0     0     0     0
                 0     0     0     0     0     0     0     0     0     0
                 0     0     0     0     0     0     0     0     0     0
                 0     0     0     0     0     0     0     0     0     0
 CSR HBSAVING    20, 0,
              -600  1000     0 -1000     0     0   101   235     0     0
                 0     0     0     0     0     0     0     0    99     0
 COE HBSAVING   120, -1, 7,
               1649   -401  -1163      0      0      0   1510  -1372  -1332      0
                  0      0   7245  -1944   8354      0      0      0    517  -1557
               1488      0      0      0   1000  -1616   2524      0      0      0
               4180  -3886   4227      0      0      0  -4971   2854   4359      0
                  0      0    947  10000  -4506      0      0      0  10000  -7137
               1598      0      0      0   4916  -1371   2049      0      0      0
                  0      0      0      0      0      0      0      0      0      0
                  0      0      0      0      0      0      0      0      0      0
                  0      0      0      0      0      0      0      0      0      0
                  0      0      0      0      0      0      0      0      0      0
                  0      0      0      0      0      0      0      0   1000   -260
               -971      0      0      0   2489 -10000   8945      0      0      0
 LOC HBSAVING   120, 0,
             10014 10030 10032     0     0     0 10079 10087 10091     0
                 0     0 20005    96    98     0     0     0 10067 10069
             10079     0     0     0 20006    94    98     0     0     0
             20005 20006    96     0     0     0 10003 10004 10009     0
                 0     0 10004 10009 10010     0     0     0 10009 10010
             10012     0     0     0 10009 10012 10014     0     0     0
                 0     0     0     0     0     0     0     0     0     0
                 0     0     0     0     0     0     0     0     0     0
                 0     0     0     0     0     0     0     0     0     0
                 0     0     0     0     0     0     0     0     0     0
                 0     0     0     0     0     0     0     0    73    71
                63     0     0     0    98    97    96     0     0     0
 CHS PM WIGRD    10, 0,
                 0     1     1     1     0     0     1     1     1     0
 CHS WJAW RD      4, 0,
              1744  1751    -3  2007
 CSR VCROSING    10, 0,
              -200  -200     0   329     4  2300  1359     0     0     0
 CSR SA SAVE      8, 0,
                 0     0     0     0     0     0     0     0
 CSR ENERGY       7, 0,
              5190  5190  5179  5179  5190  5179  5289
 CLEO BUMPING    20, 0,
                 0     0     0     0     0     0     0     0     0     0
                 0     0     0     0     0     0     0     0     0     0
 CRF FREQ CON     2, 0,
                 0     1
 CSR NMR READ     4, 0,
                25 29077    84 10632
 CSR ANLGRSTA     9, 0,
                 0     0     0     0     0     0     0     0     0
 CSR ANLGRSTB     8, 0,
                 0   999     0    24     0     0     0     0
 CHS FEED OFF     2, 0,
                 0     0
 CSR BETASING    10, 0,
              1460  1000   242    75     0     0     0     0     0     0
 TIM CESR        20, -1, 7,
              11543   3317    300 -98500      0      0  76125      0      2      0
                 -2   2959      0      0      0      0      0      0      0      0
 CSR HPHASING    80, 0,
                 0     0     0     0     0     0     0     0     0     0
                 0     0     0     0     0     0     0     0     0     0
                 0     0     0     0     0     0     0     0     0     0
                 0     0     0     0     0     0     0     0     0     0
                 0     0     0     0     0     0     0     0     0     0
                 0     0     0     0     0     0     0     0     0     0
                 0     0     0     0     0     0     0     0     0     0
                 0     0     0     0     0     0     0     0     0     0
 CSR HPHASSYM    80, 0,
                 0     0     0     0     0     0     0     0     0     0
                 0     0     0     0     0     0     0     0     0     0
                 0     0     0     0     0     0     0     0     0     0
                 0     0     0     0     0     0     0     0     0     0
                 0     0     0     0     0     0     0     0     0     0
                 0     0     0     0     0     0     0     0     0     0
                 0     0     0     0     0     0     0     0     0     0
                 0     0     0     0     0     0     0     0     0     0
 CSR HPHASANT    80, 0,
                 6     0     0     0   500     0     0     0     0     0
                 0     0     0     0     0     0     0     0     0     0
                 0     0     0     0     0     0     0     0     0     0
                 0     0     0     0     0     0     0     0    92     0
               -47     0  -500     0     0     0     0     0     0     0
              -100     0     0     0     0     0     0     0     0     0
                 0     0     0     0     0     0   225     0     0     0
                 0     0     0     0     0     0     0     0     0     0
 CSR VPHASING    80, 0,
                 0     0     0     0     0     0     0     0     0     0
                 0     0     0     0     0     0     0     0     0     0
                 0     0     0     0     0     0     0     0     0     0
                 0     0     0     0     0     0     0     0     0     0
                 0     0     0     0     0     0     0     0     0     0
                 0     0     0     0     0     0     0     0     0     0
                 0     0     0     0     0     0     0     0     0     0
                 0     0     0     0     0     0     0     0     0     0
 CSR VPHASSYM    80, 0,
                 0     0     0     0     0     0     0     0     0     0
                 0     0     0     0     0     0     0     0     0     0
                 0     0     0     0     0     0     0     0     0     0
                 0     0     0     0     0     0     0     0     0     0
                 0     0     0     0     0     0     0     0     0     0
                 0     0     0     0     0     0     0     0     0     0
                 0     0     0     0     0     0     0     0     0     0
                 0     0     0     0     0     0     0     0     0     0
 CSR VPHASANT    80, 0,
                 0     0     0     0     0     0     0     0     0     0
                 0     0     0     0     0     0     0     0     0     0
                 0     0     0     0     0     0     0     0     0     0
                 0     0     0     0     0     0     0     0     0     0
               -64     0     0     0     0     0   498     0     0     0
                 0     0     0     0     0     0     0     0     0     0
                 0     0     0     0     0     0     0     0     0     0
                 0     0     0     0     0     0     0     0     0     0
 CSR OCTUPING     8, 0,
               197     0     0  -200     0     0     0     0
 CSR HSCR POT     4, 0,
               142    71     0     0
 RELATED SETS    20, 0,
             76831 76867 77047 76045 76886 76887 76864     0     0     0
                 0     0     0     0     0     0     0     0     0     0
