 Version 1.0  Save set taken    1/27/2002   15:03:53                    
                                                                        
 CSR LATTICE     10,    40,
 CESRC_1S_V2                             
 DIMAT                                   
     0.0172,    1.8749,    0.0055,       
 4                                       
    -1.1343,    0.5519,                  
     5.2890,                             
 7                                       
 8                                       
 9                                       
 A                                       
 CSR HSP VOLT     6, 0,
              1082     0  1269  1269     0  1004
 CSR HSP VVAL    12, 0,
               549   548     0     0   638   637   644   639     0     0
               503   503
 CSR HSP MAIL    40, 0,
              1526  1440     0     0     0     0     0     0     0     0
                 0     0     0     0     0     0     0     0     0     0
                 0     0     0     0     0     0     0     0     0     0
                 0     0     0     0     0     0     0     0     0     0
 SYN MAG CUR      1, 0,
             36318
 CSR HBND CUR     6, 0,
              5451  3654  2535  2014  3898  4609
 CSR HORZ CUR    98, 0,
               335  -340  -448   -61     0     0   426     0   371   166
                 0    34     0   587     0  1191     0  -283     0   979
                 0   -37     0   139     0    64     0   -47     0   714
                 0   393     0  -809     0   531     0   209     0   713
                 0   221     0   -93     0    28   529     0  1376  2214
                 0   777  -263     0 -1202     0  -163     0   935     0
                53     0  -145     0  -157     0   -74     0  -338     0
               326     0   -44     0   -71     0  -211     0    94     0
              -155     0    37     0   335     0    75     0   219     0
               -87     0     0     0   328  -159    30   330
 CSR VERT CUR    98, 0,
             -1074  -347     0   142  -383  -129   282    27   363    61
              -238     0  -504     0   493     0    31     0    57     0
               -80     0  -263     0   197     0   297     0   -20     0
               -27     0   252     0  -572     0  -220     0   -89     0
              -286     0  -376     0  -236     0   229  -334  -983 -1671
              -730 -1232     0   767     0   402     0  -132     0    65
                 0   196     0   119   -28  -197     0  -159     0   158
                 0  -178     0  -242     0   229     0    23     0    30
                 0  -101     0    45     0  -380     0   189     0  -607
               564  -308    52  -397   577     0   156   226
 CHS VERT CUR     1, 0,
                 0
 CSR QUAD CUR    98, 0,
                 0     0 15249 34283 24869 29759 19834 11185 12237 18420
             16166 20789 14793 18765 15839 18506 18661 17252 22258 15094
             19430 17718 17374 17618 21245 17429 21055 17162 16105 17627
             13590 13275 13322 15782 11316 13584 15507 17498 14291 15888
             14737 15825 17431 15252 20262 17568 28026 45206 17258 17272
             45003 28083 17461 20320 15212 17575 15999 14783 15839 13861
             17230 15334 13609 11783 16241 13675 13447 13954 17550 15986
             17211 20599 17465 21213 17732 17829 17960 19557 15104 21964
             16802 18278 18199 15575 18971 15886 21075 16066 18477 13074
              9712 16842 30090 25052 34421 15303     0     0
 CSR QADD CUR     7, 0,
              3548 25129 24988  3481 16757 16694     0
 CSR AQUADCON     2, 0,
                 0   175
 CSR SEXT CUR    98, 0,
                 0     0     0     0     0     0     0    50   520   123
               243   310   617   249   934   392   888   345  1111   432
               879   600  1393   203   421   512  1299   192   386   330
               624   216   659   443   947   759  1751   518  1166   540
              1288   376   793    21   -49     0     0     0     0     0
                 0     0     0   -53    19   738   307  1132   535  1201
               563  1851   776   930   440   633   224   616   309   408
               174  1297   533   412   182  1416   572   892   383  1091
               368   881   434   959   244   608   263   263   120   514
                52     0     0     0     0     0     0     0
 SCIR SKSXCUR     1, 0,
                 0
 CHS UND VERT     2, 0,
                 0     0
 CHS UND HORZ     2, 0,
                 0     0
 CSR OCTU CUR     4, 0,
              -595  1860  -960     0
 CSR SQEWQUAD    98, 0,
                 0  2664  2922  1352    -2  1035  -301     0   220     0
                 0     0     0     0     0     0     0     0     0     0
                 0     0     0     0     0     0     0     0     0     0
                 0     0     0     0     0     0     0     0     0     0
                 0     0     0     0     0     0     0     0     0     0
                 0     0     0     0     0     0     0     0     0     0
                 0     0     0     0     0     0     0     0     0     0
                 0     0     0     0     0     0     0     0     0     0
                 0     0     0     0     0     0     0     0     0     0
                 0     0   250     0   164  2840  2873     0
 CSR SQEWSEXT     4, 0,
                 0 -1000   388    99
 EXF BEND CUR     5, 0,
             25978     0 29537     0 25549
 EXF HORZ CUR     1, 0,
             -3327
 EXF VERT CUR     3, 0,
              1003 -1506 -1268
 EXF QUAD CUR     5, 0,
             36967 38731 15922  6632  4402
 WXF BEND CUR     2, 0,
             30880 31947
 WXF HORZ CUR     1, 0,
             -2383
 WXF VERT CUR     3, 0,
                84    62   127
 WXF QUAD CUR     5, 0,
             40820 36570  7676  9075 12397
 EXF BUMP HV      7, 0,
               208     1     0     0   183     0   160
 EXF BUMP VAR     6, 0,
               526     1   570     0     0    -1
 EXF KICK HV      1, 0,
               600
 EXF KICK CUR     1, 0,
               500
 EXF PING HV      1, 0,
                 6
 EXF PING VAR     1, 0,
                 2
 EXF SEPT CUR     3, 0,
               698  1709  1055
 WXF BUMP HV      4, 0,
               259    60   283   216
 WXF BUMP VAR     3, 0,
                -2   151   738
 WXF KICK HV      1, 0,
               520
 WXF KICK CUR     1, 0,
               701
 WXF PING HV      2, 0,
                 0   149
 WXF SEPT CUR     3, 0,
               259   705  1521
 CSR XFR TIME     5, 0,
                60    60    60     0     0
 TIM TRANSFER    23, -1, 7,
                 80 187517  21616  19667      0  22127  22104  22148  18141  15902
                  0  17975  17997  18008      0      0  18573  18573  18274      0
                  0      0     20
 CSR QSCANBOX    40, 0,
                 0     0     0     0     0     0     0     0     0     0
                 0     0     0     0     0     0     0     0     0     0
                 0     0     0     0     0     0     0     0     0     0
                 0     0     0     0     0     0     0     0     0     0
 CSRSYLTP CON     6, 0,
               437   206   474  1023     0     0
 CSRSYLTE CON     6, 0,
               643   680   796  1023     0     0
 CSRSYLTOUCHY     4, 0,
               324   616   419   397
 CSR HSCR CON    10, 0,
                 0     0     0     0     0     0     0     0     0     0
 CSR VSP VOLT     6, 0,
              -401   401  1233  1233  1253  1253
 CSR VSP CON      7, 0,
                 0   256     0     0     0     0     0
 CSR VSP VAR      2, 0,
                 0     0
 CSR SAVRECRD   100, 0,
             78654 78646 78641 78640 78628 78625 78614 78597 78596 78588
             78587 78582 78581 78580 78579 78567 78566 78565 78564 78563
             78562 78561 78560 78559 78558 78557 78556 78547 78546 78545
             78544 78543 78542 78541 78540 78539 78538 78537 78536 78535
             78534 78533 78444 78306 78304 78299 78302 78301 78300 78298
             78292 78290 78289 78288 78287 78286 78285 78284 78283 78274
             78272 78271 78265 78262 78261 78260 78259 78258 78256 78254
             78251 78252 78248 78146 78144 78143 78142 78140 78139 78134
             78132 78131 78124 78118 78109 78109 76219 76218 76216 76215
             76214 76213 76212 76211 76204 76203 76202 76201 76200 76199
 CLEO END CAP     8, 0,
              -156    -1  -161   -51    -6   -52    -9   -63
 XFR SEPT POS     4, 0,
                -1     1   328     0
 XFR SEPT TLT     4, 0,
                 0     1   281     0
 CSR LUMCALIB    10, 0,
              4280  4184  3100  3100     0     0     0     0     0     0
 CSR POLARITY     5, 0,
                 1     2     4     0     0
 CSR ROTQ TLT     2, 0,
               226   167
 CSR ROTQ POT    35, 0,
                 1     0     0     0     0     0     0    -1     0     0
                 0     0     0     0     0     0     0     0     0     0
                 0     0    -1     0     0     1     0     0     0     0
              1997     0     0     0     0
 CSR ROTQ RD     42, 0,
                -1    -1  2550  2550  2550    -1    -1  2550  2550  2550
                -1    -1  2550  2550  2550     0     0  2550  2550  2550
                 2     0  2552  2551  2550     2     3  2552  2552  2376
                 0     0    -4     0    -2     0    -2     0    -2     0
                 0     0
 CSR TEMP MON    24, 0,
               242     0     0     0     0   290   370   417   295   312
               335   357   392   290   312   347   297   252   275   357
               380   362   262   347
 CSR ANYTHING     4, 0,
                 0     0     0   474
 CSR QTUNEING    20, -1, 7,
                  0      0      0      0 -10612   9018  -4411   1779      0      0
                  0      0      0      0      0      0      0      0      0      0
 CSR QTANTING    20, 0,
                 0     0     0     0     0   320     0     0     0     0
                 0     0     0     0     0     0     0     0     0     0
 COE QTUNEING   200, 0,
              1000     0     0     0     0     0     0     0     0     0
              1000     0     0     0     0     0     0     0     0     0
              1000     0     0     0     0     0     0     0     0     0
              1000     0     0     0     0     0   837   690    29     0
               500   125    50    12     0     0     0     0     0     0
               500   150    50    12     0     0     0     0     0     0
               500   500    50    50     0     0     0     0     0     0
               500  -500    50   -50     0     0     0     0     0     0
              1000  1000 -1700     0     0     0     0     0     0     0
              1000  1000     0     0     0     0     0     0     0     0
              1000  1000     0     0     0     0     0     0     0     0
              1000   900     0     0     0     0     0     0     0     0
               837   687    12     0     0     0     0     0     0     0
               500   150     0     0     0     0     0     0     0     0
              1000    55     0     0     0     0     0     0     0     0
              1000    12     0     0     0     0     0     0     0     0
               500     0     0     0     0     0     0     0     0     0
               300  1000     0     0     0     0     0     0     0     0
                 0     0     0     0     0     0     0     0     0     0
                 0     0     0     0     0     0     0     0     0     0
 CSR PRETZING    16, 0,
              1705     0     0  -190  -397   -59     0     0     0     0
               -98     0   515     0     0     0
 CSR SQUADING    30, 0,
                 0     0     0     0     0     0     0     0     0     0
                 0     0     0     0     0     0     0     0     0     0
                 0     0     0     0     0     0     0     0     0     0
 CSR VBUMPING    81, 0,
                 0     0     0     0     0     0     0     0     0     0
                 0     0     0     0     0  -127     7    56   -29   -44
                 0     0    14    51     0   -15     0    17     0     0
                 0    75     0     0     0     0     0     0     0     0
                 0     0     0     0     0     0     0     0     0     0
                 0    -7    19     0     0     0     0    33     0     0
                 0     0     0     0     0     0     0     0     0     0
                 0     0     0     0     0     0     0     0     0     0
                 0
 CSR VBLIMING     4, 0,
                 0   450     0     0
 CHS CBUMPING    30, 0,
                 0     0     0     0     0     0     0     0     0     0
               -69     0    18     0     0     0     0    11   -18     0
                 9     0     5     0     0     0     0     0     0     0
 CSR HBUMPING    96, 0,
                 0     0     0     0     0     0     0     0     0     0
                 0     0     0     0     0     0     0     0     0     0
                 0     0     0     0     0     0     0     0     0     0
                 0     0     0     0     0     0     0     0     0     0
                 0     0     0     0     0     0     0     0     0     0
                 0     0     0     0     0     0     0     0     0     0
                 0     0     0     0     0     0     0     0     0     0
                 0     0     0     0     0     0     0     0     0     0
                 0     0     0     0     0     0     0     0     0     0
                 0     0     0     0     0     0
 CSR HBLIMING    24, 0,
              1223  1902  1405 -2506     0 -1303     0     0     0     0
                 0     0     0     0     0     0     0     0     0     0
                 0     0     0     0
 CSR HBLMPING    54, 0,
                 0     0     0    50     0     0    49     0     0     0
                 0     0     0     0     0     0     0     0     0     0
                 0     0     0     0     0     0     0     0     0     0
                 0     0     0     0     0     0     0     0     0     0
                 0     0     0     0     0     0     0     0     0     0
                 0     0     0     0
 CSR XQUNEING    45, 0,
               812  -190   -27   -59     0     0     0     0     0     0
                 0     0     0     0     0     0     0     0     0     0
                 0     0     0     0     0     0     0     0     0     0
                 0     0     0     0     0     0     0     0     0     0
                 0     0     0     0     0
 CSR XQANTING    45, 0,
                 0     0     0     0     0     0     0     0     0     0
                 0     0     0     0     0     0     0     0     0     0
                 0     0     0     0     0     0     0     0     0     0
                 0     0     0     0     0     0     0     0     0     0
                 0     0     0     0     0
 CSR BBDIPING     3, 0,
                 0     0     0
 CSR COUPLING    10, 0,
                 0     0     0     0     0     0     0     0     0     0
 CSR VBSAVING    20, 0,
                 0     0     0     0     0     0     0     0     0     0
                 0     0     0     0     0     0     0     0     0     0
 COE VBSAVING   120, 0,
              1614  2634  1832     0     0     0  1599  2632  1832     0
                 0     0     0     0     0     0     0     0     0     0
                 0     0     0     0     0     0     0     0     0     0
                 0     0     0     0     0     0     0     0     0     0
                 0     0     0     0     0     0     0     0     0     0
                 0     0     0     0     0     0     0     0     0     0
                 0     0     0     0     0     0     0     0     0     0
                 0     0     0     0     0     0     0     0     0     0
                 0     0     0     0     0     0     0     0     0     0
                 0     0     0     0     0     0     0     0     0     0
                 0     0     0     0     0     0     0     0     0     0
                 0     0     0     0     0     0     0     0     0     0
 LOC VBSAVING   120, 0,
                 5     9    13     0     0     0    94    90    86     0
                 0     0     0     0     0     0     0     0     0     0
                 0     0     0     0     0     0     0     0     0     0
                 0     0     0     0     0     0     0     0     0     0
                 0     0     0     0     0     0     0     0     0     0
                 0     0     0     0     0     0     0     0     0     0
                 0     0     0     0     0     0     0     0     0     0
                 0     0     0     0     0     0     0     0     0     0
                 0     0     0     0     0     0     0     0     0     0
                 0     0     0     0     0     0     0     0     0     0
                 0     0     0     0     0     0     0     0     0     0
                 0     0     0     0     0     0     0     0     0     0
 CSR HBSAVING    20, 0,
              -600  1000     0 -1000     0     0   101   235     0     0
                 0     0     0     0     0     0     0     0    99     0
 COE HBSAVING   120, -1, 7,
               1649   -401  -1163      0      0      0   1510  -1372  -1332      0
                  0      0   7245  -1944   8354      0      0      0    517  -1557
               1488      0      0      0   1000  -1616   2524      0      0      0
               4180  -3886   4227      0      0      0  -4971   2854   4359      0
                  0      0    947  10000  -4506      0      0      0  10000  -7137
               1598      0      0      0   4916  -1371   2049      0      0      0
                  0      0      0      0      0      0      0      0      0      0
                  0      0      0      0      0      0      0      0      0      0
                  0      0      0      0      0      0      0      0      0      0
                  0      0      0      0      0      0      0      0      0      0
                  0      0      0      0      0      0      0      0   1000   -260
               -971      0      0      0   2489 -10000   8945      0      0      0
 LOC HBSAVING   120, 0,
             10014 10030 10032     0     0     0 10079 10087 10091     0
                 0     0 20005    96    98     0     0     0 10067 10069
             10079     0     0     0 20006    94    98     0     0     0
             20005 20006    96     0     0     0 10003 10004 10009     0
                 0     0 10004 10009 10010     0     0     0 10009 10010
             10012     0     0     0 10009 10012 10014     0     0     0
                 0     0     0     0     0     0     0     0     0     0
                 0     0     0     0     0     0     0     0     0     0
                 0     0     0     0     0     0     0     0     0     0
                 0     0     0     0     0     0     0     0     0     0
                 0     0     0     0     0     0     0     0    73    71
                63     0     0     0    98    97    96     0     0     0
 CHS PM WIGRD    10, 0,
                 0     1     1     1     0     0     1     1     1     0
 CHS WJAW RD      4, 0,
              1744  1751     2  2007
 CSR VCROSING    10, 0,
                 0     0     0   401     5  2271   195     0     0     0
 CSR SA SAVE      8, 0,
                 0     0     0     0     0     0     0     0
 CSR ENERGY       7, 0,
              4730  4730  4730  4730  4730  4730  4730  
 CLEO BUMPING    20, 0,
                 0     0     0     0     0     0     0     0     0     0
                 0     0     0     0     0     0     0     0     0     0
 CRF FREQ CON     2, 0,
                 0     1
 CSR NMR READ     4, 0,
                23 38224    73 18192
 CSR ANLGRSTA     9, 0,
                 0     0     0     0     0     0     0     0     0
 CSR ANLGRSTB     8, 0,
                 0   999     0    24     0     0     0     0
 CHS FEED OFF     2, 0,
                 0     0
 CSR BETASING    10, 0,
              1424  1000   125     0     0     0     0     0     0     0
 TIM CESR        20, -1, 7,
              -6894   3317    300 -98500      0      0  76125      0      2      0
                 -2   2959      0      0      0      0      0      0      0      0
 CSR HPHASING    80, 0,
                 0     0     0     0     0     0     0     0     0     0
                 0     0     0     0     0     0     0     0     0     0
                 0     0     0     0     0     0     0     0     0     0
                 0     0     0     0     0     0     0     0     0     0
                 0     0     0     0     0     0     0     0     0     0
                 0     0     0     0     0     0     0     0     0     0
                 0     0     0     0     0     0     0     0     0     0
                 0     0     0     0     0     0     0     0     0     0
 CSR HPHASSYM    80, 0,
                 0     0     0     0     0     0     0     0     0     0
                 0     0     0     0     0     0     0     0     0     0
                 0     0     0     0     0     0     0     0     0     0
                 0     0     0     0     0     0     0     0     0     0
                 0     0     0     0     0     0     0     0     0     0
                 0     0     0     0     0     0     0     0     0     0
                 0     0     0     0     0     0     0     0     0     0
                 0     0     0     0     0     0     0     0     0     0
 CSR HPHASANT    80, 0,
                 6     0     0     0   500     0     0     0     0     0
                 0     0     0     0     0     0     0     0     0     0
                 0     0     0     0     0     0     0     0     0     0
                 0     0     0     0     0     0     0     0    92     0
               -47     0  -500     0     0     0     0     0     0     0
              -100     0     0     0     0     0     0     0     0     0
                 0     0     0     0     0     0   225     0     0     0
                 0     0     0     0     0     0     0     0     0     0
 CSR VPHASING    80, 0,
                 0     0     0     0     0     0     0     0     0     0
                 0     0     0     0     0     0     0     0     0     0
                 0     0     0     0     0     0     0     0     0     0
                 0     0     0     0     0     0     0     0     0     0
                 0     0     0     0     0     0     0     0     0     0
                 0     0     0     0     0     0     0     0     0     0
                 0     0     0     0     0     0     0     0     0     0
                 0     0     0     0     0     0     0     0     0     0
 CSR VPHASSYM    80, 0,
                 0     0     0     0     0     0     0     0     0     0
                 0     0     0     0     0     0     0     0     0     0
                 0     0     0     0     0     0     0     0     0     0
                 0     0     0     0     0     0     0     0     0     0
                 0     0     0     0     0     0     0     0     0     0
                 0     0     0     0     0     0     0     0     0     0
                 0     0     0     0     0     0     0     0     0     0
                 0     0     0     0     0     0     0     0     0     0
 CSR VPHASANT    80, 0,
                 0     0     0     0     0     0     0     0     0     0
                 0     0     0     0     0     0     0     0     0     0
                 0     0     0     0     0     0     0     0     0     0
                 0     0     0     0     0     0     0     0     0     0
               -64     0     0     0     0     0   498     0     0     0
                 0     0     0     0     0     0     0     0     0     0
                 0     0     0     0     0     0     0     0     0     0
                 0     0     0     0     0     0     0     0     0     0
 CSR OCTUPING     8, 0,
               197     0     0  -200     0     0     0     0
 CSR HSCR POT     4, 0,
               140    71     0     0
 RELATED SETS    20, 0,
             78200 78237 78654 77653 78630 78631 78603     0     0     0
                 0     0     0     0     0     0     0     0     0     0
