 Version 1.0  Save set taken    2/28/2002   10:07:22            001                                                             
 
 CSR LATTICE     10,    40,
 1S_V2
 DIMAT
     0.0158,    0.8897,   -0.0003,
 4
    -1.8817,   -0.7167,
     4.7300,
 7
 8
 9
 A
 CSR HSP VOLT     6, 0,
               359     0   774   774     0   827
 CSR HSP VVAL    12, 0,
               182   182     0     0   389   388   391   387     0     0
               415   416
 CSR HSP MAIL    40, 0,
              1526  1440     0     0     0     0     0     0     0     0
                 0     0     0     0     0     0     0     0     0     0
                 0     0     0     0     0     0     0     0     0     0
                 0     0     0     0     0     0     0     0     0     0
 SYN MAG CUR      1, 0,
             35206
 CSR HBND CUR     6, 0,
              5321  3582  2625  1937  4010  4525
 CSR HORZ CUR    98, 0,
               388  -339  -512   911     0     0   425     0   370   431
                 0   132     0   164     0  1268     0  -421     0   773
                 0    85     0   345     0   107     0    19     0   823
                 0   420     0  -867     0   446     0   339     0   657
                 0   251     0   227     0   207   447     0  1187  2041
                 0   717 -3667     0  2508     0 -1527     0   898     0
               203     0  -221     0  -158     0   155     0  -283     0
               308     0  -306     0   -65     0  -476     0   -83     0
               -10     0   120     0   300     0   279     0   180     0
                 1     0     0     0   629  -171    30   924
 CSR VERT CUR    98, 0,
              -692  -357     0     0  -231   -76   278   302    49    61
              -112     0  -462     0   452     0    53     0   102     0
              -142     0  -346     0   113     0   268     0     3     0
              -212     0  1316     0 -1582     0   365     0  -185     0
              -164     0  -322     0  -286     0   180  -325  -932 -1602
              -710 -1243     0   727     0   381     0  -197     0    29
                 0   242     0   151   -14  -172     0  -159     0   228
                 0  -240     0  -341     0   172     0   -82     0    34
                 0  -113     0    31     0  -405     0   158     0  -320
              -111   -84   -56  -122  -107     0   212   546
 CHS VERT CUR     1, 0,
                 0
 CSR QUAD CUR    98, 0,
                 0     0 15167 34248 24738 29794 19933 11200 12218 18476
             16095 20710 14893 18772 15673 18330 18454 17018 22113 15038
             19423 17899 17594 17649 21226 17318 20841 17121 16019 17587
             13678 13348 13467 15907 11458 13555 15301 17290 14100 15856
             14808 15884 17528 15219 20290 17462 27994 44901 17325 17339
             44700 28013 17467 20323 15224 17531 15950 14768 15879 14041
             17372 15479 13577 11714 16090 13603 13317 13896 17589 16055
             17173 20746 17438 21154 17662 17573 17833 19476 15093 21960
             16893 18313 18283 15653 18852 15760 20974 16143 18514 13222
              9713 16928 30063 24943 34484 15310     0     0
 CSR QADD CUR     7, 0,
              3566 25100 24914  3493 16691 16653     0
 CSR AQUADCON     2, 0,
                 0   175
 CSR SEXT CUR    98, 0,
                 0     0     0     0     0     0     0    63   211    90
               116    93   164   289   657   341   713   450   873   537
              1082   799  1624   423   872   715  1446   184   253   393
               438   234   544   338   473   499   883   461   993   526
               941   243   190   246   151     0     0     0     0     0
                 0     0     0   141   260   211   249   882   526  1004
               476   868   498   492   360   551   251   471   382   226
               166  1399   695   828   393  1662   794  1139   520   892
               490   651   381   639   306   169    86   156    82   216
                29     0     0     0     0     0     0     0
 SCIR SKSXCUR     1, 0,
                 0
 CHS UND VERT     2, 0,
                 0     0
 CHS UND HORZ     2, 0,
                 0     0
 CSR OCTU CUR     4, 0,
              -411   552   459     0
 CSR SQEWQUAD    98, 0,
                 0  2772  2566  -253     0   269     0     0     0     0
                 0     0     0     0     0     0     0     0     0     0
                 0     0     0     0     0     0     0     0     0     0
                 0     0     0     0     0     0     0     0     0     0
                 0     0     0     0     0     0     0     0     0     0
                 0     0     0     0     0     0     0     0     0     0
                 0     0     0     0     0     0     0     0     0     0
                 0     0     0     0     0     0     0     0     0     0
                 0     0     0     0     0     0     0     0     0     0
                 0     0    20     0  -465  3200  3187     0
 CSR SQEWSEXT     4, 0,
                 0     0     0     0
 EXF BEND CUR     5, 0,
             25981     0 29466     0 25758
 EXF HORZ CUR     1, 0,
             -3316
 EXF VERT CUR     3, 0,
               620 -1183  -795
 EXF QUAD CUR     5, 0,
             36827 38070 15709  5903  4385
 WXF BEND CUR     2, 0,
             30757 31881
 WXF HORZ CUR     1, 0,
             -2333
 WXF VERT CUR     3, 0,
              -100   167   447
 WXF QUAD CUR     5, 0,
             40760 36515  7664  9061 12378
 EXF BUMP HV      7, 0,
               267     0     0     0   244     0   207
 EXF BUMP VAR     6, 0,
               543     1   593     0     0    -1
 EXF KICK HV      1, 0,
               600
 EXF KICK CUR     1, 0,
               601
 EXF PING HV      1, 0,
               291
 EXF PING VAR     1, 0,
               211
 EXF SEPT CUR     3, 0,
               716  1670  1035
 WXF BUMP HV      4, 0,
               325    83   351   282
 WXF BUMP VAR     3, 0,
                 1   159   738
 WXF KICK HV      1, 0,
               520
 WXF KICK CUR     1, 0,
               597
 WXF PING HV      2, 0,
                 0   148
 WXF SEPT CUR     3, 0,
               272   745  1520
 CSR XFR TIME     5, 0,
                30    60    60    60     0
 TIM TRANSFER    23, -1, 7,
                 80 185473  22396  20147     65  22132  22165  22157  17995  15574
                  0  17867  17947  17896      0      0  18573  18573  22439      0
                  0      0     47
 CSR QSCANBOX    40, 0,
                 0     0     0     0     0     0     0     0     0     0
                 0     0     0     0     0     0     0     0     0     0
                 0     0     0     0     0     0     0     0     0     0
                 0     0     0     0     0     0     0     0     0     0
 CSRSYLTP CON     6, 0,
               437   201   508  1023     0     0
 CSRSYLTE CON     6, 0,
               653   678   796  1023     0     0
 CSRSYLTOUCHY     4, 0,
               322   616   418   398
 CSR HSCR CON    10, 0,
                 0     0     0     0     0     0     0     6     0     0
 CSR VSP VOLT     6, 0,
                 0     0  1137  1137  1137  1137
 CSR VSP CON      7, 0,
                 0   239     0     0     0     0     1
 CSR VSP VAR      2, 0,
                 0     0
 CSR SAVRECRD   100, 0,
             79369 78890 78862 78528 78527 78502 78484 78479 78478 78473
             78470 78445 78293 78135 78128 78127 78118 78115 78114 78109
             78108 78107 78105 78103 78094 78100 78098 78094 76562 76352
             76190 76189 76188 76184 76178 76149 76135 76129 76106 76103
             76101 76099 76098 76096 76095 76094 76093 76091 76090 76088
             76087 76086 76085 76082 76080 76079 75918 75914 75911 75743
             75742 75712 75687 75636 75633 75632 75627 75625 75622 75618
             75614 75612 75608 75607 75606 75605 75593 75552 75527 75525
             75524 75522 75521 75520 75516 75515 75514 75512 75509 75507
             75505 75503 75456 75455 75452 75451 75445 75444 75443 75442
 CLEO END CAP     8, 0,
                -2     4   -43   -41    -7    -4    -6   -21
 XFR SEPT POS     4, 0,
                 0     0   328     0
 XFR SEPT TLT     4, 0,
                -1     1   282     0
 CSR LUMCALIB    10, 0,
              4280  4184  3100  3100     0     0     0     0     0     0
 CSR POLARITY     5, 0,
                 1     1     1     0     0
 CSR ROTQ TLT     2, 0,
               371   358
 CSR ROTQ POT    35, 0,
                 0     0     0     0     0     0     0    -1     0     0
                 0     0     0     0     0     0     0     0     0     0
                 0     0    -1     0     0     1     0     0     0     0
              1996     0     0     0     0
 CSR ROTQ RD     42, 0,
                -1    -1  2550  2550  2550    -1    -1  2550  2550  2550
                -1    -1  2550  2550  2550    -1    -1  2550  2550  2550
                 3     0  2553  2551  2550     2     4  2553  2552  2402
                 0     0    -4     0    -3     0    -3     0    -2     0
                 0     0
 CSR TEMP MON    24, 0,
               230     0     0     0     0   222   300   322   260   272
               277   287   292   222   262   275   305   250   262   260
               257   252   260   312
 CSR ANYTHING     4, 0,
                 0     0     0   474
 CSR QTUNEING    20, 0,
                 0     0     0     0 -1312 18366 -4411  1779     0     0
                 0     0     0     0     0     0     0     0     0     0
 CSR QTANTING    20, 0,
                 0     0     0     0     0   320     0     0     0     0
                 0     0     0     0     0     0     0     0     0     0
 COE QTUNEING   200, 0,
              1000     0     0     0     0     0     0     0     0     0
              1000     0     0     0     0     0     0     0     0     0
              1000     0     0     0     0     0     0     0     0     0
              1000     0     0     0     0     0   837   690    29     0
               500   125    50    12     0     0     0     0     0     0
               500   150    50    12     0     0     0     0     0     0
               500   500    50    50     0     0     0     0     0     0
               500  -500    50   -50     0     0     0     0     0     0
              1000  1000 -1700     0     0     0     0     0     0     0
              1000  1000     0     0     0     0     0     0     0     0
              1000  1000     0     0     0     0     0     0     0     0
              1000   900     0     0     0     0     0     0     0     0
               837   687    12     0     0     0     0     0     0     0
               500   150     0     0     0     0     0     0     0     0
              1000    55     0     0     0     0     0     0     0     0
              1000    12     0     0     0     0     0     0     0     0
               500     0     0     0     0     0     0     0     0     0
               300  1000     0     0     0     0     0     0     0     0
                 0     0     0     0     0     0     0     0     0     0
                 0     0     0     0     0     0     0     0     0     0
 CSR PRETZING    16, 0,
               500     0     0     0     0     0     0     0     0     0
                 0     0  -700     0     0     0
 CSR SQUADING    30, 0,
                 0     0     0     0     0     0     0     0     0     0
                 0     0     0     0     0     0     0     0     0     0
                 0     0     0     0     0     0     0     0     0     0
 CSR VBUMPING    81, 0,
                 0     0     0     0     0     0     0     0     0     0
                 0     0     0     0     0     0     0     0     0     0
                 0     0     0     0     0     0     0   -95   621     0
                 0     0     0     0     0     0     0     0     0     0
                 0     0     0     0     0     0     0     0     0     0
                 0     0     0     0     0     0     0     0     0     0
                 0     0     0     0     0     0     0     0     0     0
                 0     0     0     0     0     0     0     0     0     0
                 0
 CSR VBLIMING     4, 0,
                34   486     0     0
 CHS CBUMPING    30, 0,
                 0     0     0     0     0     0     0     0     0     0
                 0     0     0     0     0     0     0     0     0     0
                 0     0     0     0     0     0     0     0     0     0
 CSR HBUMPING    96, 0,
                 0     0     0     0     0     0     0     0     0     0
                 0     0     0     0     0     0     0     0     0     0
                 0     0     0     0     0     0     0     0     0     0
                 0     0     0     0     0     0     0     0     0     0
                 0     0     0     0     0     0     0     0     0     0
                 0     0     0     0     0     0  -615     0     0     0
                 0     0     0     0     0     0     0     0     0     0
                 0     0     0     0     0     0     0     0     0     0
                 0     0     0     0     0     0     0     0     0     0
                 0     0     0     0     0     0
 CSR HBLIMING    24, 0,
              2697  1973  1502 -2672     0 -1539     0     0     0     0
                 0     0     0     0     0     0     0     0     0     0
                 0     0     0     0
 CSR HBLMPING    54, 0,
                 0     0     0    50     0     0    49     0     0     0
                 0     0     0     0     0     0     0     0     0     0
                 0     0     0     0     0     0     0     0     0     0
                 0     0     0     0     0     0     0     0     0     0
                 0     0     0     0     0     0     0     0     0     0
                 0     0     0     0
 CSR XQUNEING    45, 0,
               197   137     0   -34     0     0     0     0     0     0
                 0     0     0     0     0     0     0     0     0     0
                 0     0     0     0     0     0     0     0     0     0
                 0     0     0     0     0     0     0     0     0     0
                 0     0     0     0     0
 CSR XQANTING    45, 0,
                 0     0     0     0     0     0     0     0     0     0
                 0     0     0     0     0     0     0     0     0     0
                 0     0     0     0     0     0     0     0     0     0
                 0     0     0     0     0     0     0     0     0     0
                 0     0     0     0     0
 CSR BBDIPING     3, 0,
                 0     0     0
 CSR COUPLING    10, 0,
                 0     0     0     0     0     0     0     0     0     0
 CSR VBSAVING    20, 0,
                 0     0     0     0     0     0     0     0     0     0
                 0     0     0     0     0     0     0     0     0     0
 COE VBSAVING   120, 0,
              1614  2634  1832     0     0     0  1599  2632  1832     0
                 0     0     0     0     0     0     0     0     0     0
                 0     0     0     0     0     0     0     0     0     0
                 0     0     0     0     0     0     0     0     0     0
                 0     0     0     0     0     0     0     0     0     0
                 0     0     0     0     0     0     0     0     0     0
                 0     0     0     0     0     0     0     0     0     0
                 0     0     0     0     0     0     0     0     0     0
                 0     0     0     0     0     0     0     0     0     0
                 0     0     0     0     0     0     0     0     0     0
                 0     0     0     0     0     0     0     0     0     0
                 0     0     0     0     0     0     0     0     0     0
 LOC VBSAVING   120, 0,
                 5     9    13     0     0     0    94    90    86     0
                 0     0     0     0     0     0     0     0     0     0
                 0     0     0     0     0     0     0     0     0     0
                 0     0     0     0     0     0     0     0     0     0
                 0     0     0     0     0     0     0     0     0     0
                 0     0     0     0     0     0     0     0     0     0
                 0     0     0     0     0     0     0     0     0     0
                 0     0     0     0     0     0     0     0     0     0
                 0     0     0     0     0     0     0     0     0     0
                 0     0     0     0     0     0     0     0     0     0
                 0     0     0     0     0     0     0     0     0     0
                 0     0     0     0     0     0     0     0     0     0
 CSR HBSAVING    20, 0,
              -600  1000     0 -1000     0     0   101   235     0     0
                 0     0     0     0     0     0     0     0    99     0
 COE HBSAVING   120, -1, 7,
               1649   -401  -1163      0      0      0   1510  -1372  -1332      0
                  0      0   7245  -1944   8354      0      0      0    517  -1557
               1488      0      0      0   1000  -1616   2524      0      0      0
               4180  -3886   4227      0      0      0  -4971   2854   4359      0
                  0      0    947  10000  -4506      0      0      0  10000  -7137
               1598      0      0      0   4916  -1371   2049      0      0      0
                  0      0      0      0      0      0      0      0      0      0
                  0      0      0      0      0      0      0      0      0      0
                  0      0      0      0      0      0      0      0      0      0
                  0      0      0      0      0      0      0      0      0      0
                  0      0      0      0      0      0      0      0   1000   -260
               -971      0      0      0   2489 -10000   8945      0      0      0
 LOC HBSAVING   120, 0,
             10014 10030 10032     0     0     0 10079 10087 10091     0
                 0     0 20005    96    98     0     0     0 10067 10069
             10079     0     0     0 20006    94    98     0     0     0
             20005 20006    96     0     0     0 10003 10004 10009     0
                 0     0 10004 10009 10010     0     0     0 10009 10010
             10012     0     0     0 10009 10012 10014     0     0     0
                 0     0     0     0     0     0     0     0     0     0
                 0     0     0     0     0     0     0     0     0     0
                 0     0     0     0     0     0     0     0     0     0
                 0     0     0     0     0     0     0     0     0     0
                 0     0     0     0     0     0     0     0    73    71
                63     0     0     0    98    97    96     0     0     0
 CHS PM WIGRD    10, 0,
                 0     1     0     1     0     0     1     1     1     0
 CHS WJAW RD      4, 0,
              1744  1751    -3  2007
 CSR VCROSING    10, 0,
                 0     0     0     0     0  2165  1200     0     0     0
 CSR SA SAVE      8, 0,
                 0     0     0     0     0     0     0     0
 CSR ENERGY       7, 0,
              4717  4714  4730  4730  4717  4730  5289
 CLEO BUMPING    20, 0,
                 0     0     0     0     0     0     0     0     0     0
                 0     0     0     0     0     0     0     0     0     0
 CRF FREQ CON     2, 0,
                 0     1
 CSR NMR READ     4, 0,
                23 36936    73 13110
 CSR ANLGRSTA     9, 0,
                 0     0     0     0     0     0     0     0     0
 CSR ANLGRSTB     8, 0,
                 0   999     0    24     0     0     0     0
 CHS FEED OFF     2, 0,
                 0     0
 CSR BETASING    10, 0,
              1700  1000     0     0     0     0     0     0     0     0
 TIM CESR        20, -1, 7,
              11543   3317    300 -98500      0      0  76125      0      2      0
                 -2   2959      0      0      0      0      0      0      0      0
 CSR HPHASING    80, 0,
                 0     0     0     0     0     0     0     0     0     0
                 0     0     0     0     0     0     0     0     0     0
                 0     0     0     0     0     0     0     0     0     0
                 0     0     0     0     0     0     0     0     0     0
                 0     0     0     0     0     0     0     0     0     0
                 0     0     0     0     0     0     0     0     0     0
                 0     0     0     0     0     0     0     0     0     0
                 0     0     0     0     0     0     0     0     0     0
 CSR HPHASSYM    80, 0,
                 0     0     0     0     0     0     0     0     0     0
                 0     0     0     0     0     0     0     0     0     0
                 0     0     0     0     0     0     0     0     0     0
                 0     0     0     0     0     0     0     0     0     0
                 0     0     0     0     0     0     0     0     0     0
                 0     0     0     0     0     0     0     0     0     0
                 0     0     0     0     0     0     0     0     0     0
                 0     0     0     0     0     0     0     0     0     0
 CSR HPHASANT    80, 0,
                 6     0     0     0   500     0     0     0     0     0
                 0     0     0     0     0     0     0     0     0     0
                 0     0     0     0     0     0     0     0     0     0
                 0     0     0     0     0     0     0     0    92     0
               -47     0  -500     0     0     0     0     0     0     0
              -100     0     0     0     0     0     0     0     0     0
                 0     0     0     0     0     0   225     0     0     0
                 0     0     0     0     0     0     0     0     0     0
 CSR VPHASING    80, 0,
                 0     0     0     0     0     0     0     0     0     0
                 0     0     0     0     0     0     0     0     0     0
                 0     0     0     0     0     0     0     0     0     0
                 0     0     0     0     0     0     0     0     0     0
                 0     0     0     0     0     0     0     0     0     0
                 0     0     0     0     0     0     0     0     0     0
                 0     0     0     0     0     0     0     0     0     0
                 0     0     0     0     0     0     0     0     0     0
 CSR VPHASSYM    80, 0,
                 0     0     0     0     0     0     0     0     0     0
                 0     0     0     0     0     0     0     0     0     0
                 0     0     0     0     0     0     0     0     0     0
                 0     0     0     0     0     0     0     0     0     0
                 0     0     0     0     0     0     0     0     0     0
                 0     0     0     0     0     0     0     0     0     0
                 0     0     0     0     0     0     0     0     0     0
                 0     0     0     0     0     0     0     0     0     0
 CSR VPHASANT    80, 0,
                 0     0     0     0     0     0     0     0     0     0
                 0     0     0     0     0     0     0     0     0     0
                 0     0     0     0     0     0     0     0     0     0
                 0     0     0     0     0     0     0     0     0     0
               -64     0     0     0     0     0   498     0     0     0
                 0     0     0     0     0     0     0     0     0     0
                 0     0     0     0     0     0     0     0     0     0
                 0     0     0     0     0     0     0     0     0     0
 CSR OCTUPING     8, 0,
               197     0     0  -200     0     0     0     0
 CSR HSCR POT     4, 0,
               142    71     0     3
 RELATED SETS    20, 0,
             79326 78902 79369 79322 79348 79349 78476     0     0     0
                 0     0     0     0     0     0     0     0     0     0
