 Version 1.0  Save set taken    6/11/2002   15:45:20                    
                                                                        
 CSR LATTICE     10,    40,
 2S                                      
 DIMAT                                   
     0.0172,    1.8749,    0.0055,       
 4                                       
    -1.1343,    0.5519,                  
     5.2890,                             
 7                                       
 8                                       
 9                                       
 A                                       
 CSR HSP VOLT     6, 0,
              1060     0  1375  1374     0  1105
 CSR HSP VVAL    12, 0,
               532   533     0     0   692   690   697   691     0     0
               555   556
 CSR HSP MAIL    40, 0,
              1526  1440     0     0     0     0     0     0     0     0
                 0     0     0     0     0     0     0     0     0     0
                 0     0     0     0     0     0     0     0     0     0
                 0     0     0     0     0     0     0     0     0     0
 SYN MAG CUR      1, 0,
             38873
 CSR HBND CUR     6, 0,
              5327  3505  1670  2692  4170  5140
 CSR HORZ CUR    98, 0,
               151   -65   -17   -20     0     0  -802     0    53   125
                 0  -378     0   595     0   428     0   479     0   682
                 0   -43     0    75     0  -397     0  -156     0   732
                 0    44     0  -570     0   291     0    84     0   578
                 0  -165     0   899     0 -1030   295     0  1064  2123
                 0   595   -94     0  -768     0   -85     0   783     0
               -61     0  -462     0  -220     0  -456     0  -350     0
              -256     0  -283     0  -327     0  -456     0  -329     0
              -387     0  -107     0   214     0  -128     0     7     0
               590     0     0     0   233  -137    77   562
 CSR VERT CUR    98, 0,
             -1402 -1998     0  1330  -378    73   550   153   341   150
              -314     0  -356     0   403     0   288     0   107     0
               -99     0  -383     0   140     0   287     0    14     0
                28     0    18     0  -212     0  -400     0  -146     0
              -262     0  -280     0  -264     0   648  -337 -1114 -2265
              -954 -1186     0   242     0   473     0  -274     0   -44
                 0   310     0    49   -13  -142     0   -70     0   219
                 0  -178     0  -320     0   142     0    63     0    42
                 0  -115     0    50     0  -418     0   103     0   515
             -1038    41   147   778   812     0   242  -329
 CHS VERT CUR     1, 0,
                 0
 CSR QUAD CUR    98, 0,
                 0     0 16799 38001 26610 31058 21154 12535 12436 18599
             16051 20155 15370 20037 16534 19558 19666 18107 23708 16023
             20661 18918 18630 18853 22513 18523 22266 18066 17240 18436
             14827 14321 14390 16894 12210 14545 16198 18286 14807 16777
             15930 16962 19072 16387 21797 18939 29758 45996 18055 17997
             45843 29844 19062 21817 16476 19043 16977 15893 16871 14681
             18339 16371 14534 12289 16978 14606 14357 14930 18373 17215
             18181 22169 18615 22457 18861 18678 18886 20735 16201 23511
             17876 19516 19491 16606 20213 15698 20340 16592 18258 13243
             10953 18970 32334 26901 37946 17187     0     0
 CSR QADD CUR     7, 0,
              3754 26283 26058  3705 17784 17868     0
 CSR AQUADCON     2, 0,
                 0   175
 CSR SEXT CUR    98, 0,
                 0     0     0     0     0     0     0    35   462   197
               398   248   549   334   950   307   590   350  1029   345
               689   628  1378   189   323   544  1253   155   224   411
               710   261   756   424   771   666  1358   505  1088   505
              1184   312   582    85    -5     0     0     0     0     0
                 0     0     0     8    85   401   233   914   508  1119
               566  1557   684   728   402   673   250   643   404   311
               138  1332   592   397   171  1353   575   568   274  1016
               409   715   351  1058   317   435   237   316   196   500
                44     0     0     0     0     0     0     0
 SCIR SKSXCUR     1, 0,
                 0
 CHS UND VERT     2, 0,
                 0     0
 CHS UND HORZ     2, 0,
                 0     0
 CSR OCTU CUR     4, 0,
             -2251  2800     0  -273
 CSR SQEWQUAD    98, 0,
                 0  2793  2741   649   -75  1004     1     0     0     0
                 0     0     0     0     0     0     0     0     0     0
                 0     0     0     0     0     0     0     0     0     0
                 0     0     0     0     0     0     0     0     0     0
                 0     0     0     0     0     0     0     0     0     0
                 0     0     0     0     0     0     0     0     0     0
                 0     0     0     0     0     0     0     0     0     0
                 0     0     0     0     0     0     0     0     0     0
                 0     0     0     0     0     0     0     0     0     0
                 0     0   364 -1467  -188  3199  3200     0
 CSR SQEWSEXT     4, 0,
                 0   185     0  -511
 EXF BEND CUR     5, 0,
             27800     0 31610     0 27342
 EXF HORZ CUR     1, 0,
             -3560
 EXF VERT CUR     3, 0,
              1074 -1612 -1268
 EXF QUAD CUR     5, 0,
             39560 41448 17040  7098  4711
 WXF BEND CUR     2, 0,
             33045 34188
 WXF HORZ CUR     1, 0,
             -2549
 WXF VERT CUR     3, 0,
                90    66   136
 WXF QUAD CUR     5, 0,
             43684 39134  8214  9712 13267
 EXF BUMP HV      7, 0,
               227    78     0     0   217     0   195
 EXF BUMP VAR     6, 0,
               538   194   607     0     0    -1
 EXF KICK HV      1, 0,
               600
 EXF KICK CUR     1, 0,
               500
 EXF PING HV      1, 0,
               551
 EXF PING VAR     1, 0,
               393
 EXF SEPT CUR     3, 0,
               747  1830  1129
 WXF BUMP HV      4, 0,
               399    97   447   333
 WXF BUMP VAR     3, 0,
                 2   162   738
 WXF KICK HV      1, 0,
               520
 WXF KICK CUR     1, 0,
               701
 WXF PING HV      2, 0,
                 0    82
 WXF SEPT CUR     3, 0,
               278   755  1628
 CSR XFR TIME     5, 0,
                60    60    60     0     0
 TIM TRANSFER    25, 0,
                80  -141 21562 19667     0 22127 22104 22148 21691 15902
                 0 17975 17997 18008     0     0 18573 18573 18274     0
                 0     0     0 10940 12190
 CSR QSCANBOX    40, 0,
                 0     0     0     0     0     0     0     0     0     0
                 0     0     0     0     0     0     0     0     0     0
                 0     0     0     0     0     0     0     0     0     0
                 0     0     0     0     0     0     0     0     0     0
 CSRSYLTP CON     6, 0,
               503   253   316  1023     0     0
 CSRSYLTE CON     6, 0,
               698   678   810  1023     0     0
 CSRSYLTOUCHY     4, 0,
               267   618   478   415
 CSR HSCR CON    10, 0,
                 0     0     0     0     0     0     0     0     0     0
 CSR VSP VOLT     6, 0,
               -90    90  1291  1291  1215  1215
 CSR VSP CON      7, 0,
                 0   233     0     0     0     0     0
 CSR VSP VAR      2, 0,
                 0     0
 CSR SAVRECRD   100, 0,
             82923 82874 82866 82865 82864 82854 82852 82849 82848 82847
             82845 82634 82621 82620 82619 82618 82616 82615 82614 82454
             82451 82451 82450 82448 82448 82423 82422 82419 82409 82416
             82415 82414 82413 82412 82411 82410 82409 82406 82404 82404
             82401 82390 82399 82390 82388 82388 82380 82378 82378 82376
             82373 82373 82372 82370 82368 82367 82358 82354 82343 82340
             82333 82333 82332 82330 82328 82325 82321 82320 82319 82316
             82314 82312 82309 82308 82307 82306 82303 82302 82297 82295
             82293 82275 82274 82245 82243 82242 82235 82238 82213 82211
             82206 82138 81910 82200 80552 80551 80542 80541 80540 80539
 CLEO END CAP     8, 0,
              -154     2  -161   -35    -5   -50    -6   -52
 XFR SEPT POS     4, 0,
                -1    -1   329     0
 XFR SEPT TLT     4, 0,
                -1    -1   282     0
 CSR LUMCALIB    10, 0,
              4280  4184  3100  3100     0     0     0     0     0     0
 CSR POLARITY     5, 0,
                 1     2     4     0     0
 CSR ROTQ TLT     2, 0,
               158   143
 CSR ROTQ POT    35, 0,
                 0     0     0     0     0     0     0    -1     0     0
                 0     0     0     0     0     0     0     0     0     0
                 0     0    -1     0     0     0     0     0     0     0
              1996     0     0     0     0
 CSR ROTQ RD     42, 0,
                -1    -1  2550  2550  2550    -1    -1  2550  2550  2550
                -1    -1  2550  2550  2550    -1    -1  2550  2550  2550
                 2   -16  2552  2550  2550     1     2  2552  2551  2467
                 0     0    -4     0    -3     0    -3     0     1     0
                 0     0
 CSR TEMP MON    24, 0,
               255     0     0     0     0   300   380   440   305   317
               342   345   430   300   325   372   320   272   295   365
               387   377   272   355
 CSR ANYTHING     4, 0,
                 0     0     0   474
 CSR QTUNEING    20, 0,
                 0     0     0     0 -9666  9071 -4411  1779     0     0
                 0     0     0     0     0     0     0     0     0     0
 CSR QTANTING    20, 0,
                 0     0     0     0     0   320     0     0     0     0
                 0     0     0     0     0     0     0     0     0     0
 COE QTUNEING   200, 0,
              1000     0     0     0     0     0     0     0     0     0
              1000     0     0     0     0     0     0     0     0     0
              1000     0     0     0     0     0     0     0     0     0
              1000     0     0     0     0     0   837   690    29     0
               500   125    50    12     0     0     0     0     0     0
               500   150    50    12     0     0     0     0     0     0
               500   500    50    50     0     0     0     0     0     0
               500  -500    50   -50     0     0     0     0     0     0
              1000  1000 -1700     0     0     0     0     0     0     0
              1000  1000     0     0     0     0     0     0     0     0
              1000  1000     0     0     0     0     0     0     0     0
              1000   900     0     0     0     0     0     0     0     0
               837   687    12     0     0     0     0     0     0     0
               500   150     0     0     0     0     0     0     0     0
              1000    55     0     0     0     0     0     0     0     0
              1000    12     0     0     0     0     0     0     0     0
               500     0     0     0     0     0     0     0     0     0
               300  1000     0     0     0     0     0     0     0     0
                 0     0     0     0     0     0     0     0     0     0
                 0     0     0     0     0     0     0     0     0     0
 CSR PRETZING    16, 0,
              2841     0     0     0     0     0     0     0     0     0
                15     0   -80     0     0     0
 CSR SQUADING    30, 0,
                 0     0     0     0     0     0     0     0     0     0
                 0     0     0     0     0     0     0     0     0     0
                 0     0     0     0     0     0     0     0     0     0
 CSR VBUMPING    81, 0,
                 0     0     0     0   109     0     0   -84     0     0
                 0     0     0     0    42   -23     0     0     0     0
                 0     0     0     0     0     0     0   275   860     0
                -3     0     0     0     0     0     0     0     0     0
                 0     0     0    90     0     0     0     0     0     0
                 0     0     0     0     0     0     0     0     0     0
                 0     0   -13     0     0     0     0    87     0     0
                 0     0     0     0     0     0     0     0     0     0
                 0
 CSR VBLIMING     4, 0,
               -60   486     0     0
 CHS CBUMPING    30, 0,
                 0     0     0     0     0     0     0     0     0     0
                 0     0     0     0     0     0    12   -54    26     0
                 0   -47   -13     0     0     0     0     0     0     0
 CSR HBUMPING    96, 0,
                 0     0     0     0     0     0     0     0     0     0
                 0     0     0     0     0     0     0     0     0  -111
                 0     0     0     0     0     0     0     0     0     0
                 0     0     0     0     0     0     0     0     0  -149
                 0     0     0     0     0     0     0     0     0     0
                 0     0     0     0     0     0  -247     0     0     0
                 0     0     0     0     0     0     0     0     0     0
                 0     0     0     0     0     0    47     0     0     0
                 0     0     0     0     0     0     0     0     0     0
                 0     0     0     0     0     0
 CSR HBLIMING    24, 0,
              3047  1992  1502 -2672     0 -1539     0     0     0     0
                 0     0     0     0     0     0     0     0     0     0
                 0     0     0     0
 CSR HBLMPING    54, 0,
                 0     0     0    50     0     0    49     0     0     0
                 0     0     0     0     0     0     0     0     0     0
                 0     0     0     0     0     0     0     0     0     0
                 0     0     0     0     0     0     0     0     0     0
                 0     0     0     0     0     0     0     0     0     0
                 0     0     0     0
 CSR XQUNEING    45, 0,
               363  -160   -85   -29     0     0     0     0     0     0
                 0     0     0     0     0     0     0     0     0     0
                 0     0     0     0     0     0     0     0     0     0
                 0     0     0     0     0     0     0     0     0     0
                 0     0     0     0     0
 CSR XQANTING    45, 0,
                 0     0     0     0     0     0     0     0     0     0
                 0     0     0     0     0     0     0     0     0     0
                 0     0     0     0     0     0     0     0     0     0
                 0     0     0     0     0     0     0     0     0     0
                 0     0     0     0     0
 CSR BBDIPING     3, 0,
                 0     0     0
 CSR COUPLING    10, 0,
                 0     0     0     0     0     0     0     0     0     0
 CSR VBSAVING    20, 0,
                 0     0     0     0     0     0     0     0     0     0
                 0     0     0     0     0     0     0     0     0     0
 COE VBSAVING   120, 0,
              1614  2634  1832     0     0     0  1599  2632  1832     0
                 0     0     0     0     0     0     0     0     0     0
                 0     0     0     0     0     0     0     0     0     0
                 0     0     0     0     0     0     0     0     0     0
                 0     0     0     0     0     0     0     0     0     0
                 0     0     0     0     0     0     0     0     0     0
                 0     0     0     0     0     0     0     0     0     0
                 0     0     0     0     0     0     0     0     0     0
                 0     0     0     0     0     0     0     0     0     0
                 0     0     0     0     0     0     0     0     0     0
                 0     0     0     0     0     0     0     0     0     0
                 0     0     0     0     0     0     0     0     0     0
 LOC VBSAVING   120, 0,
                 5     9    13     0     0     0    94    90    86     0
                 0     0     0     0     0     0     0     0     0     0
                 0     0     0     0     0     0     0     0     0     0
                 0     0     0     0     0     0     0     0     0     0
                 0     0     0     0     0     0     0     0     0     0
                 0     0     0     0     0     0     0     0     0     0
                 0     0     0     0     0     0     0     0     0     0
                 0     0     0     0     0     0     0     0     0     0
                 0     0     0     0     0     0     0     0     0     0
                 0     0     0     0     0     0     0     0     0     0
                 0     0     0     0     0     0     0     0     0     0
                 0     0     0     0     0     0     0     0     0     0
 CSR HBSAVING    20, 0,
              -600  1000     0 -1000     0     0   101   235     0     0
                 0     0     0     0     0     0     0     0    99     0
 COE HBSAVING   120, -1, 7,
               1649   -401  -1163      0      0      0   1510  -1372  -1332      0
                  0      0   7245  -1944   8354      0      0      0    517  -1557
               1488      0      0      0   1000  -1616   2524      0      0      0
               4180  -3886   4227      0      0      0  -4971   2854   4359      0
                  0      0    947  10000  -4506      0      0      0  10000  -7137
               1598      0      0      0   4916  -1371   2049      0      0      0
                  0      0      0      0      0      0      0      0      0      0
                  0      0      0      0      0      0      0      0      0      0
                  0      0      0      0      0      0      0      0      0      0
                  0      0      0      0      0      0      0      0      0      0
                  0      0      0      0      0      0      0      0   1000   -260
               -971      0      0      0   2489 -10000   8945      0      0      0
 LOC HBSAVING   120, 0,
             10014 10030 10032     0     0     0 10079 10087 10091     0
                 0     0 20005    96    98     0     0     0 10067 10069
             10079     0     0     0 20006    94    98     0     0     0
             20005 20006    96     0     0     0 10003 10004 10009     0
                 0     0 10004 10009 10010     0     0     0 10009 10010
             10012     0     0     0 10009 10012 10014     0     0     0
                 0     0     0     0     0     0     0     0     0     0
                 0     0     0     0     0     0     0     0     0     0
                 0     0     0     0     0     0     0     0     0     0
                 0     0     0     0     0     0     0     0     0     0
                 0     0     0     0     0     0     0     0    73    71
                63     0     0     0    98    97    96     0     0     0
 CHS PM WIGRD    10, 0,
                 0     1     0     1     0     0     1     1     1     0
 CHS WJAW RD      4, 0,
              1742  1748    -4  2007
 CSR VCROSING    10, 0,
                 0     0     0    90   -43  2281   625     0     0     0
 CSR SA SAVE      8, 0,
                 0     0     0     0     0     0     0     0
 CSR ENERGY       7, 0,
              5012  5012  5012  5013  5013  5013  4730
 CLEO BUMPING    20, 0,
                 0     0     0     0     0     0     0     0     0     0
                 0     0     0     0     0     0     0     0     0     0
 CRF FREQ CON     2, 0,
                 0     1
 CSR NMR READ     4, 0,
                25   864    82 17200
 CSR ANLGRSTA     9, 0,
                 0     0     0     0     0     0     0     0     0
 CSR ANLGRSTB     8, 0,
                 0   999     0    24     0     0     0     0
 CHS FEED OFF     2, 0,
                 0     0
 CSR BETASING    10, 0,
              1382  1000   -78     0     0     0     0     0     0     0
 CSR SCMATING    12, 0,
              -190  1030  1000   950  1080  1000  1000  1000  1000  1000
              1000  1000
 TIM CESR        20, -1, 7,
              11543   3317    300 -98500      0      0  76125      0      2      0
                 -2   2959      0      0      0      0      0      0      0      0
 CSR HPHASING    80, 0,
                 0     0     0     0     0     0     0     0     0     0
                 0     0     0     0     0     0     0     0     0     0
                 0     0     0     0     0     0     0     0     0     0
                 0     0     0     0     0     0     0     0     0     0
                 0     0     0     0     0     0     0     0     0     0
                 0     0     0     0     0     0     0     0     0     0
                 0     0     0     0     0     0     0     0     0     0
                 0     0     0     0     0     0     0     0     0     0
 CSR HPHASSYM    80, 0,
                 0     0     0     0     0     0     0     0     0     0
                 0     0     0     0     0     0     0     0     0     0
                 0     0     0     0     0     0     0     0     0     0
                 0     0     0     0     0     0     0     0     0     0
                 0     0     0     0     0     0     0     0     0     0
                 0     0     0     0     0     0     0     0     0     0
                 0     0     0     0     0     0     0     0     0     0
                 0     0     0     0     0     0     0     0     0     0
 CSR HPHASANT    80, 0,
                 6     0     0     0   500     0     0     0     0     0
                 0     0     0     0     0     0     0     0     0     0
                 0     0     0     0     0     0     0     0     0     0
                 0     0     0     0     0     0     0     0    92     0
               -47     0  -500     0     0     0     0     0     0     0
              -100     0     0     0     0     0     0     0     0     0
                 0     0     0     0     0     0   225     0     0     0
                 0     0     0     0     0     0     0     0     0     0
 CSR VPHASING    80, 0,
                 0     0     0     0     0     0     0     0     0     0
                 0     0     0     0     0     0     0     0     0     0
                 0     0     0     0     0     0     0     0     0     0
                 0     0     0     0     0     0     0     0     0     0
                 0     0     0     0     0     0     0     0     0     0
                 0     0     0     0     0     0     0     0     0     0
                 0     0     0     0     0     0     0     0     0     0
                 0     0     0     0     0     0     0     0     0     0
 CSR VPHASSYM    80, 0,
                 0     0     0     0     0     0     0     0     0     0
                 0     0     0     0     0     0     0     0     0     0
                 0     0     0     0     0     0     0     0     0     0
                 0     0     0     0     0     0     0     0     0     0
                 0     0     0     0     0     0     0     0     0     0
                 0     0     0     0     0     0     0     0     0     0
                 0     0     0     0     0     0     0     0     0     0
                 0     0     0     0     0     0     0     0     0     0
 CSR VPHASANT    80, 0,
                 0     0     0     0     0     0     0     0     0     0
                 0     0     0     0     0     0     0     0     0     0
                 0     0     0     0     0     0     0     0     0     0
                 0     0     0     0     0     0     0     0     0     0
               -64     0     0     0     0     0   498     0     0     0
                 0     0     0     0     0     0     0     0     0     0
                 0     0     0     0     0     0     0     0     0     0
                 0     0     0     0     0     0     0     0     0     0
 CSR OCTUPING     8, 0,
               197     0     0  -200     0     0     0     0
 CSR HSCR POT     4, 0,
               143    71     0     4
 RELATED SETS    20, 0,
             82418 82850 82923 82912 82873 82872 82853     0     0     0
                 0     0     0     0     0     0     0     0     0     0
