 Version 1.0  Save set taken   12/15/2001   19:54:06                    
                                                                        
 CSR LATTICE     10,    40,
 CESRC_3S_V2                             
 DIMAT                                   
     0.0172,    1.8749,    0.0055,       
 4                                       
    -1.1343,    0.5519,                  
     5.2890,                             
 7                                       
 8                                       
 9                                       
 A                                       
 CSR HSP VOLT     6, 0,
              1067     0  1419  1419     0  1131
 CSR HSP VVAL    12, 0,
               542   541     0     0   714   713   720   714     0     0
               567   568
 CSR HSP MAIL    40, 0,
              1526  1440     0     0     0     0     0     0     0     0
                 0     0     0     0     0     0     0     0     0     0
                 0     0     0     0     0     0     0     0     0     0
                 0     0     0     0     0     0     0     0     0     0
 SYN MAG CUR      1, 0,
             39642
 CSR HBND CUR     6, 0,
              6162  3733  1221  2176  3680  5001
 CSR HORZ CUR    98, 0,
               512  -482  -294   -78     0     0    82     0  -762  1335
                 0 -1205     0   450     0   939     0   253     0   399
                 0    65     0   272     0   134     0  -182     0   774
                 0    77     0  -310     0   114     0    32     0   731
                 0  1041     0 -2705     0  2661   141     0   996  1998
                 0   502 -2382     0  1501     0 -1124     0   764     0
              -211     0  -312     0  -285     0  -257     0  -230     0
              -269     0  -349     0  -391     0  -831     0  -179     0
              -446     0  -101     0   180     0  -395     0   337     0
              -718     0     0     0   233  -173  -251   315
 CSR VERT CUR    98, 0,
             -2564 -1087     0   544   168  -752  1863  -134   364   141
              -346     0  -363     0   416     0   107     0   109     0
               -74     0  -347     0   185     0   326     0   -60     0
               234     0  -154     0  -432     0  -151     0  -213     0
              -249     0  -263     0   130     0   679 -1227   136  -804
               -89 -2253     0  1270     0    70     0    74     0    30
                 0   224     0   211   -39  -319     0  -109     0   147
                 0  -112     0  -205     0   304     0    73     0   -78
                 0  -105     0     4     0  -398     0   214     0   508
             -1695  -289  -867  2867  -497     0  -982  -763
 CHS VERT CUR     1, 0,
                 0
 CSR QUAD CUR    98, 0,
                 0     0 16764 39599 27275 32719 21767 12064 11849 19607
             16698 20854 16521 20240 17494 20166 20158 18809 24018 16863
             21273 19633 19184 19216 23293 19183 22792 18772 17262 18340
             15574 14782 14658 17585 12602 15572 17172 18543 15294 17347
             16147 17309 19212 16643 22096 19228 30591 49999 19056 18927
             49999 30842 19290 22152 16746 19208 17357 16039 17280 15058
             18627 17446 15591 12632 17670 14947 14805 15480 18283 17276
             18974 22843 19193 23317 19344 19291 19600 21299 17090 23871
             18529 20118 20123 17118 21302 16127 22414 18285 17925 13924
             13028 21353 33061 26439 37779 17346     0     0
 CSR QADD CUR     7, 0,
              3958 27455 27304  3897 18309 18286  1208
 CSR AQUADCON     2, 0,
                 0   175
 CSR SEXT CUR    98, 0,
                 0     0     0     0     0     0     0   109   582   131
               370   325   260    81   694   227   355   220   624   366
               664   702  1413   379   930   524  1169   280   467   279
               384   250   756   484   876   435   705   445   976   684
              1642   244   347    14   110     0     0     0     0     0
                 0     0     0   152   424  -132    19   744   580  1060
               527  1199   490   625   395   525   281   336   282   415
               213   844   360   415   269  1253   646   635   264   607
               246   302   125   597    49    39  -170   -83    45   424
               123     0     0     0     0     0     0     0
 SCIR SKSXCUR     1, 0,
                 0
 CHS UND VERT     2, 0,
                 0     0
 CHS UND HORZ     2, 0,
                 0     0
 CSR OCTU CUR     4, 0,
              -467  2800 -1579    84
 CSR SQEWQUAD    98, 0,
                 0  2995  2613     0     0    80     0     0    50     0
                 0     0     0     0     0     0     0     0     0     0
                 0     0     0     0     0     0     0     0     0     0
                 0     0     0     0     0     0     0     0     0     0
                 0     0     0     0     0     0     0     0     0     0
                 0     0     0     0     0     0     0     0     0     0
                 0     0     0     0     0     0     0     0     0     0
                 0     0     0     0     0     0     0     0     0     0
                 0     0     0     0     0     0     0     0     0     0
                 0     0   -90     0     0  2651  2952     0
 CSR SQEWSEXT     4, 0,
                 0  -574  -335   914
 EXF BEND CUR     5, 0,
             28541     0 32368     0 28293
 EXF HORZ CUR     1, 0,
             -3640
 EXF VERT CUR     3, 0,
               679 -1299 -1003
 EXF QUAD CUR     5, 0,
             40451 41816 17253  6482  4817
 WXF BEND CUR     2, 0,
             34432 35628
 WXF HORZ CUR     1, 0,
             -2857
 WXF VERT CUR     3, 0,
                82    83    14
 WXF QUAD CUR     5, 0,
             45513 40777  8557 10119 13822
 EXF BUMP HV      7, 0,
               344    46    -1     0   294     0   207
 EXF BUMP VAR     6, 0,
               819    89   561     0     0     1
 EXF KICK HV      1, 0,
               600
 EXF KICK CUR     1, 0,
               601
 EXF PING HV      1, 0,
               218
 EXF PING VAR     1, 0,
               158
 EXF SEPT CUR     3, 0,
               786  1833  1141
 WXF BUMP HV      4, 0,
               527   107   573   486
 WXF BUMP VAR     3, 0,
                -1   105   737
 WXF KICK HV      1, 0,
               520
 WXF KICK CUR     1, 0,
               712
 WXF PING HV      2, 0,
                 0    79
 WXF SEPT CUR     3, 0,
               294   788  1734
 CSR XFR TIME     5, 0,
                60    60    60    60     0
 TIM TRANSFER    23, -1, 7,
                 80 187517  21616  19667      0  22127  22104  22148  18141  15902
                  0  17992  17973  18002      0      0  18573  18573  18007      0
                  0      0     27
 CSR QSCANBOX    40, 0,
                 0     0     0     0     0     0     0     0     0     0
                 0     0     0     0     0     0     0     0     0     0
                 0     0     0     0     0     0     0     0     0     0
                 0     0     0     0     0     0     0     0     0     0
 CSRSYLTP CON     6, 0,
               432   201   342  1023     0     0
 CSRSYLTE CON     6, 0,
               679   671   815  1023     0     0
 CSRSYLTOUCHY     4, 0,
               283   627   419   398
 CSR HSCR CON    10, 0,
                 0     0     0     0     0     0     0     0     0     0
 CSR VSP VOLT     6, 0,
              -449   449  1622  1222  1622  1222
 CSR VSP CON      7, 0,
                 0   256     0     0     0     0     1
 CSR VSP VAR      2, 0,
                 0     0
 CSR SAVRECRD   100, 0,
             77514 77502 77512 77502 77501 77500 77495 77494 77491 77490
             77488 77487 77486 77485 77484 77454 77350 77349 77347 77347
             77346 77345 77344 77327 77326 77325 77322 77307 77306 77304
             77275 77274 77273 77270 77260 77259 77252 77250 77249 76936
             76935 76934 76933 76930 76928 76925 76924 76923 76922 76921
             76920 76919 76918 76917 76916 76913 76910 76909 76902 76901
             76900 76899 76898 76897 76896 76895 76894 76893 76892 76875
             76890 76880 76875 76863 76862 76860 76860 76859 76825 76824
             76823 76822 76821 76820 76819 76787 76786 76785 76783 76782
             76781 76780 76779 76704 76703 76699 76698 76684 76682 76681
 CLEO END CAP     8, 0,
              -256    -6  -248   -59    -7   -82    -9   -87
 XFR SEPT POS     4, 0,
                 0    -1   329     0
 XFR SEPT TLT     4, 0,
                -1     1   281     0
 CSR LUMCALIB    10, 0,
              4280  4184  3100  3100     0     0     0     0     0     0
 CSR POLARITY     5, 0,
                 1     2     4     0     0
 CSR ROTQ TLT     2, 0,
               159   110
 CSR ROTQ POT    35, 0,
                 0     0     0     0     0     0     0    -1     0     0
                 0     0     0     0     0     0     0     0     0     0
                 0     0    -1     0     0     0     0     0     0     0
              1996     0     0     0     0
 CSR ROTQ RD     42, 0,
                -1    -1  2550  2550  2550    -1    -1  2550  2550  2550
                -1    -1  2550  2550  2550     0    -1  2550  2550  2550
                 2    -1  2552  2550  2550     2     3  2552  2552  2409
                 0     0    -4     0    -3     0    -3     0    -3     0
                 0     0
 CSR TEMP MON    24, 0,
               255     0     0     0     0   287   392   455   310   327
               355   375   422   285   337   375   277   245   272   397
               427   410   267   372
 CSR ANYTHING     4, 0,
                 0     0     0   474
 CSR QTUNEING    20, 0,
                 0     0     0     0 -6254  8315  1059  2001     0     0
                 0     0     0     0     0     0     0     0     0     0
 CSR QTANTING    20, 0,
                 0     0     0     0     0   320     0     0     0     0
                 0     0     0     0     0     0     0     0     0     0
 COE QTUNEING   200, 0,
              1000     0     0     0     0     0     0     0     0     0
              1000     0     0     0     0     0     0     0     0     0
              1000     0     0     0     0     0     0     0     0     0
              1000     0     0     0     0     0   837   690    29     0
               500   125    50    12     0     0     0     0     0     0
               500   150    50    12     0     0     0     0     0     0
               500   500    50    50     0     0     0     0     0     0
               500  -500    50   -50     0     0     0     0     0     0
              1000  1000 -1700     0     0     0     0     0     0     0
              1000  1000     0     0     0     0     0     0     0     0
              1000  1000     0     0     0     0     0     0     0     0
              1000   900     0     0     0     0     0     0     0     0
               837   687    12     0     0     0     0     0     0     0
               500   150     0     0     0     0     0     0     0     0
              1000    55     0     0     0     0     0     0     0     0
              1000    12     0     0     0     0     0     0     0     0
               500     0     0     0     0     0     0     0     0     0
               300  1000     0     0     0     0     0     0     0     0
                 0     0     0     0     0     0     0     0     0     0
                 0     0     0     0     0     0     0     0     0     0
 CSR PRETZING    16, 0,
              3220     0    -4  -274   375     0     0     0     0     0
              -146     0    25     0     0     0
 CSR SQUADING    30, 0,
                 0     0     0     0     0     0     0     0     0     0
                 0     0     0     0     0     0     0     0     0     0
                 0     0     0     0     0     0     0     0     0     0
 CSR VBUMPING    81, 0,
                 0   -94     0  -109     0     0    57    41     0     0
                 0   178     0   -33   124   -25   -74   -57     0     0
                48   -44     0    17    20   -39    -5    54    -4   -10
                -9     0   -53    59     0   406    27     0  -101   -85
                 0    53     0    10     0    -2     0     0     7     0
                 0   -37   -13   -15     0     4     0     0   -35     0
                 0     0    32     0     0     0   189     0     0     0
              -320     0   -46     0     0     0     0   -87     0     0
                 0
 CSR VBLIMING     4, 0,
                34   466     0     0
 CHS CBUMPING    30, 0,
                 0     0     0     0     0     0     0     0     0     0
                 0     0     0     0     0     0   -12    41     0     0
                62     0    50     0     0     0     0     0     0     0
 CSR HBUMPING    96, 0,
                 0     0     0     0     0     0     0     0     0     0
                 0     0     0     0     0     0     0     0     0     0
                 0  -252     0     0     0     0     0     0     0     0
                 0     0     0     0     0     0     0     0     0   459
                 0     0     0     0     0     0     0     0     0     0
                 0     0     0     0     0     0  -190     0     0     0
                 0     0     0   157     0     0  -567     0     0     0
                 0     0     0  -120     0     0     0     0     0     0
                 0     0     0     0     0     0     0     0     0     0
                 0     0     0     0     0     0
 CSR HBLIMING    24, 0,
              1360  1838  1502 -2672     0 -1539     0     0     0     0
                 0     0     0     0     0     0     0     0     0     0
                 0     0     0     0
 CSR HBLMPING    54, 0,
                 0     0     0    50     0     0    49     0     0     0
                 0     0     0     0     0     0     0     0     0     0
                 0     0     0     0     0     0     0     0     0     0
                 0     0     0     0     0     0     0     0     0     0
                 0     0     0     0     0     0     0     0     0     0
                 0     0     0     0
 CSR XQUNEING    45, 0,
                14  -229   -66   -35     0     0     0     0     0     0
                 0     0     0     0     0     0     0     0     0     0
                 0     0     0     0     0     0     0     0     0     0
                 0     0     0     0     0     0     0     0     0     0
                 0     0     0     0     0
 CSR XQANTING    45, 0,
                 0     0     0     0     0     0     0     0     0     0
                 0     0     0     0     0     0     0     0     0     0
                 0     0     0     0     0     0     0     0     0     0
                 0     0     0     0     0     0     0     0     0     0
                 0     0     0     0     0
 CSR BBDIPING     3, 0,
                 0     0     0
 CSR COUPLING    10, 0,
                 0     0     0     0     0     0     0     0     0     0
 CSR VBSAVING    20, 0,
                 0     0     0     0     0     0     0     0     0     0
                 0     0     0     0     0     0     0     0     0     0
 COE VBSAVING   120, 0,
              1614  2634  1832     0     0     0  1599  2632  1832     0
                 0     0     0     0     0     0     0     0     0     0
                 0     0     0     0     0     0     0     0     0     0
                 0     0     0     0     0     0     0     0     0     0
                 0     0     0     0     0     0     0     0     0     0
                 0     0     0     0     0     0     0     0     0     0
                 0     0     0     0     0     0     0     0     0     0
                 0     0     0     0     0     0     0     0     0     0
                 0     0     0     0     0     0     0     0     0     0
                 0     0     0     0     0     0     0     0     0     0
                 0     0     0     0     0     0     0     0     0     0
                 0     0     0     0     0     0     0     0     0     0
 LOC VBSAVING   120, 0,
                 5     9    13     0     0     0    94    90    86     0
                 0     0     0     0     0     0     0     0     0     0
                 0     0     0     0     0     0     0     0     0     0
                 0     0     0     0     0     0     0     0     0     0
                 0     0     0     0     0     0     0     0     0     0
                 0     0     0     0     0     0     0     0     0     0
                 0     0     0     0     0     0     0     0     0     0
                 0     0     0     0     0     0     0     0     0     0
                 0     0     0     0     0     0     0     0     0     0
                 0     0     0     0     0     0     0     0     0     0
                 0     0     0     0     0     0     0     0     0     0
                 0     0     0     0     0     0     0     0     0     0
 CSR HBSAVING    20, 0,
              -600  1000     0 -1000     0     0   101   235     0     0
                 0     0     0     0     0     0     0     0    99     0
 COE HBSAVING   120, -1, 7,
               1649   -401  -1163      0      0      0   1510  -1372  -1332      0
                  0      0   7245  -1944   8354      0      0      0    517  -1557
               1488      0      0      0   1000  -1616   2524      0      0      0
               4180  -3886   4227      0      0      0  -4971   2854   4359      0
                  0      0    947  10000  -4506      0      0      0  10000  -7137
               1598      0      0      0   4916  -1371   2049      0      0      0
                  0      0      0      0      0      0      0      0      0      0
                  0      0      0      0      0      0      0      0      0      0
                  0      0      0      0      0      0      0      0      0      0
                  0      0      0      0      0      0      0      0      0      0
                  0      0      0      0      0      0      0      0   1000   -260
               -971      0      0      0   2489 -10000   8945      0      0      0
 LOC HBSAVING   120, 0,
             10014 10030 10032     0     0     0 10079 10087 10091     0
                 0     0 20005    96    98     0     0     0 10067 10069
             10079     0     0     0 20006    94    98     0     0     0
             20005 20006    96     0     0     0 10003 10004 10009     0
                 0     0 10004 10009 10010     0     0     0 10009 10010
             10012     0     0     0 10009 10012 10014     0     0     0
                 0     0     0     0     0     0     0     0     0     0
                 0     0     0     0     0     0     0     0     0     0
                 0     0     0     0     0     0     0     0     0     0
                 0     0     0     0     0     0     0     0     0     0
                 0     0     0     0     0     0     0     0    73    71
                63     0     0     0    98    97    96     0     0     0
 CHS PM WIGRD    10, 0,
                 0     1     1     1     0     0     1     1     1     0
 CHS WJAW RD      4, 0,
              1744  1750    -4  2007
 CSR VCROSING    10, 0,
              -200  -200     0   449     0  2450    87     0     0     0
 CSR SA SAVE      8, 0,
                 0     0     0     0     0     0     0     0
 CSR ENERGY       7, 0,
              5180  5290  5296  5289  5181  5289  5289
 CLEO BUMPING    20, 0,
                 0     0     0     0     0     0     0     0     0     0
                 0     0     0     0     0     0     0     0     0     0
 CRF FREQ CON     2, 0,
                 0     1
 CSR NMR READ     4, 0,
                25 26248    84  5522
 CSR ANLGRSTA     9, 0,
                 0     0     0     0     0     0     0     0     0
 CSR ANLGRSTB     8, 0,
                 0   999     0    24     0     0     0     0
 CHS FEED OFF     2, 0,
                 0     0
 CSR BETASING    10, 0,
              1075  1000   487    75   149     0     0     0     0     0
 TIM CESR        20, -1, 7,
              11543   3317    300 -98500      0      0  76125      0      2      0
                 -2   2959      0      0      0      0      0      0      0      0
 CSR HPHASING    80, 0,
                 0     0     0     0     0     0     0     0     0     0
                 0     0     0     0     0     0     0     0     0     0
                 0     0     0     0     0     0     0     0     0     0
                 0     0     0     0     0     0     0     0     0     0
                 0     0     0     0     0     0     0     0     0     0
                 0     0     0     0     0     0     0     0     0     0
                 0     0     0     0     0     0     0     0     0     0
                 0     0     0     0     0     0     0     0     0     0
 CSR HPHASSYM    80, 0,
                 0     0     0     0     0     0     0     0     0     0
                 0     0     0     0     0     0     0     0     0     0
                 0     0     0     0     0     0     0     0     0     0
                 0     0     0     0     0     0     0     0     0     0
                 0     0     0     0     0     0     0     0     0     0
                 0     0     0     0     0     0     0     0     0     0
                 0     0     0     0     0     0     0     0     0     0
                 0     0     0     0     0     0     0     0     0     0
 CSR HPHASANT    80, 0,
                 6     0     0     0   500     0     0     0     0     0
                 0     0     0     0     0     0     0     0     0     0
                 0     0     0     0     0     0     0     0     0     0
                 0     0     0     0     0     0     0     0    92     0
               -47     0  -500     0     0     0     0     0     0     0
              -100     0     0     0     0     0     0     0     0     0
                 0     0     0     0     0     0   225     0     0     0
                 0     0     0     0     0     0     0     0     0     0
 CSR VPHASING    80, 0,
                 0     0     0     0     0     0     0     0     0     0
                 0     0     0     0     0     0     0     0     0     0
                 0     0     0     0     0     0     0     0     0     0
                 0     0     0     0     0     0     0     0     0     0
                 0     0     0     0     0     0     0     0     0     0
                 0     0     0     0     0     0     0     0     0     0
                 0     0     0     0     0     0     0     0     0     0
                 0     0     0     0     0     0     0     0     0     0
 CSR VPHASSYM    80, 0,
                 0     0     0     0     0     0     0     0     0     0
                 0     0     0     0     0     0     0     0     0     0
                 0     0     0     0     0     0     0     0     0     0
                 0     0     0     0     0     0     0     0     0     0
                 0     0     0     0     0     0     0     0     0     0
                 0     0     0     0     0     0     0     0     0     0
                 0     0     0     0     0     0     0     0     0     0
                 0     0     0     0     0     0     0     0     0     0
 CSR VPHASANT    80, 0,
                 0     0     0     0     0     0     0     0     0     0
                 0     0     0     0     0     0     0     0     0     0
                 0     0     0     0     0     0     0     0     0     0
                 0     0     0     0     0     0     0     0     0     0
               -64     0     0     0     0     0   498     0     0     0
                 0     0     0     0     0     0     0     0     0     0
                 0     0     0     0     0     0     0     0     0     0
                 0     0     0     0     0     0     0     0     0     0
 CSR OCTUPING     8, 0,
               197     0     0  -200     0     0     0     0
 CSR HSCR POT     4, 0,
               143    71     0     0
 RELATED SETS    20, 0,
             77318 77511 77514 77509 77492 77493 77251     0     0     0
                 0     0     0     0     0     0     0     0     0     0
