 Version 1.0  Save set taken   12/19/2001   22:47:34                    
                                                                        
 CSR LATTICE     10,    40,
 CESRC_3S_V2                             
 DIMAT                                   
     0.0172,    1.8749,    0.0055,       
 4                                       
    -1.1343,    0.5519,                  
     5.2890,                             
 7                                       
 8                                       
 9                                       
 A                                       
 CSR HSP VOLT     6, 0,
              1004     0  1395  1393     0  1080
 CSR HSP VVAL    12, 0,
               509   508     0     0   703   700   707   701     0     0
               540   541
 CSR HSP MAIL    40, 0,
              1526  1440     0     0     0     0     0     0     0     0
                 0     0     0     0     0     0     0     0     0     0
                 0     0     0     0     0     0     0     0     0     0
                 0     0     0     0     0     0     0     0     0     0
 SYN MAG CUR      1, 0,
             38433
 CSR HBND CUR     6, 0,
              6162  3733  1221  2176  3680  5001
 CSR HORZ CUR    98, 0,
               901  -482  -294   -88     0     0    82     0  -762  1335
                 0 -1205     0   450     0   939     0   253     0   399
                 0    65     0   272     0   134     0  -182     0   774
                 0    77     0  -310     0   114     0    32     0   731
                 0  1041     0 -2705     0  2661   141     0   996  1998
                 0   502 -2382     0  1501     0 -1124     0   764     0
              -211     0  -312     0  -285     0  -257     0  -230     0
              -269     0  -349     0  -391     0  -831     0  -179     0
              -446     0  -101     0   180     0  -395     0   337     0
              -718     0     0     0   845  -173  -251   230
 CSR VERT CUR    98, 0,
             -2564 -1087     0   544   168  -752  1863  -134   364   141
              -346     0  -363     0   416     0   107     0   109     0
               -74     0  -347     0   185     0   326     0   -60     0
               234     0  -154     0  -432     0  -151     0  -213     0
              -249     0  -263     0   130     0   679 -1227   136  -804
               -89 -2253     0  1270     0    70     0    74     0    30
                 0   224     0   211   -39  -319     0  -109     0   147
                 0  -112     0  -205     0   304     0    73     0   -78
                 0  -105     0     4     0  -398     0   214     0   508
             -1695  -289  -867  2867  -497     0  -982  -763
 CHS VERT CUR     1, 0,
                 0
 CSR QUAD CUR    98, 0,
                 0     0 16749 39586 27262 32708 21753 12066 11839 19606
             16687 20851 16507 20236 17482 20163 20146 18806 24007 16859
             21262 19629 19174 19214 23279 19180 22780 18769 17254 18342
             15563 14780 14649 17582 12595 15568 17160 18544 15286 17346
             16136 17316 19186 16634 22117 19125 30566 49996 19166 19037
             49997 30817 19187 22174 16737 19183 17364 16028 17279 15049
             18626 17436 15590 12624 17668 14938 14804 15471 18281 17266
             18972 22831 19191 23305 19342 19281 19596 21288 17086 23860
             18526 20106 20120 17107 21296 16118 22408 18271 17928 13910
             13019 21325 33052 26431 37773 17331     0     0
 CSR QADD CUR     7, 0,
              3967 27465 27314  3907 18302 18279  1197
 CSR AQUADCON     2, 0,
                 0   175
 CSR SEXT CUR    98, 0,
                 0     0     0     0     0     0     0   109   562   121
               344   341   248    81   693   219   362   222   624   370
               661   709  1412   381   941   514  1169   282   474   277
               375   245   726   456   817   379   633   406   905   654
              1559   228   281    26   117     0     0     0     0     0
                 0     0     0   151   427  -121     9   711   558   999
               505  1116   473   593   380   502   269   337   279   410
               214   844   370   415   273  1253   639   649   265   616
               247   292   130   596    52    31  -195   -99    35   379
               123     0     0     0     0     0     0     0
 SCIR SKSXCUR     1, 0,
                 0
 CHS UND VERT     2, 0,
                 0     0
 CHS UND HORZ     2, 0,
                 0     0
 CSR OCTU CUR     4, 0,
              -611  2746 -2000    91
 CSR SQEWQUAD    98, 0,
                 0  2970  2552     0     0     0     0     0     0     0
                 0     0     0     0     0     0     0     0     0     0
                 0     0     0     0     0     0     0     0     0     0
                 0     0     0     0     0     0     0     0     0     0
                 0     0     0     0     0     0     0     0     0     0
                 0     0     0     0     0     0     0     0     0     0
                 0     0     0     0     0     0     0     0     0     0
                 0     0     0     0     0     0     0     0     0     0
                 0     0     0     0     0     0     0     0     0     0
                 0     0   147     0     0  2650  2976     0
 CSR SQEWSEXT     4, 0,
                 0  -559  -119   911
 EXF BEND CUR     5, 0,
             28624     0 32378     0 28007
 EXF HORZ CUR     1, 0,
             -3646
 EXF VERT CUR     3, 0,
              1099 -1652 -1151
 EXF QUAD CUR     5, 0,
             40521 42455 17454  7271  4825
 WXF BEND CUR     2, 0,
             33715 34886
 WXF HORZ CUR     1, 0,
             -2644
 WXF VERT CUR     3, 0,
                92   168   157
 WXF QUAD CUR     5, 0,
             44530 39894  8371  9899 13524
 EXF BUMP HV      7, 0,
               310    46    -1     0   269     0   189
 EXF BUMP VAR     6, 0,
               815   100   561     0     0     1
 EXF KICK HV      1, 0,
               600
 EXF KICK CUR     1, 0,
               625
 EXF PING HV      1, 0,
                31
 EXF PING VAR     1, 0,
                22
 EXF SEPT CUR     3, 0,
               810  1859  1148
 WXF BUMP HV      4, 0,
               523   114   565   471
 WXF BUMP VAR     3, 0,
                 1   119   738
 WXF KICK HV      1, 0,
               520
 WXF KICK CUR     1, 0,
               701
 WXF PING HV      2, 0,
                 0    77
 WXF SEPT CUR     3, 0,
               283   770  1656
 CSR XFR TIME     5, 0,
                60    60    60    60     0
 TIM TRANSFER    23, -1, 7,
                 80 185473  22396  20147     60  22132  22165  22156  17995  15574
                  0  17867  17947  17896      0      0  18573  18573  22443      0
                  0      0     47
 CSR QSCANBOX    40, 0,
                 0     0     0     0     0     0     0     0     0     0
                 0     0     0     0     0     0     0     0     0     0
                 0     0     0     0     0     0     0     0     0     0
                 0     0     0     0     0     0     0     0     0     0
 CSRSYLTP CON     6, 0,
               432   201   667  1023     0     0
 CSRSYLTE CON     6, 0,
               680   672   815  1023     0     0
 CSRSYLTOUCHY     4, 0,
               283   627   419   398
 CSR HSCR CON    10, 0,
                 0     0     0     0     0     0     0     6     0     0
 CSR VSP VOLT     6, 0,
              -290   290  1621  1221  1623  1223
 CSR VSP CON      7, 0,
                 0   256     0     0     0     0     0
 CSR VSP VAR      2, 0,
                 0     0
 CSR SAVRECRD   100, 0,
             77634 77618 77611 77446 77445 77423 77313 77109 77056 77055
             77054 77053 77052 77051 77050 77049 77048 76498 76935 76934
             76933 76930 76928 76925 76924 76923 76922 76921 76920 76919
             76918 76917 76916 76913 76910 76909 76902 76901 76900 76899
             76898 76897 76896 76895 76894 76893 76892 76875 76890 76880
             76875 76863 76862 76860 76860 76859 76825 76824 76823 76822
             76821 76820 76819 76787 76786 76785 76783 76782 76781 76780
             76779 76704 76703 76699 76698 76684 76682 76681 76680 76679
             76678 76675 76673 76672 76671 76670 76669 76668 76667 76665
             76629 76628 76627 76626 76623 76621 76561 76560 76559 76558
 CLEO END CAP     8, 0,
              -312    -5  -271   -44    -8   -99    -9   -95
 XFR SEPT POS     4, 0,
                -1    -1   328     0
 XFR SEPT TLT     4, 0,
                -1     1   281     0
 CSR LUMCALIB    10, 0,
              4280  4184  3100  3100     0     0     0     0     0     0
 CSR POLARITY     5, 0,
                 1     2     4     0     0
 CSR ROTQ TLT     2, 0,
               170   134
 CSR ROTQ POT    35, 0,
                 0     0     0     0     0     0     0     0     0     0
                 0     0     0     0     0     0     0     0     0     0
                 0     0    -1     0     0     0     0     0     0     0
              1996     0     0     0     0
 CSR ROTQ RD     42, 0,
                -1    -1  2550  2550  2550    -1    -1  2550  2550  2550
                -1    -1  2550  2550  2550    -1    -1  2550  2550  2550
                 2   -10  2552  2550  2550     2     3  2553  2552  2368
                 0     0    -4     0    -2     0    -2     0    -2     0
                 0     0
 CSR TEMP MON    24, 0,
               250     0     0     0     0   292   390   450   307   325
               355   377   425   292   330   372   285   252   277   392
               422   412   267   347
 CSR ANYTHING     4, 0,
                 0     0     0   474
 CSR QTUNEING    20, 0,
                 0     0     0     0 -6480  8574  1059  2001     0     0
                 0     0     0     0     0     0     0     0     0     0
 CSR QTANTING    20, 0,
                 0     0     0     0     0   320     0     0     0     0
                 0     0     0     0     0     0     0     0     0     0
 COE QTUNEING   200, 0,
              1000     0     0     0     0     0     0     0     0     0
              1000     0     0     0     0     0     0     0     0     0
              1000     0     0     0     0     0     0     0     0     0
              1000     0     0     0     0     0   837   690    29     0
               500   125    50    12     0     0     0     0     0     0
               500   150    50    12     0     0     0     0     0     0
               500   500    50    50     0     0     0     0     0     0
               500  -500    50   -50     0     0     0     0     0     0
              1000  1000 -1700     0     0     0     0     0     0     0
              1000  1000     0     0     0     0     0     0     0     0
              1000  1000     0     0     0     0     0     0     0     0
              1000   900     0     0     0     0     0     0     0     0
               837   687    12     0     0     0     0     0     0     0
               500   150     0     0     0     0     0     0     0     0
              1000    55     0     0     0     0     0     0     0     0
              1000    12     0     0     0     0     0     0     0     0
               500     0     0     0     0     0     0     0     0     0
               300  1000     0     0     0     0     0     0     0     0
                 0     0     0     0     0     0     0     0     0     0
                 0     0     0     0     0     0     0     0     0     0
 CSR PRETZING    16, 0,
              3220     0    -4  -274   375     0     0     0     0     0
               -51     0   188     0     0     0
 CSR SQUADING    30, 0,
                 0     0     0     0     0     0     0     0     0     0
                 0     0     0     0     0     0     0     0     0     0
                 0     0     0     0     0     0     0     0     0     0
 CSR VBUMPING    81, 0,
                 0   -94     0  -109     0     0    57    41     0     0
                 0   178     0   -33   124   -25   -74   -57     0     0
                48   -44     0    17    20   -39    -5    54    -4   -10
                -9     0   -53    59     0   406    27     0  -101   -85
                 0    53     0    10     0    -2     0     0     7     0
                 0   -37   -13   -15     0     4     0     0   -35     0
                 0     0    32     0     0     0   189     0     0     0
              -320     0   -46     0     0     0     0   -87     0     0
                 0
 CSR VBLIMING     4, 0,
                34   466     0     0
 CHS CBUMPING    30, 0,
                 0     0     0     0     0     0     0     0     0     0
                 0     0     0     0     0     0   -12    41     0     0
                62     0    50     0     0     0     0     0     0     0
 CSR HBUMPING    96, 0,
                 0     0     0     0     0     0     0     0     0     0
                 0     0     0     0     0     0     0     0     0     0
                 0  -252     0     0     0     0     0     0     0     0
                 0     0     0     0     0     0     0     0     0   459
                 0     0     0     0     0     0     0     0     0     0
                 0     0     0     0     0     0  -190     0     0     0
                 0     0     0   157     0     0  -567     0     0     0
                 0     0     0  -120     0     0     0     0     0     0
                 0     0     0     0     0     0     0     0     0     0
                 0     0     0     0     0     0
 CSR HBLIMING    24, 0,
              1818  1743  1502 -2672     0 -1539     0     0     0     0
                 0     0     0     0     0     0     0     0     0     0
                 0     0     0     0
 CSR HBLMPING    54, 0,
                 0     0     0    50     0     0    49     0     0     0
                 0     0     0     0     0     0     0     0     0     0
                 0     0     0     0     0     0     0     0     0     0
                 0     0     0     0     0     0     0     0     0     0
                 0     0     0     0     0     0     0     0     0     0
                 0     0     0     0
 CSR XQUNEING    45, 0,
               -66  -255   -51   -46     0     0     0     0     0     0
                 0     0     0     0     0     0     0     0     0     0
                 0     0     0     0     0     0     0     0     0     0
                 0     0     0     0     0     0     0     0     0     0
                 0     0     0     0     0
 CSR XQANTING    45, 0,
                 0     0     0     0     0     0     0     0     0     0
                 0     0     0     0     0     0     0     0     0     0
                 0     0     0     0     0     0     0     0     0     0
                 0     0     0     0     0     0     0     0     0     0
                 0     0     0     0     0
 CSR BBDIPING     3, 0,
                 0     0     0
 CSR COUPLING    10, 0,
                 0     0     0     0     0     0     0     0     0     0
 CSR VBSAVING    20, 0,
                 0     0     0     0     0     0     0     0     0     0
                 0     0     0     0     0     0     0     0     0     0
 COE VBSAVING   120, 0,
              1614  2634  1832     0     0     0  1599  2632  1832     0
                 0     0     0     0     0     0     0     0     0     0
                 0     0     0     0     0     0     0     0     0     0
                 0     0     0     0     0     0     0     0     0     0
                 0     0     0     0     0     0     0     0     0     0
                 0     0     0     0     0     0     0     0     0     0
                 0     0     0     0     0     0     0     0     0     0
                 0     0     0     0     0     0     0     0     0     0
                 0     0     0     0     0     0     0     0     0     0
                 0     0     0     0     0     0     0     0     0     0
                 0     0     0     0     0     0     0     0     0     0
                 0     0     0     0     0     0     0     0     0     0
 LOC VBSAVING   120, 0,
                 5     9    13     0     0     0    94    90    86     0
                 0     0     0     0     0     0     0     0     0     0
                 0     0     0     0     0     0     0     0     0     0
                 0     0     0     0     0     0     0     0     0     0
                 0     0     0     0     0     0     0     0     0     0
                 0     0     0     0     0     0     0     0     0     0
                 0     0     0     0     0     0     0     0     0     0
                 0     0     0     0     0     0     0     0     0     0
                 0     0     0     0     0     0     0     0     0     0
                 0     0     0     0     0     0     0     0     0     0
                 0     0     0     0     0     0     0     0     0     0
                 0     0     0     0     0     0     0     0     0     0
 CSR HBSAVING    20, 0,
              -600  1000     0 -1000     0     0   101   235     0     0
                 0     0     0     0     0     0     0     0    99     0
 COE HBSAVING   120, -1, 7,
               1649   -401  -1163      0      0      0   1510  -1372  -1332      0
                  0      0   7245  -1944   8354      0      0      0    517  -1557
               1488      0      0      0   1000  -1616   2524      0      0      0
               4180  -3886   4227      0      0      0  -4971   2854   4359      0
                  0      0    947  10000  -4506      0      0      0  10000  -7137
               1598      0      0      0   4916  -1371   2049      0      0      0
                  0      0      0      0      0      0      0      0      0      0
                  0      0      0      0      0      0      0      0      0      0
                  0      0      0      0      0      0      0      0      0      0
                  0      0      0      0      0      0      0      0      0      0
                  0      0      0      0      0      0      0      0   1000   -260
               -971      0      0      0   2489 -10000   8945      0      0      0
 LOC HBSAVING   120, 0,
             10014 10030 10032     0     0     0 10079 10087 10091     0
                 0     0 20005    96    98     0     0     0 10067 10069
             10079     0     0     0 20006    94    98     0     0     0
             20005 20006    96     0     0     0 10003 10004 10009     0
                 0     0 10004 10009 10010     0     0     0 10009 10010
             10012     0     0     0 10009 10012 10014     0     0     0
                 0     0     0     0     0     0     0     0     0     0
                 0     0     0     0     0     0     0     0     0     0
                 0     0     0     0     0     0     0     0     0     0
                 0     0     0     0     0     0     0     0     0     0
                 0     0     0     0     0     0     0     0    73    71
                63     0     0     0    98    97    96     0     0     0
 CHS PM WIGRD    10, 0,
                 0     1     1     1     0     0     1     1     1     0
 CHS WJAW RD      4, 0,
              1745  1752     1  2007
 CSR VCROSING    10, 0,
              -200  -200     0   290     1  2450   -55     0     0     0
 CSR SA SAVE      8, 0,
                 0     0     0     0     0     0     0     0
 CSR ENERGY       7, 0,
              5177  5177  5179  5179  5177  5179  5289
 CLEO BUMPING    20, 0,
                 0     0     0     0     0     0     0     0     0     0
                 0     0     0     0     0     0     0     0     0     0
 CRF FREQ CON     2, 0,
                 0     1
 CSR NMR READ     4, 0,
                25 26116    84  4980
 CSR ANLGRSTA     9, 0,
                 0     0     0     0     0     0     0     0     0
 CSR ANLGRSTB     8, 0,
                 0   999     0    24     0     0     0     0
 CHS FEED OFF     2, 0,
                 0     0
 CSR BETASING    10, 0,
              1075  1000   487    75   149     0     0     0     0     0
 TIM CESR        20, -1, 7,
              11543   3317    300 -98500      0      0  76125      0      2      0
                 -2   2959      0      0      0      0      0      0      0      0
 CSR HPHASING    80, 0,
                 0     0     0     0     0     0     0     0     0     0
                 0     0     0     0     0     0     0     0     0     0
                 0     0     0     0     0     0     0     0     0     0
                 0     0     0     0     0     0     0     0     0     0
                 0     0     0     0     0     0     0     0     0     0
                 0     0     0     0     0     0     0     0     0     0
                 0     0     0     0     0     0     0     0     0     0
                 0     0     0     0     0     0     0     0     0     0
 CSR HPHASSYM    80, 0,
                 0     0     0     0     0     0     0     0     0     0
                 0     0     0     0     0     0     0     0     0     0
                 0     0     0     0     0     0     0     0     0     0
                 0     0     0     0     0     0     0     0     0     0
                 0     0     0     0     0     0     0     0     0     0
                 0     0     0     0     0     0     0     0     0     0
                 0     0     0     0     0     0     0     0     0     0
                 0     0     0     0     0     0     0     0     0     0
 CSR HPHASANT    80, 0,
                 6     0     0     0   500     0     0     0     0     0
                 0     0     0     0     0     0     0     0     0     0
                 0     0     0     0     0     0     0     0     0     0
                 0     0     0     0     0     0     0     0    92     0
               -47     0  -500     0     0     0     0     0     0     0
              -100     0     0     0     0     0     0     0     0     0
                 0     0     0     0     0     0   225     0     0     0
                 0     0     0     0     0     0     0     0     0     0
 CSR VPHASING    80, 0,
                 0     0     0     0     0     0     0     0     0     0
                 0     0     0     0     0     0     0     0     0     0
                 0     0     0     0     0     0     0     0     0     0
                 0     0     0     0     0     0     0     0     0     0
                 0     0     0     0     0     0     0     0     0     0
                 0     0     0     0     0     0     0     0     0     0
                 0     0     0     0     0     0     0     0     0     0
                 0     0     0     0     0     0     0     0     0     0
 CSR VPHASSYM    80, 0,
                 0     0     0     0     0     0     0     0     0     0
                 0     0     0     0     0     0     0     0     0     0
                 0     0     0     0     0     0     0     0     0     0
                 0     0     0     0     0     0     0     0     0     0
                 0     0     0     0     0     0     0     0     0     0
                 0     0     0     0     0     0     0     0     0     0
                 0     0     0     0     0     0     0     0     0     0
                 0     0     0     0     0     0     0     0     0     0
 CSR VPHASANT    80, 0,
                 0     0     0     0     0     0     0     0     0     0
                 0     0     0     0     0     0     0     0     0     0
                 0     0     0     0     0     0     0     0     0     0
                 0     0     0     0     0     0     0     0     0     0
               -64     0     0     0     0     0   498     0     0     0
                 0     0     0     0     0     0     0     0     0     0
                 0     0     0     0     0     0     0     0     0     0
                 0     0     0     0     0     0     0     0     0     0
 CSR OCTUPING     8, 0,
               197     0     0  -200     0     0     0     0
 CSR HSCR POT     4, 0,
               143    71     0     0
 RELATED SETS    20, 0,
             76831 77320 77634 77589 77521 77522 76981     0     0     0
                 0     0     0     0     0     0     0     0     0     0
