 Version 1.0  Save set taken   11/17/2001   17:48:14                    
                                                                        
 CSR LATTICE     10,    40,
 CESRC_3S_V2                             
 DIMAT                                   
     0.0172,    1.8749,    0.0055,       
 4                                       
    -1.1343,    0.5519,                  
     5.2890,                             
 7                                       
 8                                       
 9                                       
 A                                       
 CSR HSP VOLT     6, 0,
              1025     0  1392  1392     0  1044
 CSR HSP VVAL    12, 0,
               520   519     0     0   701   698   706   700     0     0
               523   523
 CSR HSP MAIL    40, 0,
              1526  1440     0     0     0     0     0     0     0     0
                 0     0     0     0     0     0     0     0     0     0
                 0     0     0     0     0     0     0     0     0     0
                 0     0     0     0     0     0     0     0     0     0
 SYN MAG CUR      1, 0,
             39527
 CSR HBND CUR     6, 0,
              6144  3722  1217  2170  3669  4987
 CSR HORZ CUR    98, 0,
               311  -481  -293   -65     0     0    82     0  -760  1331
                 0 -1202     0   449     0   936     0   252     0   398
                 0    65     0   271     0   134     0  -181     0   772
                 0    77     0  -309     0   114     0    32     0   729
                 0  1038     0 -2697     0  2653   141     0   993  1992
                 0   501 -2375     0  1497     0 -1121     0   762     0
              -210     0  -311     0  -284     0  -256     0  -229     0
              -268     0  -348     0  -390     0  -829     0  -178     0
              -445     0  -101     0   179     0  -394     0   336     0
              -716     0     0     0   -82  -172  -250   362
 CSR VERT CUR    98, 0,
             -1370 -1102     0  1162  -101  -655  1080   154   267   141
              -327     0  -354     0   408     0    94     0   141     0
               -88     0  -314     0   163     0   320     0   -58     0
               210     0  -130     0  -425     0  -154     0  -208     0
              -248     0  -262     0   -41     0   664  -263   701 -1423
              -715 -1043     0  1244     0    95     0    76     0    30
                 0   223     0   210   -39  -318     0   -98     0   143
                 0   -97     0  -203     0   304     0    69     0   -78
                 0  -131     0     4     0  -415     0   169     0  -258
              -131  -288 -2131  3660 -3142     0  -886  -114
 CHS VERT CUR     1, 0,
                 0
 CSR QUAD CUR    98, 0,
                 0     0 16900 39248 26956 32577 21485 12196 12354 19639
             16940 21049 16341 20294 17454 20127 20122 18778 23982 16824
             21236 19594 19152 19184 23245 19145 22749 18739 17245 18338
             15537 14754 14632 17552 12592 15528 17130 18527 15278 17322
             16121 17281 19179 16611 22047 19213 30534 49874 18980 18851
             49874 30784 19275 22103 16714 19175 17329 16013 17255 15043
             18612 17403 15547 12622 17636 14920 14777 15443 18280 17259
             18941 22800 19155 23269 19312 19258 19561 21262 17051 23836
             18498 20082 20084 17079 21122 16020 22496 18053 18316 14787
             13129 21386 32889 26083 37685 17364     0     0
 CSR QADD CUR     7, 0,
              3944 27368 27218  3883 18254 18231  1208
 CSR AQUADCON     2, 0,
                 0   175
 CSR SEXT CUR    98, 0,
                 0     0     0     0     0     0     0    48   349    88
               175  -103  -327    28    23  -218  -528   -24    62   470
              1066  1342  1941   529  1078  1022  1596   335   622   390
               714   112   283   248   501   276   700   450  1130   494
              1170     7  -103    63    36     0     0     0     0     0
                 0     0     0    18    85  -397    10   908   511  1165
               639   924   487   516   247    90    19   549   442   754
               323  1596  1199  1192   560  1942  1212   692   385    -3
                52  -206  -125    17    30  -496  -301   138    80   277
                21     0     0     0     0     0     0     0
 SCIR SKSXCUR     1, 0,
              -726
 CHS UND VERT     2, 0,
                 0     0
 CHS UND HORZ     2, 0,
                 0     0
 CSR OCTU CUR     4, 0,
              -491  2746 -2484    91
 CSR SQEWQUAD    98, 0,
                 0  2986  2619     0  -578   493  -190     0     0     0
                 0     0     0     0     0     0     0     0     0     0
                 0     0     0     0     0     0     0     0     0     0
                 0     0     0     0     0     0     0     0     0     0
                 0     0     0     0     0     0     0     0     0     0
                 0     0     0     0     0     0     0     0     0     0
                 0     0     0     0     0     0     0     0     0     0
                 0     0     0     0     0     0     0     0     0     0
                 0     0     0     0     0     0     0     0     0     0
                 0     0   371   205     0  2553  2943     0
 CSR SQEWSEXT     4, 0,
                 0  -435  -239  1409
 EXF BEND CUR     5, 0,
             28541     0 32368     0 28294
 EXF HORZ CUR     1, 0,
             -3640
 EXF VERT CUR     3, 0,
               679 -1299 -1003
 EXF QUAD CUR     5, 0,
             40451 41816 17253  6482  4817
 WXF BEND CUR     2, 0,
             34225 35415
 WXF HORZ CUR     1, 0,
             -2840
 WXF VERT CUR     3, 0,
                82    83    14
 WXF QUAD CUR     5, 0,
             45240 40533  8505 10059 13739
 EXF BUMP HV      7, 0,
               317    41    -1     0   270     0   194
 EXF BUMP VAR     6, 0,
               803    84   562     0     0     1
 EXF KICK HV      1, 0,
               600
 EXF KICK CUR     1, 0,
               601
 EXF PING HV      1, 0,
                15
 EXF PING VAR     1, 0,
                 6
 EXF SEPT CUR     3, 0,
               786  1833  1141
 WXF BUMP HV      4, 0,
               503    99   563   454
 WXF BUMP VAR     3, 0,
                 0   105   737
 WXF KICK HV      1, 0,
               520
 WXF KICK CUR     1, 0,
               712
 WXF PING HV      2, 0,
                 0   184
 WXF SEPT CUR     3, 0,
               292   784  1724
 CSR XFR TIME     5, 0,
                60    60    60    60     0
 TIM TRANSFER    23, -1, 7,
                 80 187517  21616  19667      0  22127  22104  22148  18141  15902
                  0  17992  17973  18002      0      0  18573  18573  18007      0
                  0      0     54
 CSR QSCANBOX    40, 0,
                 0     0     0     0     0     0     0     0     0     0
                 0     0     0     0     0     0     0     0     0     0
                 0     0     0     0     0     0     0     0     0     0
                 0     0     0     0     0     0     0     0     0     0
 CSRSYLTP CON     6, 0,
               419   200   341  1023     0     0
 CSRSYLTE CON     6, 0,
               702   689   810  1023     0     0
 CSRSYLTOUCHY     4, 0,
               259   602   419   377
 CSR HSCR CON    10, 0,
                 0     0     0     0     0     0     0     1     0     0
 CSR VSP VOLT     6, 0,
              -279   279  1619  1219  1625  1225
 CSR VSP CON      7, 0,
                 0   256     0     0     0     0    -3
 CSR VSP VAR      2, 0,
                 0     0
 CSR SAVRECRD   100, 0,
             76720 76712 76704 76703 76699 76698 76684 76682 76681 76680
             76679 76678 76675 76673 76672 76671 76670 76669 76668 76667
             76665 76629 76628 76627 76626 76623 76621 76561 76560 76559
             76558 76557 76556 76555 76554 76552 76551 76550 76548 76547
             76546 76545 76542 76541 76540 76538 76537 76536 76532 76531
             76530 76529 76528 76527 76526 76525 76524 76516 76515 76514
             76513 76503 76502 76501 76500 76496 76494 76480 76479 76477
             76476 76475 76474 76472 76471 76470 76458 76445 76443 76432
             76431 76427 76426 76425 76424 76423 76400 76398 76397 76396
             76395 76394 76393 76392 76391 76390 76383 76344 76342 76339
 CLEO END CAP     8, 0,
              -168    -4  -181   -40    -6   -55    -8   -64
 XFR SEPT POS     4, 0,
                -1    -1   328     0
 XFR SEPT TLT     4, 0,
                 0     1   281     0
 CSR LUMCALIB    10, 0,
              4280  4184  3100  3100     0     0     0     0     0     0
 CSR POLARITY     5, 0,
                 1     2     4     0     0
 CSR ROTQ TLT     2, 0,
               256     3
 CSR ROTQ POT    35, 0,
                 1     0     0     0     0     0     0    -1     0     0
                 0     0     0     0     0     0     0     0     0     0
                 0     0    -1     0     0    -1     0     0     0     0
              1996     0     0     0     0
 CSR ROTQ RD     42, 0,
                -2    -1  2550  2550  2550    -1    -1  2550  2550  2550
                -1    -1  2550  2550  2550     0    -1  2550  2550  2550
                 2     0  2552  2550  2550     2     4  2553  2552  2407
                 0     0    -4     0    -3     0    -3     0     7     0
                 0     0
 CSR TEMP MON    24, 0,
               250     0     0     0     0   267   367   405   300   315
               337   352   375   265   315   337   275   252   275   365
               385   377   262   305
 CSR ANYTHING     4, 0,
                 0     0     0   474
 CSR QTUNEING    20, 0,
                 0     0     0     0     0     0     0     0     0     0
                 0     0     0     0     0     0     0     0     0     0
 CSR QTANTING    20, 0,
                 0     0     0     0     0   320     0     0     0     0
                 0     0     0     0     0     0     0     0     0     0
 COE QTUNEING   200, 0,
              1000     0     0     0     0     0     0     0     0     0
              1000     0     0     0     0     0     0     0     0     0
              1000     0     0     0     0     0     0     0     0     0
              1000     0     0     0     0     0   837   690    29     0
               500   125    50    12     0     0     0     0     0     0
               500   150    50    12     0     0     0     0     0     0
               500   500    50    50     0     0     0     0     0     0
               500  -500    50   -50     0     0     0     0     0     0
              1000  1000 -1700     0     0     0     0     0     0     0
              1000  1000     0     0     0     0     0     0     0     0
              1000  1000     0     0     0     0     0     0     0     0
              1000   900     0     0     0     0     0     0     0     0
               837   687    12     0     0     0     0     0     0     0
               500   150     0     0     0     0     0     0     0     0
              1000    55     0     0     0     0     0     0     0     0
              1000    12     0     0     0     0     0     0     0     0
               500     0     0     0     0     0     0     0     0     0
               300  1000     0     0     0     0     0     0     0     0
                 0     0     0     0     0     0     0     0     0     0
                 0     0     0     0     0     0     0     0     0     0
 CSR PRETZING    16, 0,
              3220     0     0  -274   375     0     0     0     0     0
               -51     0   256     0     0     0
 CSR SQUADING    30, 0,
                 0     0     0     0     0     0     0     0     0     0
                 0     0     0     0     0     0     0     0     0     0
                 0     0     0     0     0     0     0     0     0     0
 CSR VBUMPING    81, 0,
                 0   -63     0  -109     0     0     0    41     0     0
                 0   178     0   -19    60   -11   -74   -57     0     0
                38   -15     0    17     0   -39    18    55    -4    -6
                -9     0   -53    59     0   317     0     0     0     0
                 0    55     0    25     0     0     0     0     7     0
                 0   -37     0   -11     0     0     0     0   -35     0
                 0     0     0     0     0     0     0     0     0     0
              -246     0   240     0     0     0     0   -78     0     0
                 0
 CSR VBLIMING     4, 0,
                34   486     0     0
 CHS CBUMPING    30, 0,
                 0     0     0     0     0     0     0     0     0     0
                 0     0     0     0     0     0     0     0     0     0
                 0     0     0     0     0     0     0     0     0     0
 CSR HBUMPING    96, 0,
                 0     0     0     0     0     0     0     0     0     0
                 0     0     0     0     0     0     0     0     0     0
                 0  -252     0     0     0     0     0     0     0     0
                 0     0     0     0     0     0     0     0     0   459
                 0     0     0     0     0     0     0     0     0     0
                 0     0     0     0     0     0  -190     0     0     0
                 0     0     0   157     0     0  -567     0     0     0
                 0     0     0  -120     0     0     0     0     0     0
                 0     0     0     0     0     0     0     0     0     0
                 0     0     0     0     0     0
 CSR HBLIMING    24, 0,
              1130  1888  1502 -2672     0 -1539     0     0     0     0
                 0     0     0     0     0     0     0     0     0     0
                 0     0     0     0
 CSR HBLMPING    54, 0,
                 0     0     0    50     0     0    49     0     0     0
                 0     0     0     0     0     0     0     0     0     0
                 0     0     0     0     0     0     0     0     0     0
                 0     0     0     0     0     0     0     0     0     0
                 0     0     0     0     0     0     0     0     0     0
                 0     0     0     0
 CSR XQUNEING    45, 0,
              -141  -122   -84   -54     0     0     0     0     0     0
                 0     0     0     0     0     0     0     0     0     0
                 0     0     0     0     0     0     0     0     0     0
                 0     0     0     0     0     0     0     0     0     0
                 0     0     0     0     0
 CSR XQANTING    45, 0,
                 0     0     0     0     0     0     0     0     0     0
                 0     0     0     0     0     0     0     0     0     0
                 0     0     0     0     0     0     0     0     0     0
                 0     0     0     0     0     0     0     0     0     0
                 0     0     0     0     0
 CSR BBDIPING     3, 0,
                 0     0     0
 CSR COUPLING    10, 0,
                 0     0     0     0     0     0     0     0     0     0
 CSR VBSAVING    20, 0,
                 0     0     0     0     0     0     0     0     0     0
                 0     0     0     0     0     0     0     0     0     0
 COE VBSAVING   120, 0,
              1614  2634  1832     0     0     0  1599  2632  1832     0
                 0     0     0     0     0     0     0     0     0     0
                 0     0     0     0     0     0     0     0     0     0
                 0     0     0     0     0     0     0     0     0     0
                 0     0     0     0     0     0     0     0     0     0
                 0     0     0     0     0     0     0     0     0     0
                 0     0     0     0     0     0     0     0     0     0
                 0     0     0     0     0     0     0     0     0     0
                 0     0     0     0     0     0     0     0     0     0
                 0     0     0     0     0     0     0     0     0     0
                 0     0     0     0     0     0     0     0     0     0
                 0     0     0     0     0     0     0     0     0     0
 LOC VBSAVING   120, 0,
                 5     9    13     0     0     0    94    90    86     0
                 0     0     0     0     0     0     0     0     0     0
                 0     0     0     0     0     0     0     0     0     0
                 0     0     0     0     0     0     0     0     0     0
                 0     0     0     0     0     0     0     0     0     0
                 0     0     0     0     0     0     0     0     0     0
                 0     0     0     0     0     0     0     0     0     0
                 0     0     0     0     0     0     0     0     0     0
                 0     0     0     0     0     0     0     0     0     0
                 0     0     0     0     0     0     0     0     0     0
                 0     0     0     0     0     0     0     0     0     0
                 0     0     0     0     0     0     0     0     0     0
 CSR HBSAVING    20, 0,
              -600  1000     0 -1000     0     0   101   235     0     0
                 0     0     0     0     0     0     0     0    99     0
 COE HBSAVING   120, -1, 7,
               1649   -401  -1163      0      0      0   1510  -1372  -1332      0
                  0      0   7245  -1944   8354      0      0      0    517  -1557
               1488      0      0      0   1000  -1616   2524      0      0      0
               4180  -3886   4227      0      0      0  -4971   2854   4359      0
                  0      0    947  10000  -4506      0      0      0  10000  -7137
               1598      0      0      0   4916  -1371   2049      0      0      0
                  0      0      0      0      0      0      0      0      0      0
                  0      0      0      0      0      0      0      0      0      0
                  0      0      0      0      0      0      0      0      0      0
                  0      0      0      0      0      0      0      0      0      0
                  0      0      0      0      0      0      0      0   1000   -260
               -971      0      0      0   2489 -10000   8945      0      0      0
 LOC HBSAVING   120, 0,
             10014 10030 10032     0     0     0 10079 10087 10091     0
                 0     0 20005    96    98     0     0     0 10067 10069
             10079     0     0     0 20006    94    98     0     0     0
             20005 20006    96     0     0     0 10003 10004 10009     0
                 0     0 10004 10009 10010     0     0     0 10009 10010
             10012     0     0     0 10009 10012 10014     0     0     0
                 0     0     0     0     0     0     0     0     0     0
                 0     0     0     0     0     0     0     0     0     0
                 0     0     0     0     0     0     0     0     0     0
                 0     0     0     0     0     0     0     0     0     0
                 0     0     0     0     0     0     0     0    73    71
                63     0     0     0    98    97    96     0     0     0
 CHS PM WIGRD    10, 0,
                 0     1     1     1     0     0     1     1     1     0
 CHS WJAW RD      4, 0,
              1744  1751     3  2007
 CSR VCROSING    10, 0,
              -200  -200     0   279     3  2450  1410     0     0     0
 CSR SA SAVE      8, 0,
                 0     0     0     0     0     0     0     0
 CSR ENERGY       7, 0,
              5165  5165  5165  5165  5165  5165  5289
 CLEO BUMPING    20, 0,
                 0     0     0     0     0     0     0     0     0     0
                 0     0     0     0     0     0     0     0     0     0
 CRF FREQ CON     2, 0,
                 0     1
 CSR NMR READ     4, 0,
                25 24886    84   134
 CSR ANLGRSTA     9, 0,
                 0     0     0     0     0     0     0     0     0
 CSR ANLGRSTB     8, 0,
                 0   999     0    24     0     0     0     0
 CHS FEED OFF     2, 0,
                 0     0
 CSR BETASING    10, 0,
              1460  1000   342    75     0     0     0     0     0     0
 TIM CESR        20, -1, 7,
              11543   3317    300 -98500      0      0  76125      0      2      0
                 -2   2959      0      0      0      0      0      0      0      0
 CSR HPHASING    80, 0,
                 0     0     0     0     0     0     0     0     0     0
                 0     0     0     0     0     0     0     0     0     0
                 0     0     0     0     0     0     0     0     0     0
                 0     0     0     0     0     0     0     0     0     0
                 0     0     0     0     0     0     0     0     0     0
                 0     0     0     0     0     0     0     0     0     0
                 0     0     0     0     0     0     0     0     0     0
                 0     0     0     0     0     0     0     0     0     0
 CSR HPHASSYM    80, 0,
                 0     0     0     0     0     0     0     0     0     0
                 0     0     0     0     0     0     0     0     0     0
                 0     0     0     0     0     0     0     0     0     0
                 0     0     0     0     0     0     0     0     0     0
                 0     0     0     0     0     0     0     0     0     0
                 0     0     0     0     0     0     0     0     0     0
                 0     0     0     0     0     0     0     0     0     0
                 0     0     0     0     0     0     0     0     0     0
 CSR HPHASANT    80, 0,
                 6     0     0     0   500     0     0     0     0     0
                 0     0     0     0     0     0     0     0     0     0
                 0     0     0     0     0     0     0     0     0     0
                 0     0     0     0     0     0     0     0    92     0
               -47     0  -500     0     0     0     0     0     0     0
              -100     0     0     0     0     0     0     0     0     0
                 0     0     0     0     0     0   225     0     0     0
                 0     0     0     0     0     0     0     0     0     0
 CSR VPHASING    80, 0,
                 0     0     0     0     0     0     0     0     0     0
                 0     0     0     0     0     0     0     0     0     0
                 0     0     0     0     0     0     0     0     0     0
                 0     0     0     0     0     0     0     0     0     0
                 0     0     0     0     0     0     0     0     0     0
                 0     0     0     0     0     0     0     0     0     0
                 0     0     0     0     0     0     0     0     0     0
                 0     0     0     0     0     0     0     0     0     0
 CSR VPHASSYM    80, 0,
                 0     0     0     0     0     0     0     0     0     0
                 0     0     0     0     0     0     0     0     0     0
                 0     0     0     0     0     0     0     0     0     0
                 0     0     0     0     0     0     0     0     0     0
                 0     0     0     0     0     0     0     0     0     0
                 0     0     0     0     0     0     0     0     0     0
                 0     0     0     0     0     0     0     0     0     0
                 0     0     0     0     0     0     0     0     0     0
 CSR VPHASANT    80, 0,
                 0     0     0     0     0     0     0     0     0     0
                 0     0     0     0     0     0     0     0     0     0
                 0     0     0     0     0     0     0     0     0     0
                 0     0     0     0     0     0     0     0     0     0
               -64     0     0     0     0     0   498     0     0     0
                 0     0     0     0     0     0     0     0     0     0
                 0     0     0     0     0     0     0     0     0     0
                 0     0     0     0     0     0     0     0     0     0
 CSR OCTUPING     8, 0,
               197     0     0  -200     0     0     0     0
 CSR HSCR POT     4, 0,
               143    71     0    10
 RELATED SETS    20, 0,
             75749 76177 76720 76045 76418 76686 76624     0     0     0
                 0     0     0     0     0     0     0     0     0     0
