 Version 1.0  Save set taken    7/15/2002   17:55:11                    
                                                                        
 CSR LATTICE     10,    40,
 1843MEV_LRBBI                           
 DIMAT                                   
     0.0120,    1.1207,    0.0003,       
 4                                       
    -0.4885,   -0.4691,                  
     1.8430,                             
 7                                       
 8                                       
 9                                       
 A                                       
 CSR HSP VOLT     6, 0,
               334     0   413   413     0   322
 CSR HSP VVAL    12, 0,
               167   166     0     0   207   207   208   204     0     0
               161   162
 CSR HSP MAIL    40, 0,
              1526  1440     0     0     0     0     0     0     0     0
                 0     0     0     0     0     0     0     0     0     0
                 0     0     0     0     0     0     0     0     0     0
                 0     0     0     0     0     0     0     0     0     0
 SYN MAG CUR      1, 0,
             15625
 CSR HBND CUR     6, 0,
              1587  1031  1000  1013  1515  1000
 CSR HORZ CUR    98, 0,
              -129   225   -97   192     0     0    57     0  -193   -68
                 0  -275     0   135     0    -7     0   129     0   132
                 0  -151     0  -112     0  -281     0  -190     0   173
                 0  -183     0  -226     0  -105     0   -28     0   128
                 0  -246     0   325     0 -1024  -815     0   689   861
                 0   -63  -783     0  -191     0  -299     0   256     0
               -97     0  -283     0  -261     0  -330     0  -252     0
              -184     0  -256     0  -235     0  -285     0  -231     0
              -182     0  -136     0   -42     0   -29     0  -344     0
              -486     0     0     0   156    54   107   107
 CSR VERT CUR    98, 0,
              -257  -180     0   -39    85   -31   -24    87   151    43
              -114     0  -144     0   162     0   124     0    58     0
               -64     0  -151     0    66     0   125     0    16     0
                13     0    12     0   -96     0  -165     0   -66     0
               -99     0  -105     0  -112     0   196  -144  -405  -712
              -298  -326     0    59     0   223     0   -92     0   -24
                 0   138     0    34    33   -61     0   -16     0    84
                 0   -20     0  -131     0    85     0    -3     0    40
                 0   -27     0    37     0  -142     0    67     0   -91
              -856   568  -471  -128   568     0   246  -469
 CHS VERT CUR     1, 0,
                 0
 CSR QUAD CUR    98, 0,
                 0     0  7829 11665  9530  9877  7032  5251  3488  6708
              5913  7917  5593  7473  5996  7231  7406  6495  8709  5868
              7607  7084  6846  6918  8261  6768  8272  6608  6095  6763
              5441  5484  5367  6158  4813  5668  5806  6235  5249  6283
              5860  6467  6909  5889  7717  6760 11826 19362  6391  6363
             19178 11822  6985  7696  5952  7026  6540  5789  6254  5240
              6262  5950  5698  4875  6231  5500  5534  5498  6775  6156
              6628  8151  6830  8258  6920  6918  7110  7536  5851  8701
              6429  7456  7122  6006  7568  5798  8257  6148  7092  4909
              4595  4585 10279  9686 11787  7931     0     0
 CSR QADD CUR     7, 0,
               447  9834  9422   466  6910  7076    55
 CSR AQUADCON     2, 0,
                 0   175
 CSR SEXT CUR    98, 0,
                 0     0     0     0     0     0     0   -29   -48     9
                34   -25   -62   112   135   135   228   133   270   218
               442   447   823   120   236   280   517   103   160   206
               277   135   266   227   273   258   477   162   413   185
               261   221   189   166    90     0     0     0     0     0
                 0     0     0    76   163   236   105   234   176   433
               241   509   272   292   234   257   105   263   212   173
               114   507   298   231   111   803   373   451   199   287
               144   238   133   121   119  -129   -55    54    19   -58
                15     0     0     0     0     0     0     0
 SCIR SKSXCUR     1, 0,
                 0
 CHS UND VERT     2, 0,
                 0     0
 CHS UND HORZ     2, 0,
                 0     0
 CSR OCTU CUR     4, 0,
                 7     8     5     8
 CSR SQEWQUAD    98, 0,
                 0   948  1477  2209     0     0     0     0     0     0
                 0     0     0     0     0     0     0     0     0     0
                 0     0     0     0     0     0     0     0     0     0
                 0     0     0     0     0     0     0     0     0     0
                 0     0     0     0     0     0     0     0     0     0
                 0     0     0     0     0     0     0     0     0     0
                 0     0     0     0     0     0     0     0     0     0
                 0     0     0     0     0     0     0     0     0     0
                 0     0     0     0     0     0     0     0     0     0
                 0     0   777     0     0  1901  1586     0
 CSR SQEWSEXT     4, 0,
                 0     0     0   -90
 EXF BEND CUR     5, 0,
             10717     0 11054     0  9387
 EXF HORZ CUR     1, 0,
             -1418
 EXF VERT CUR     3, 0,
               -56   327  -671
 EXF QUAD CUR     5, 0,
             13922 15277  6049  1342  1824
 WXF BEND CUR     2, 0,
             12130 11015
 WXF HORZ CUR     1, 0,
              -809
 WXF VERT CUR     3, 0,
              -297  -316   129
 WXF QUAD CUR     5, 0,
             15937 14625  3013  3564  4869
 EXF BUMP HV      7, 0,
               130    70    -1     0    96     0   110
 EXF BUMP VAR     6, 0,
               654   355   606     0     0    -1
 EXF KICK HV      1, 0,
               600
 EXF KICK CUR     1, 0,
               221
 EXF PING HV      1, 0,
                 2
 EXF PING VAR     1, 0,
                 2
 EXF SEPT CUR     3, 0,
               282  1104   393
 WXF BUMP HV      4, 0,
               191   106   182   326
 WXF BUMP VAR     3, 0,
                -1   183   739
 WXF KICK HV      1, 0,
               520
 WXF KICK CUR     1, 0,
               235
 WXF PING HV      2, 0,
                 0    47
 WXF SEPT CUR     3, 0,
               113   313   738
 CSR XFR TIME     5, 0,
                60    60    60    15     0
 TIM TRANSFER    25, -1, 7,
                 80 187517  21616  19667  41229  97627  22104  93400  18141  15902
                 12  17988  17976  17992      0      0  18573  18573  18926      0
                  0      0     27  10940  12190
 CSR QSCANBOX    40, 0,
                 0     0     0     0     0     0     0     0     0     0
                 0     0     0     0     0     0     0     0     0     0
                 0     0     0     0     0     0     0     0     0     0
                 0     0     0     0     0     0     0     0     0     0
 CSRSYLTP CON     6, 0,
               506   140   277  1023     0     0
 CSRSYLTE CON     6, 0,
               664   563   591  1023     0     0
 CSRSYLTOUCHY     4, 0,
               321   756   351   426
 CSR HSCR CON    10, 0,
                 0     0     0     0     0     0     0     0     0     0
 CSR VSP VOLT     6, 0,
                 0     0   489   489   489   489
 CSR VSP CON      7, 0,
                 0   256     0     0     0     0     0
 CSR VSP VAR      2, 0,
                 0     0
 CSR SAVRECRD   100, 0,
             83761 83757 83756 83755 83754 83751 83610 83600 83516 83513
             83514 83130 83129 83128 83122 83122 83122 83122 83118 83114
             83113 83112 83110 83109 83108 83107 83104 83097 83102 83101
             83100 83099 83098 82909 83096 83095 83094 83089 83087 82905
             82900 82897 82891 82887 82884 82689 82491 82465 82458 82457
             82177 82176 82159 82039 82038 82023 81997 81983 81982 81980
             81975 81270 81269 81266 81265 81264 81262 80172 80170 80165
             80041 80040 80029 80028 80001 80000 79803 79802 79799 79798
             79769 79759 79640 79639 79638 79635 79435 79433 79426 79425
             79424 79423 79422 79421 79418 79268 79264 79262 79261 79255
 CLEO END CAP     8, 0,
                10     4   -21   -10    -4     1    -3    -7
 XFR SEPT POS     4, 0,
                 0     0   328     0
 XFR SEPT TLT     4, 0,
                -1    -1   282     0
 CSR LUMCALIB    10, 0,
              4280  4184  3100  3100     0     0     0     0     0     0
 CSR POLARITY     5, 0,
                 1     2     4     0     0
 CSR ROTQ TLT     2, 0,
               410   402
 CSR ROTQ POT    35, 0,
                 0     0     0     0     0     0     0    -1     0     0
                 0     0     0     0     0     0     0     0     0     0
                 0     0    -1     0     0     0     0     0     0     0
              1996     0     0     0     0
 CSR ROTQ RD     42, 0,
                -1    -1  2550  2550  2550    -1    -1  2550  2550  2550
                -1    -1  2550  2550  2550    -1    -1  2550  2550  2550
                 2     0  2552  2550  2550     1     2  2551  2551  2455
                 0     0    -4     0    -3     0    -3     0    -3     0
                 0     0
 CSR TEMP MON    24, 0,
               237     0     0     0     0   217   292   302   255   260
               265   272   267   217   255   262   265   252   265   245
               242   237   250   272
 CSR ANYTHING     4, 0,
                 0     0     0   474
 CSR QTUNEING    20, 0,
                 0     0     0     0 -4065 -1233 -4434     0     0     0
                 0     0     0     0     0     0     0     0     0     0
 CSR QTANTING    20, 0,
                 0     0     0     0     0   320     0     0     0     0
                 0     0     0     0     0     0     0     0     0     0
 COE QTUNEING   200, 0,
              1000     0     0     0     0     0     0     0     0     0
              1000     0     0     0     0     0     0     0     0     0
              1000     0     0     0     0     0     0     0     0     0
              1000     0     0     0     0     0   837   690    29     0
               500   125    50    12     0     0     0     0     0     0
               500   150    50    12     0     0     0     0     0     0
               500   500    50    50     0     0     0     0     0     0
               500  -500    50   -50     0     0     0     0     0     0
              1000  1000 -1700     0     0     0     0     0     0     0
              1000  1000     0     0     0     0     0     0     0     0
              1000  1000     0     0     0     0     0     0     0     0
              1000   900     0     0     0     0     0     0     0     0
               837   687    12     0     0     0     0     0     0     0
               500   150     0     0     0     0     0     0     0     0
              1000    55     0     0     0     0     0     0     0     0
              1000    12     0     0     0     0     0     0     0     0
               500     0     0     0     0     0     0     0     0     0
               300  1000     0     0     0     0     0     0     0     0
                 0     0     0     0     0     0     0     0     0     0
                 0     0     0     0     0     0     0     0     0     0
 CSR PRETZING    16, 0,
              2811     0     0  1363  -200     0     0     0     0     0
                 0     0    52     0     0     0
 CSR SQUADING    30, 0,
                 0     0     0     0     0     0     0     0     0     0
                 0     0     0     0     0     0     0     0     0     0
                 0     0     0     0     0     0     0     0     0     0
 CSR VBUMPING    81, 0,
                 0     0     0     0     0     0     0     0     0     0
                 0     0     0     0     0    36     0     0     0     0
                 0     0     0     0     0     0  -196   -11   -37     0
                 0     0     0     0     0     0     0     0     0     0
                 0     0     0     0     0     0     0     0     0    56
              -145     0     0     0     0     0     0     0     0     0
                 0     0     0     0     0     0     0     0     0     0
                 0     0     0     0     0     0     0     0     0     0
                 0
 CSR VBLIMING     4, 0,
                34   486     0     0
 CHS CBUMPING    30, 0,
                 0     0     0     0     0     0     0     0     0     0
                 0     0     0     0     0     0     0     0     0     0
                 0     0     0     0     0     0     0     0     0     0
 CSR HBUMPING    96, 0,
                 0     0     0     0     0     0     0     0     0     0
                 0     0     0     0     0     0     0     0     0     0
                 0     0     0     0     0     0     0     0     0     0
                 0     0     0     0     0     0     0     0     0     0
                 0     0     0     0     0     0     0     0     0     0
                 0     0     0     0     0     0     0     0     0     0
                 0     0     0     0     0     0     0     0     0     0
                 0     0     0     0     0     0     0     0     0     0
                 0     0     0     0     0     0     0     0     0     0
                 0     0     0     0     0     0
 CSR HBLIMING    24, 0,
                 0     0     0     0    85     0     0     0     0     0
                 0     0     0     0     0     0     0     0     0     0
                 0     0     0     0
 CSR HBLMPING    54, 0,
                 0     0     0    50     0     0    49     0     0     0
                 0     0     0     0     0     0     0     0     0     0
                 0     0     0     0     0     0     0     0     0     0
                 0     0     0     0     0     0     0     0     0     0
                 0     0     0     0     0     0     0     0     0     0
                 0     0     0     0
 CSR XQUNEING    45, 0,
               123   137    -9  -108     0     0     0     0     0     0
                 0     0     0     0     0     0     0     0     0     0
                 0     0     0     0     0     0     0     0     0     0
                 0     0     0     0     0     0     0     0     0     0
                 0     0     0     0     0
 CSR XQANTING    45, 0,
                 0     0     0     0     0     0     0     0     0     0
                 0     0     0     0     0     0     0     0     0     0
                 0     0     0     0     0     0     0     0     0     0
                 0     0     0     0     0     0     0     0     0     0
                 0     0     0     0     0
 CSR BBDIPING     3, 0,
                 0     0     0
 CSR COUPLING    10, 0,
                 0     0     0     0     0     0     0     0     0     0
 CSR VBSAVING    20, 0,
               -40     0     0     0     0     0     0     0     0     0
                 0     0     0     0     0     0     0     0     0     0
 COE VBSAVING   120, 0,
              1614  2634  1832     0     0     0  1599  2632  1832     0
                 0     0     0     0     0     0     0     0     0     0
                 0     0     0     0     0     0     0     0     0     0
                 0     0     0     0     0     0     0     0     0     0
                 0     0     0     0     0     0     0     0     0     0
                 0     0     0     0     0     0     0     0     0     0
                 0     0     0     0     0     0     0     0     0     0
                 0     0     0     0     0     0     0     0     0     0
                 0     0     0     0     0     0     0     0     0     0
                 0     0     0     0     0     0     0     0     0     0
                 0     0     0     0     0     0     0     0     0     0
                 0     0     0     0  1250  3000 -3000     0     0     0
 LOC VBSAVING   120, 0,
                 5     9    13     0     0     0    94    90    86     0
                 0     0     0     0     0     0     0     0     0     0
                 0     0     0     0     0     0     0     0     0     0
                 0     0     0     0     0     0     0     0     0     0
                 0     0     0     0     0     0     0     0     0     0
                 0     0     0     0     0     0     0     0     0     0
                 0     0     0     0     0     0     0     0     0     0
                 0     0     0     0     0     0     0     0     0     0
                 0     0     0     0     0     0     0     0     0     0
                 0     0     0     0     0     0     0     0     0     0
                 0     0     0     0     0     0     0     0     0     0
                 0     0     0     0 10001 10097 10095     0     0     0
 CSR HBSAVING    20, 0,
              -600  1000     0 -1000     0     0   101   235     0     0
                 0     0     0     0     0     0     0     0    99     0
 COE HBSAVING   120, -1, 7,
               1649   -401  -1163      0      0      0   1510  -1372  -1332      0
                  0      0   7245  -1944   8354      0      0      0    517  -1557
               1488      0      0      0   1000  -1616   2524      0      0      0
               4180  -3886   4227      0      0      0  -4971   2854   4359      0
                  0      0    947  10000  -4506      0      0      0  10000  -7137
               1598      0      0      0   4916  -1371   2049      0      0      0
                  0      0      0      0      0      0      0      0      0      0
                  0      0      0      0      0      0      0      0      0      0
                  0      0      0      0      0      0      0      0      0      0
                  0      0      0      0      0      0      0      0      0      0
                  0      0      0      0      0      0      0      0   1000   -260
               -971      0      0      0   2489 -10000   8945      0      0      0
 LOC HBSAVING   120, 0,
             10014 10030 10032     0     0     0 10079 10087 10091     0
                 0     0 20005    96    98     0     0     0 10067 10069
             10079     0     0     0 20006    94    98     0     0     0
             20005 20006    96     0     0     0 10003 10004 10009     0
                 0     0 10004 10009 10010     0     0     0 10009 10010
             10012     0     0     0 10009 10012 10014     0     0     0
                 0     0     0     0     0     0     0     0     0     0
                 0     0     0     0     0     0     0     0     0     0
                 0     0     0     0     0     0     0     0     0     0
                 0     0     0     0     0     0     0     0     0     0
                 0     0     0     0     0     0     0     0    73    71
                63     0     0     0    98    97    96     0     0     0
 CHS PM WIGRD    10, 0,
                 0     1     1     0     0     0     1     1     1     0
 CHS WJAW RD      4, 0,
              1742  1749     2  2007
 CSR VCROSING    10, 0,
                 0     0     0     0     0  2654   332     0     0     0
 CSR SA SAVE      8, 0,
                 0     0     0     0     0     0     0     0
 CSR ENERGY       7, 0,
             18314  1831  1831  1835  1833  1835  5289
 CLEO BUMPING    20, 0,
                 0     0     0     0     0     0     0     0     0     0
                 0     0     0     0     0     0     0     0     0     0
 CRF FREQ CON     2, 0,
                 0     1
 CSR NMR READ     4, 0,
                32 16761    25 12576
 CSR ANLGRSTA     9, 0,
                 0     0     0     0     0     0     0     0     0
 CSR ANLGRSTB     8, 0,
                 0   999     0    24     0     0     0     0
 CHS FEED OFF     2, 0,
                 0     0
 CSR BETASING    10, 0,
              1700  1000    80     0     0     0     0     0     0     0
 CSR SCMATING    12, 0,
              -250  1000  1000  1000  1000  1000  1000  1000  1000  1000
              1000  1000
 TIM CESR        20, -1, 7,
              11543   3317    300 -98500      0      0  76125      0      2      0
                 -2   2959      0      0      0      0      0      0      0      0
 CSR HPHASING    80, 0,
                 0     0     0     0     0     0     0     0     0     0
                 0     0     0     0     0     0     0     0     0     0
                 0     0     0     0     0     0     0     0     0     0
                 0     0     0     0     0     0     0     0     0     0
                 0     0     0     0     0     0     0     0     0     0
                 0     0     0     0     0     0     0     0     0     0
                 0     0     0     0     0     0     0     0     0     0
                 0     0     0     0     0     0     0     0     0     0
 CSR HPHASSYM    80, 0,
                 0     0     0     0     0     0     0     0     0     0
                 0     0     0     0     0     0     0     0     0     0
                 0     0     0     0     0     0     0     0     0     0
                 0     0     0     0     0     0     0     0     0     0
                 0     0     0     0     0     0     0     0     0     0
                 0     0     0     0     0     0     0     0     0     0
                 0     0     0     0     0     0     0     0     0     0
                 0     0     0     0     0     0     0     0     0     0
 CSR HPHASANT    80, 0,
                 6     0     0     0   500     0     0     0     0     0
                 0     0     0     0     0     0     0     0     0     0
                 0     0     0     0     0     0     0     0     0     0
                 0     0     0     0     0     0     0     0    92     0
               -47     0  -500     0     0     0     0     0     0     0
              -100     0     0     0     0     0     0     0     0     0
                 0     0     0     0     0     0   225     0     0     0
                 0     0     0     0     0     0     0     0     0     0
 CSR VPHASING    80, 0,
                 0     0     0     0     0     0     0     0     0     0
                 0     0     0     0     0     0     0     0     0     0
                 0     0     0     0     0     0     0     0     0     0
                 0     0     0     0     0     0     0     0     0     0
                 0     0     0     0     0     0     0     0     0     0
                 0     0     0     0     0     0     0     0     0     0
                 0     0     0     0     0     0     0     0     0     0
                 0     0     0     0     0     0     0     0     0     0
 CSR VPHASSYM    80, 0,
                 0     0     0     0     0     0     0     0     0     0
                 0     0     0     0     0     0     0     0     0     0
                 0     0     0     0     0     0     0     0     0     0
                 0     0     0     0     0     0     0     0     0     0
                 0     0     0     0     0     0     0     0     0     0
                 0     0     0     0     0     0     0     0     0     0
                 0     0     0     0     0     0     0     0     0     0
                 0     0     0     0     0     0     0     0     0     0
 CSR VPHASANT    80, 0,
                 0     0     0     0     0     0     0     0     0     0
                 0     0     0     0     0     0     0     0     0     0
                 0     0     0     0     0     0     0     0     0     0
                 0     0     0     0     0     0     0     0     0     0
               -64     0     0     0     0     0   498     0     0     0
                 0     0     0     0     0     0     0     0     0     0
                 0     0     0     0     0     0     0     0     0     0
                 0     0     0     0     0     0     0     0     0     0
 CSR OCTUPING     8, 0,
               197     0     0  -200     0     0     0     0
 CSR MPSYMING    15, 0,
                 0     0     0     0     0     0     0     0     0     0
                 0     0     0     0     0
 CSR MPANTING    15, 0,
                 0     0     0     0     0     0     0     0     0     0
                 0     0     0     0     0
 CSR HSCR POT     4, 0,
               143    71     0     0
 RELATED SETS    20, 0,
             83733 79118 83761 82912 83752 83753 81981     0     0     0
                 0     0     0     0     0     0     0     0     0     0
