 Version 1.0  Save set taken    6/13/2002   18:40:31                    
                                                                        
 CSR LATTICE     10,    40,
 2S                                      
 DIMAT                                   
     0.0172,    1.8749,    0.0055,       
 4                                       
    -1.1343,    0.5519,                  
     5.2890,                             
 7                                       
 8                                       
 9                                       
 A                                       
 CSR HSP VOLT     6, 0,
              1061     0  1359  1362     0  1068
 CSR HSP VVAL    12, 0,
               531   534     0     0   683   682   691   685     0     0
               537   538
 CSR HSP MAIL    40, 0,
              1526  1440     0     0     0     0     0     0     0     0
                 0     0     0     0     0     0     0     0     0     0
                 0     0     0     0     0     0     0     0     0     0
                 0     0     0     0     0     0     0     0     0     0
 SYN MAG CUR      1, 0,
             38775
 CSR HBND CUR     6, 0,
              5312  3496  1665  2692  4170  5140
 CSR HORZ CUR    98, 0,
               228   -65   -17    24     0     0  -800     0    53   125
                 0  -377     0   594     0   427     0   478     0   680
                 0   -43     0    75     0  -396     0  -156     0   730
                 0    44     0  -569     0   290     0    84     0   577
                 0  -165     0   896     0 -1027   294     0  1060  2123
                 0   595   -94     0  -768     0   -85     0   783     0
               -61     0  -462     0  -220     0  -456     0  -350     0
              -256     0  -283     0  -327     0  -456     0  -329     0
              -387     0  -107     0   214     0  -128     0     7     0
               590     0     0     0   367  -137    77   569
 CSR VERT CUR    98, 0,
             -1499 -1903     0  1380  -377    73   549   153   340   150
              -313     0  -373     0   438     0   252     0   107     0
               -99     0  -382     0   140     0   286     0    14     0
                37     0   136     0  -358     0  -305     0  -146     0
              -261     0  -279     0  -263     0   646  -336 -1110 -2265
              -954 -1186     0   242     0   473     0  -274     0   -44
                 0   310     0    49   -13  -142     0   -70     0   219
                 0  -178     0  -320     0   142     0    63     0    42
                 0  -101     0    85     0  -418     0   103     0   515
             -1038    41   147   778   731     0   174  -435
 CHS VERT CUR     1, 0,
                 0
 CSR QUAD CUR    98, 0,
                 0     0 16736 37834 26526 30981 21084 12479 12406 18574
             16052 20167 15335 19979 16484 19502 19610 18063 23635 15974
             20600 18870 18575 18797 22447 18468 22197 18020 17181 18395
             14771 14275 14340 16848 12174 14501 16152 18238 14773 16734
             15844 16900 18978 16311 21729 18829 29693 45991 18109 18051
             45838 29779 18952 21749 16400 18949 16915 15809 16827 14647
             18291 16324 14490 12253 16932 14556 14311 14873 18331 17156
             18135 22100 18559 22392 18805 18623 18838 20674 16151 23440
             17831 19461 19437 16554 20149 15695 20365 16550 18271 13230
             10894 18867 32233 26810 37777 17091     0     0
 CSR QADD CUR     7, 0,
              3755 26277 26052  3707 17736 17819     0
 CSR AQUADCON     2, 0,
                 0   175
 CSR SEXT CUR    98, 0,
                 0     0     0     0     0     0     0    33   503   173
               356   260   562   295   947   290   579   306   999   263
               527   530  1215    94   141   463  1117   132   211   362
               680   240   727   403   775   621  1325   473  1021   444
              1086   286   588    44   -36     0     0     0     0     0
                 0     0     0   -26    42   438   221   859   446  1052
               529  1494   637   740   384   656   235   631   356   279
               116  1187   502   208    76  1198   487   427   202   990
               356   676   331  1041   286   474   245   285   176   530
                36     0     0     0     0     0     0     0
 SCIR SKSXCUR     1, 0,
                 0
 CHS UND VERT     2, 0,
                 0     0
 CHS UND HORZ     2, 0,
                 0     0
 CSR OCTU CUR     4, 0,
             -2005  2800     0  -273
 CSR SQEWQUAD    98, 0,
                 0  2865  2777  1023   198  1300     0     0     0     0
                 0     0     0     0     0     0     0     0     0     0
                 0     0     0     0     0     0     0     0     0     0
                 0     0     0     0     0     0     0     0     0     0
                 0     0     0     0     0     0     0     0     0     0
                 0     0     0     0     0     0     0     0     0     0
                 0     0     0     0     0     0     0     0     0     0
                 0     0     0     0     0     0     0     0     0     0
                 0     0     0     0     0     0     0     0     0     0
                 0     0   317  -407   -15  3170  3200     0
 CSR SQEWSEXT     4, 0,
                 0   274     0  -629
 EXF BEND CUR     5, 0,
             27495     0 31189     0 26810
 EXF HORZ CUR     1, 0,
             -3657
 EXF VERT CUR     3, 0,
               914  -811 -1450
 EXF QUAD CUR     5, 0,
             39077 40884 16808  6999  4646
 WXF BEND CUR     2, 0,
             32462 33615
 WXF HORZ CUR     1, 0,
             -2462
 WXF VERT CUR     3, 0,
                -4   146   275
 WXF QUAD CUR     5, 0,
             42928 38457  8072  9541 13038
 EXF BUMP HV      7, 0,
               238    76     0     0   222     0   152
 EXF BUMP VAR     6, 0,
               757   267   606     0     0     1
 EXF KICK HV      1, 0,
               600
 EXF KICK CUR     1, 0,
               594
 EXF PING HV      1, 0,
               244
 EXF PING VAR     1, 0,
               174
 EXF SEPT CUR     3, 0,
               759  1728  1135
 WXF BUMP HV      4, 0,
               447   103   522   385
 WXF BUMP VAR     3, 0,
                 1   141   738
 WXF KICK HV      1, 0,
               520
 WXF KICK CUR     1, 0,
               706
 WXF PING HV      2, 0,
                 0    83
 WXF SEPT CUR     3, 0,
               284   767  1613
 CSR XFR TIME     5, 0,
                60    60    60     0     0
 TIM TRANSFER    25, 0,
                80  -141 21562 19667     0 22127 22104 22148 21691 15902
                 0 17975 17997 18008     0     0 18573 18573 18274     0
                 0     0     0 10940 12190
 CSR QSCANBOX    40, 0,
                 0     0     0     0     0     0     0     0     0     0
                 0     0     0     0     0     0     0     0     0     0
                 0     0     0     0     0     0     0     0     0     0
                 0     0     0     0     0     0     0     0     0     0
 CSRSYLTP CON     6, 0,
               500   254   317  1023     0     0
 CSRSYLTE CON     6, 0,
               732   676   811  1023     0     0
 CSRSYLTOUCHY     4, 0,
               229   618   475   420
 CSR HSCR CON    10, 0,
                 0     0     0     0     0     0     0     0     0     0
 CSR VSP VOLT     6, 0,
               -23    23  1288  1288  1218  1218
 CSR VSP CON      7, 0,
                 0   238     0     0     0     0     0
 CSR VSP VAR      2, 0,
                 0     0
 CSR SAVRECRD   100, 0,
             83031 83029 83028 83027 83017 82841 82824 82823 82821 82820
             82819 82598 82591 82499 82343 82340 82333 82333 82332 82330
             82328 82325 82321 82320 82319 82316 82314 82312 82309 82308
             82307 82306 82303 82302 82297 82295 82293 82275 82274 82245
             82243 82242 82235 82238 82213 82211 82206 82138 81910 82200
             80552 80551 80542 80541 80540 80539 80538 80533 80532 80531
             80530 80527 80525 80524 80523 80520 80510 80513 80510 80509
             80507 80500 80504 80503 80502 80501 80500 80329 80327 80326
             80325 80324 80323 80322 80321 80306 80315 80314 80312 80306
             80310 80309 80308 80307 80306 80305 80303 80302 80301 80300
 CLEO END CAP     8, 0,
              -219    -7  -228   -58    -6   -70    -9   -73
 XFR SEPT POS     4, 0,
                 0     1   328     0
 XFR SEPT TLT     4, 0,
                 0     1   282     0
 CSR LUMCALIB    10, 0,
              4280  4184  3100  3100     0     0     0     0     0     0
 CSR POLARITY     5, 0,
                 1     2     4     0     0
 CSR ROTQ TLT     2, 0,
               214   134
 CSR ROTQ POT    35, 0,
                 0     0     0     0     0     0     0    -1     0     0
                 0     0     0     0     0     0     0     0     0     0
                 0     0    -1     0     0     0     0     0     0     0
              1996     0     0     0     0
 CSR ROTQ RD     42, 0,
                -1    -1  2550  2550  2550    -1    -1  2550  2550  2550
                -1    -1  2550  2550  2550    -1    -1  2550  2550  2550
                 2   -16  2552  2550  2550     1     2  2552  2551  2478
                 0     0    -4     0    -3     0    -3     0    -3     0
                 0     0
 CSR TEMP MON    24, 0,
               245     0     0     0     0   295   375   412   302   320
               345   360   382   295   327   347   317   260   285   375
               390   382   267   330
 CSR ANYTHING     4, 0,
                 0     0     0   474
 CSR QTUNEING    20, 0,
                 0     0     0     0 -9923  9220 -4411  1779     0     0
                 0     0     0     0     0     0     0     0     0     0
 CSR QTANTING    20, 0,
                 0     0     0     0     0   320     0     0     0     0
                 0     0     0     0     0     0     0     0     0     0
 COE QTUNEING   200, 0,
              1000     0     0     0     0     0     0     0     0     0
              1000     0     0     0     0     0     0     0     0     0
              1000     0     0     0     0     0     0     0     0     0
              1000     0     0     0     0     0   837   690    29     0
               500   125    50    12     0     0     0     0     0     0
               500   150    50    12     0     0     0     0     0     0
               500   500    50    50     0     0     0     0     0     0
               500  -500    50   -50     0     0     0     0     0     0
              1000  1000 -1700     0     0     0     0     0     0     0
              1000  1000     0     0     0     0     0     0     0     0
              1000  1000     0     0     0     0     0     0     0     0
              1000   900     0     0     0     0     0     0     0     0
               837   687    12     0     0     0     0     0     0     0
               500   150     0     0     0     0     0     0     0     0
              1000    55     0     0     0     0     0     0     0     0
              1000    12     0     0     0     0     0     0     0     0
               500     0     0     0     0     0     0     0     0     0
               300  1000     0     0     0     0     0     0     0     0
                 0     0     0     0     0     0     0     0     0     0
                 0     0     0     0     0     0     0     0     0     0
 CSR PRETZING    16, 0,
              2800     0     0     0     0     0     0     0     0     0
                25     0   -25     0     0     0
 CSR SQUADING    30, 0,
                 0     0     0     0     0     0     0     0     0     0
                 0     0     0     0     0     0     0     0     0     0
                 0     0     0     0     0     0     0     0     0     0
 CSR VBUMPING    81, 0,
                 0     0     0     0   109     0     0   -84     0     0
                 0     0     0     0    42   -23     0     0     0     0
                 0     0     0     0     0     0     0   284   956     0
                -3     0     0     0     0     0     0     0     0     0
                 0     0     0    90     0     0     0     0     0     0
                 0     0     0     0     0     0     0     0     0     0
                 0     0   -13     0     0     0     0    87     0     0
                 0     0     0     0     0     0     0     0     0     0
                 0
 CSR VBLIMING     4, 0,
               -60   486     0     0
 CHS CBUMPING    30, 0,
                 0     0     0     0     0     0     0     0     0     0
                 0     0     0     0     0     0    -6    -7    -7     0
                 0     0     1     0     0     0     0     0     0     0
 CSR HBUMPING    96, 0,
                 0     0     0     0     0     0     0     0     0     0
                 0     0     0     0     0     0     0     0     0  -111
                 0     0     0     0     0     0     0     0     0     0
                 0     0     0     0     0     0     0     0     0  -149
                 0     0     0     0     0     0     0     0     0     0
                 0     0     0     0     0     0  -247     0     0     0
                 0     0     0     0     0     0     0     0     0     0
                 0     0     0     0     0     0    47     0     0     0
                 0     0     0     0     0     0     0     0     0     0
                 0     0     0     0     0     0
 CSR HBLIMING    24, 0,
              3183  1977  1502 -2672     0 -1539     0     0     0     0
                 0     0     0     0     0     0     0     0     0     0
                 0     0     0     0
 CSR HBLMPING    54, 0,
                 0     0     0    50     0     0    49     0     0     0
                 0     0     0     0     0     0     0     0     0     0
                 0     0     0     0     0     0     0     0     0     0
                 0     0     0     0     0     0     0     0     0     0
                 0     0     0     0     0     0     0     0     0     0
                 0     0     0     0
 CSR XQUNEING    45, 0,
               244  -401   -70   -25     0     0     0     0     0     0
                 0     0     0     0     0     0     0     0     0     0
                 0     0     0     0     0     0     0     0     0     0
                 0     0     0     0     0     0     0     0     0     0
                 0     0     0     0     0
 CSR XQANTING    45, 0,
                 0     0     0     0     0     0     0     0     0     0
                 0     0     0     0     0     0     0     0     0     0
                 0     0     0     0     0     0     0     0     0     0
                 0     0     0     0     0     0     0     0     0     0
                 0     0     0     0     0
 CSR BBDIPING     3, 0,
                 0     0     0
 CSR COUPLING    10, 0,
                 0     0     0     0     0     0     0     0     0     0
 CSR VBSAVING    20, 0,
                 0     0     0     0     0     0     0     0     0     0
                 0     0     0     0     0     0     0     0     0     0
 COE VBSAVING   120, 0,
              1614  2634  1832     0     0     0  1599  2632  1832     0
                 0     0     0     0     0     0     0     0     0     0
                 0     0     0     0     0     0     0     0     0     0
                 0     0     0     0     0     0     0     0     0     0
                 0     0     0     0     0     0     0     0     0     0
                 0     0     0     0     0     0     0     0     0     0
                 0     0     0     0     0     0     0     0     0     0
                 0     0     0     0     0     0     0     0     0     0
                 0     0     0     0     0     0     0     0     0     0
                 0     0     0     0     0     0     0     0     0     0
                 0     0     0     0     0     0     0     0     0     0
                 0     0     0     0     0     0     0     0     0     0
 LOC VBSAVING   120, 0,
                 5     9    13     0     0     0    94    90    86     0
                 0     0     0     0     0     0     0     0     0     0
                 0     0     0     0     0     0     0     0     0     0
                 0     0     0     0     0     0     0     0     0     0
                 0     0     0     0     0     0     0     0     0     0
                 0     0     0     0     0     0     0     0     0     0
                 0     0     0     0     0     0     0     0     0     0
                 0     0     0     0     0     0     0     0     0     0
                 0     0     0     0     0     0     0     0     0     0
                 0     0     0     0     0     0     0     0     0     0
                 0     0     0     0     0     0     0     0     0     0
                 0     0     0     0     0     0     0     0     0     0
 CSR HBSAVING    20, 0,
              -600  1000     0 -1000     0     0   101   235     0     0
                 0     0     0     0     0     0     0     0    99     0
 COE HBSAVING   120, -1, 7,
               1649   -401  -1163      0      0      0   1510  -1372  -1332      0
                  0      0   7245  -1944   8354      0      0      0    517  -1557
               1488      0      0      0   1000  -1616   2524      0      0      0
               4180  -3886   4227      0      0      0  -4971   2854   4359      0
                  0      0    947  10000  -4506      0      0      0  10000  -7137
               1598      0      0      0   4916  -1371   2049      0      0      0
                  0      0      0      0      0      0      0      0      0      0
                  0      0      0      0      0      0      0      0      0      0
                  0      0      0      0      0      0      0      0      0      0
                  0      0      0      0      0      0      0      0      0      0
                  0      0      0      0      0      0      0      0   1000   -260
               -971      0      0      0   2489 -10000   8945      0      0      0
 LOC HBSAVING   120, 0,
             10014 10030 10032     0     0     0 10079 10087 10091     0
                 0     0 20005    96    98     0     0     0 10067 10069
             10079     0     0     0 20006    94    98     0     0     0
             20005 20006    96     0     0     0 10003 10004 10009     0
                 0     0 10004 10009 10010     0     0     0 10009 10010
             10012     0     0     0 10009 10012 10014     0     0     0
                 0     0     0     0     0     0     0     0     0     0
                 0     0     0     0     0     0     0     0     0     0
                 0     0     0     0     0     0     0     0     0     0
                 0     0     0     0     0     0     0     0     0     0
                 0     0     0     0     0     0     0     0    73    71
                63     0     0     0    98    97    96     0     0     0
 CHS PM WIGRD    10, 0,
                 0     1     0     1     0     0     1     1     1     0
 CHS WJAW RD      4, 0,
              1742  1748    -1  2007
 CSR VCROSING    10, 0,
                 0     0     0    23   -40  2281   469     0     0     0
 CSR SA SAVE      8, 0,
                 0     0     0     0     0     0     0     0
 CSR ENERGY       7, 0,
              4998  5001  5001  5001  5001  5001  4730
 CLEO BUMPING    20, 0,
                 0     0     0     0     0     0     0     0     0     0
                 0     0     0     0     0     0     0     0     0     0
 CRF FREQ CON     2, 0,
                 0     1
 CSR NMR READ     4, 0,
                24 38969    82 10352
 CSR ANLGRSTA     9, 0,
                 0     0     0     0     0     0     0     0     0
 CSR ANLGRSTB     8, 0,
                 0   999     0    24     0     0     0     0
 CHS FEED OFF     2, 0,
                 0     0
 CSR BETASING    10, 0,
              1382  1000   -86     0     0     0     0     0     0     0
 CSR SCMATING    12, 0,
              -190  1030  1000   950  1080  1000  1000  1000  1000  1000
              1000  1000
 TIM CESR        20, -1, 7,
              11543   3317    300 -98500      0      0  76125      0      2      0
                 -2   2959      0      0      0      0      0      0      0      0
 CSR HPHASING    80, 0,
                 0     0     0     0     0     0     0     0     0     0
                 0     0     0     0     0     0     0     0     0     0
                 0     0     0     0     0     0     0     0     0     0
                 0     0     0     0     0     0     0     0     0     0
                 0     0     0     0     0     0     0     0     0     0
                 0     0     0     0     0     0     0     0     0     0
                 0     0     0     0     0     0     0     0     0     0
                 0     0     0     0     0     0     0     0     0     0
 CSR HPHASSYM    80, 0,
                 0     0     0     0     0     0     0     0     0     0
                 0     0     0     0     0     0     0     0     0     0
                 0     0     0     0     0     0     0     0     0     0
                 0     0     0     0     0     0     0     0     0     0
                 0     0     0     0     0     0     0     0     0     0
                 0     0     0     0     0     0     0     0     0     0
                 0     0     0     0     0     0     0     0     0     0
                 0     0     0     0     0     0     0     0     0     0
 CSR HPHASANT    80, 0,
                 6     0     0     0   500     0     0     0     0     0
                 0     0     0     0     0     0     0     0     0     0
                 0     0     0     0     0     0     0     0     0     0
                 0     0     0     0     0     0     0     0    92     0
               -47     0  -500     0     0     0     0     0     0     0
              -100     0     0     0     0     0     0     0     0     0
                 0     0     0     0     0     0   225     0     0     0
                 0     0     0     0     0     0     0     0     0     0
 CSR VPHASING    80, 0,
                 0     0     0     0     0     0     0     0     0     0
                 0     0     0     0     0     0     0     0     0     0
                 0     0     0     0     0     0     0     0     0     0
                 0     0     0     0     0     0     0     0     0     0
                 0     0     0     0     0     0     0     0     0     0
                 0     0     0     0     0     0     0     0     0     0
                 0     0     0     0     0     0     0     0     0     0
                 0     0     0     0     0     0     0     0     0     0
 CSR VPHASSYM    80, 0,
                 0     0     0     0     0     0     0     0     0     0
                 0     0     0     0     0     0     0     0     0     0
                 0     0     0     0     0     0     0     0     0     0
                 0     0     0     0     0     0     0     0     0     0
                 0     0     0     0     0     0     0     0     0     0
                 0     0     0     0     0     0     0     0     0     0
                 0     0     0     0     0     0     0     0     0     0
                 0     0     0     0     0     0     0     0     0     0
 CSR VPHASANT    80, 0,
                 0     0     0     0     0     0     0     0     0     0
                 0     0     0     0     0     0     0     0     0     0
                 0     0     0     0     0     0     0     0     0     0
                 0     0     0     0     0     0     0     0     0     0
               -64     0     0     0     0     0   498     0     0     0
                 0     0     0     0     0     0     0     0     0     0
                 0     0     0     0     0     0     0     0     0     0
                 0     0     0     0     0     0     0     0     0     0
 CSR OCTUPING     8, 0,
               197     0     0  -200     0     0     0     0
 CSR HSCR POT     4, 0,
               143    71     0     0
 RELATED SETS    20, 0,
             82418 82850 83031 82912 82926 82927 83022     0     0     0
                 0     0     0     0     0     0     0     0     0     0
