   9991.00000000000        3.33259640327826     
   9991.09400000000        3.33253640565461     
   9991.18800000000        3.33247643709558     
   9991.28200000000        3.33241649111950     
   9991.37600000000        3.33235657487792     
   9991.47000000000        3.33229668522352     
   9991.56399999999        3.33223681901172     
   9991.65799999999        3.33217698419446     
   9991.75199999999        3.33211717266513     
   9991.84599999999        3.33205739256428     
   9991.93999999999        3.33199764063317     
   9992.03399999999        3.33193791359350     
   9992.12799999999        3.33187821903952     
   9992.22199999999        3.33181854994762     
   9992.31599999999        3.33175891413939     
   9992.40999999999        3.33169930821494     
   9992.50399999999        3.33163972873022     
   9992.59799999999        3.33158018440525     
   9992.69199999998        3.33152067035538     
   9992.78599999998        3.33146118376333     
   9992.87999999998        3.33140173284439     
   9992.97399999998        3.33134231406006     
   9993.06799999998        3.33128292379448     
   9993.16199999998        3.33122357050195     
   9993.25599999998        3.33116425055631     
   9993.34999999998        3.33110496023577     
   9993.44399999998        3.33104570826456     
   9993.53799999998        3.33098649091544     
   9993.63199999998        3.33092730508198     
   9993.72599999998        3.33086815832776     
   9993.81999999997        3.33080904753786     
   9993.91399999997        3.33074997317598     
   9994.00799999997        3.33069093127999     
   9994.10199999997        3.33063193120504     
   9994.19599999997        3.33057296899663     
   9994.28999999997        3.33051404515200     
   9994.38399999997        3.33045515556119     
   9994.47799999997        3.33039630997150     
   9994.57199999997        3.33033750428917     
   9994.66599999997        3.33027873904804     
   9994.75999999997        3.33022001071688     
   9994.85399999996        3.33016132799856     
   9994.94799999996        3.33010268737975     
   9995.04199999996        3.33004408943434     
   9995.13599999996        3.32998553474684     
   9995.22999999996        3.32992702391257     
   9995.32399999996        3.32986855241462     
   9995.41799999996        3.32981013109619     
   9995.51199999996        3.32975175548213     
   9995.60599999996        3.32969342621370     
   9995.69999999996        3.32963514394432     
   9995.79399999996        3.32957690933990     
   9995.88799999996        3.32951871757123     
   9995.98199999995        3.32946058030883     
   9996.07599999995        3.32940249278409     
   9996.16999999995        3.32934445650767     
   9996.26399999995        3.32928647063553     
   9996.35799999995        3.32922853669990     
   9996.45199999995        3.32917065546274     
   9996.54599999995        3.32911282770115     
   9996.63999999995        3.32905505420774     
   9996.73399999995        3.32899733579099     
   9996.82799999995        3.32893967327566     
   9996.92199999995        3.32888206750323     
   9997.01599999995        3.32882451933229     
   9997.10999999994        3.32876702316867     
   9997.20399999994        3.32870959276558     
   9997.29799999994        3.32865222264284     
   9997.39199999994        3.32859491373195     
   9997.48599999994        3.32853766698388     
   9997.57999999994        3.32848049029114     
   9997.67399999994        3.32842337090593     
   9997.76799999994        3.32836631666334     
   9997.86199999994        3.32830932859766     
   9997.95599999994        3.32825240860017     
   9998.04999999994        3.32819555608635     
   9998.14399999993        3.32813877298796     
   9998.23799999993        3.32808206043180     
   9998.33199999993        3.32802541956945     
   9998.42599999993        3.32796885157790     
   9998.51999999993        3.32791235766031     
   9998.61399999993        3.32785593904669     
   9998.70799999993        3.32779960525384     
   9998.80199999993        3.32774334122384     
   9998.89599999993        3.32768715636474     
   9998.98999999993        3.32763105202231     
   9999.08399999993        3.32757502957333     
   9999.17799999993        3.32751909934621     
   9999.27199999992        3.32746324515534     
   9999.36599999992        3.32740747719291     
   9999.45999999992        3.32735179696945     
   9999.55399999992        3.32729621555887     
   9999.64799999992        3.32724071573793     
   9999.74199999992        3.32718530841856     
   9999.83599999992        3.32712999526207     
   9999.92999999992        3.32707478824822     
   10000.0239999999        3.32701966885580     
   10000.1179999999        3.32696464887173     
   10000.2119999999        3.32690974099918     
   10000.3059999999        3.32685492570029     
   10000.3999999999        3.32680022667651     
   10000.4939999999        3.32674562382079     
   10000.5879999999        3.32669113003987     
   10000.6819999999        3.32663675940126     
   10000.7759999999        3.32658249045666     
   10000.8699999999        3.32652834946822     
   10000.9639999999        3.32647431418539     
   10001.0579999999        3.32642041196688     
   10001.1519999999        3.32636661965193     
   10001.2459999999        3.32631296582670     
   10001.3399999999        3.32625944005009     
   10001.4339999999        3.32620603103298     
   10001.5279999999        3.32615276912844     
   10001.6219999999        3.32609962870509     
   10001.7159999999        3.32604664172667     
   10001.8099999999        3.32599379668143     
   10001.9039999999        3.32594108083355     
   10001.9979999999        3.32588852855269     
   10002.0919999999        3.32583612755784     
   10002.1859999999        3.32578388116593     
   10002.2799999999        3.32573179279677     
   10002.3739999999        3.32567984809989     
   10002.4679999999        3.32562808603470     
   10002.5619999999        3.32557649288046     
   10002.6559999999        3.32552507251246     
   10002.7499999999        3.32547382893315     
   10002.8439999999        3.32542276627785     
   10002.9379999999        3.32537188882092     
   10003.0319999999        3.32532120098219     
   10003.1259999999        3.32527070733386     
   10003.2199999999        3.32522041260785     
   10003.3139999999        3.32517032170353     
   10003.4079999999        3.32512046459844     
   10003.5019999999        3.32507079770219     
   10003.5959999999        3.32502135048721     
   10003.6899999999        3.32497212861705     
   10003.7839999999        3.32492316670332     
   10003.8779999999        3.32487441465582     
   10003.9719999999        3.32482590638064     
   10004.0659999999        3.32477768087948     
   10004.1599999999        3.32472971535253     
   10004.2539999999        3.32468198252590     
   10004.3479999999        3.32463455847083     
   10004.4419999999        3.32458737970802     
   10004.5359999999        3.32454052950337     
   10004.6299999999        3.32449398026271     
   10004.7239999999        3.32444774147967     
   10004.8179999999        3.32440182207992     
   10004.9119999999        3.32435623471172     
   10005.0059999999        3.32431098941621     
   10005.0999999999        3.32426609792863     
   10005.1939999999        3.32422163087973     
   10005.2879999999        3.32417748892474     
   10005.3819999999        3.32413374082691     
   10005.4759999999        3.32409047256081     
   10005.5699999999        3.32404763978447     
   10005.6639999999        3.32400526173601     
   10005.7579999999        3.32396335934423     
   10005.8519999999        3.32392195547883     
   10005.9459999999        3.32388107525120     
   10006.0399999999        3.32384074637843     
   10006.1339999999        3.32380112933398     
   10006.2279999999        3.32376215887500     
   10006.3219999999        3.32372388226107     
   10006.4159999999        3.32368654223224     
   10006.5099999999        3.32365007326727     
   10006.6039999999        3.32361457732476     
   10006.6979999999        3.32358048889661     
   10006.7919999999        3.32354779775778     
   10006.8859999999        3.32351728114123     
   10006.9799999999        3.32348982374097     
   10007.0739999999        3.32346807751911     
   10007.1679999999        3.32345745883817     
   10007.2619999999        3.32348534779469     
   10007.3559999999        3.32408710842969     
   10007.4499999998        3.32482004076679     
   10007.5439999998        3.32506492366485     
   10007.6379999998        3.32527447188103     
   10007.7319999998        3.32547823567903     
   10007.8259999998        3.32569250166543     
   10007.9199999998        3.32592054914417     
   10008.0139999998        3.32616802322803     
   10008.1079999998        3.32643102668117     
   10008.2019999998        3.32671762336855     
   10008.2959999998        3.32702955385195     
   10008.3899999998        3.32736866471233     
   10008.4839999998        3.32773458989476     
   10008.5779999998        3.32813201062364     
   10008.6719999998        3.32856088770992     
   10008.7659999998        3.32902808539689     
   10008.8599999998        3.32953174297435     
   10008.9539999998        3.33007668858124     
   10009.0479999998        3.33066575039594     
   10009.1419999998        3.33130193175913     
   10009.2359999998        3.33198841316706     
   10009.3299999998        3.33272670478776     
   10009.4239999998        3.33352400424129     
   10009.5179999998        3.33438055826542     
   10009.6119999998        3.33530205142658     
   10009.7059999998        3.33629432551777     
   10009.7999999998        3.33735841038312     
   10009.8939999998        3.33850065802167     
   10009.9879999998        3.33972614579922     
   10010.0819999998        3.34103817388425     
   10010.1759999998        3.34244565810185     
   10010.2699999998        3.34395251585347     
   10010.3639999998        3.34556461270123     
   10010.4579999998        3.34728716582065     
   10010.5519999998        3.34912930125383     
   10010.6459999998        3.35109548490704     
   10010.7399999998        3.35319538758674     
   10010.8339999998        3.35543425514189     
   10010.9279999998        3.35782233605944     
   10011.0219999998        3.36036570171704     
   10011.1159999998        3.36307396189261     
   10011.2099999998        3.36595781909513     
   10011.3039999998        3.36902382776992     
   10011.3979999998        3.37228320761091     
   10011.4919999998        3.37574646082997     
   10011.5859999998        3.37942416853037     
   10011.6799999998        3.38332711854126     
   10011.7739999998        3.38746708737185     
   10011.8679999998        3.39185630228949     
   10011.9619999998        3.39650669914498     
   10012.0559999998        3.40143122112207     
   10012.1499999998        3.40664342667380     
   10012.2439999998        3.41215712181792     
   10012.3379999998        3.41798607853829     
   10012.4319999998        3.42414527928246     
   10012.5259999998        3.43065019357351     
   10012.6199999998        3.43751465428843     
   10012.7139999998        3.44475781730233     
   10012.8079999998        3.45239435477869     
   10012.9019999998        3.46044159583519     
   10012.9959999998        3.46891610023245     
   10013.0899999998        3.47783775821856     
   10013.1839999998        3.48722422371424     
   10013.2779999998        3.49709250815437     
   10013.3719999998        3.50746467199023     
   10013.4659999998        3.51835783057399     
   10013.5599999998        3.52979419993601     
   10013.6539999998        3.54179228916516     
   10013.7479999998        3.55437468756294     
   10013.8419999998        3.56756074482914     
   10013.9359999998        3.58137372170909     
   10014.0299999998        3.59583361609352     
   10014.1239999998        3.61096418391843     
   10014.2179999998        3.62678597436394     
   10014.3119999998        3.64332342809561     
   10014.4059999998        3.66059697358999     
   10014.4999999998        3.67863210777969     
   10014.5939999998        3.69744886754580     
   10014.6879999998        3.71707189853658     
   10014.7819999998        3.73752559723067     
   10014.8759999998        3.75883017499770     
   10014.9699999998        3.78101028743341     
   10015.0639999998        3.80408895070637     
   10015.1579999998        3.82808966245371     
   10015.2519999998        3.85303317568871     
   10015.3459999998        3.87894304946480     
   10015.4399999998        3.90584198975292     
   10015.5339999998        3.93375000366111     
   10015.6279999998        3.96268947675558     
   10015.7219999998        3.99268103011859     
   10015.8159999998        4.02374507964194     
   10015.9099999998        4.05590201363229     
   10016.0039999998        4.08916934704576     
   10016.0979999998        4.12356622971271     
   10016.1919999998        4.15911003993575     
   10016.2859999998        4.19581723555546     
   10016.3799999998        4.23370374402627     
   10016.4739999998        4.27278449964599     
   10016.5679999998        4.31307291067800     
   10016.6619999998        4.35458130571061     
   10016.7559999998        4.39732174539897     
   10016.8499999998        4.44130270831276     
   10016.9439999998        4.48653339930397     
   10017.0379999998        4.53302110799869     
   10017.1319999998        4.58077118816649     
   10017.2259999998        4.62978764607739     
   10017.3199999998        4.68007320361533     
   10017.4139999998        4.73162868170584     
   10017.5079999998        4.78445266298527     
   10017.6019999998        4.83854225441865     
   10017.6959999998        4.89389271059384     
   10017.7899999998        4.95049689342594     
   10017.8839999998        5.00834605755738     
   10017.9779999998        5.06742964451758     
   10018.0719999998        5.12773463407081     
   10018.1659999998        5.18924547959863     
   10018.2599999998        5.25194377046098     
   10018.3539999998        5.31581196466636     
   10018.4479999997        5.38082721359882     
   10018.5419999997        5.44696487854882     
   10018.6359999997        5.51419851859131     
   10018.7299999997        5.58249899205427     
   10018.8239999997        5.65183457145325     
   10018.9179999997        5.72217168259580     
   10019.0119999997        5.79347439359697     
   10019.1059999997        5.86570318486096     
   10019.1999999997        5.93881778052812     
   10019.2939999997        6.01277444968174     
   10019.3879999997        6.08752763021627     
   10019.4819999997        6.16302879291116     
   10019.5759999997        6.23922723633076     
   10019.6699999997        6.31606910020982     
   10019.7639999997        6.39350162709206     
   10019.8579999997        6.47146619939632     
   10019.9519999997        6.54990328638327     
   10020.0459999997        6.62875155770850     
   10020.1399999997        6.70794597065249     
   10020.2339999997        6.78742344059941     
   10020.3279999997        6.86711529976473     
   10020.4219999997        6.94695252483045     
   10020.5159999997        7.02686279117332     
   10020.6099999997        7.10677600836670     
   10020.7039999997        7.18661702385617     
   10020.7979999997        7.26631058712343     
   10020.8919999997        7.34577867780512     
   10020.9859999997        7.42494585580167     
   10021.0799999997        7.50373224791265     
   10021.1739999997        7.58205692311412     
   10021.2679999997        7.65984193209239     
   10021.3619999997        7.73700466733309     
   10021.4559999997        7.81346388963104     
   10021.5499999997        7.88913644240042     
   10021.6439999997        7.96394275792507     
   10021.7379999997        8.03779926863430     
   10021.8319999997        8.11062323183386     
   10021.9259999997        8.18233510512021     
   10022.0199999997        8.25285267905110     
   10022.1139999997        8.32209430275209     
   10022.2079999997        8.38998163029673     
   10022.3019999997        8.45643559033788     
   10022.3959999997        8.52137747587740     
   10022.4899999997        8.58473133562204     
   10022.5839999997        8.64642144124842     
   10022.6779999997        8.70637554361059     
   10022.7719999997        8.76452062363806     
   10022.8659999997        8.82078587586619     
   10022.9599999997        8.87510520104195     
   10023.0539999997        8.92741073772802     
   10023.1479999997        8.97764126102575     
   10023.2419999997        9.02573423333649     
   10023.3359999997        9.07163028930374     
   10023.4299999997        9.11527530168843     
   10023.5239999997        9.15661542699600     
   10023.6179999997        9.19560078465516     
   10023.7119999997        9.23218397722114     
   10023.8059999997        9.26632114896716     
   10023.8999999997        9.29797261802199     
   10023.9939999997        9.32709909291393     
   10024.0879999997        9.35366894133227     
   10024.1819999997        9.37764978871902     
   10024.2759999997        9.39901664306406     
   10024.3699999997        9.41774519387723     
   10024.4639999997        9.43381604535675     
   10024.5579999997        9.44721318862591     
   10024.6519999997        9.45792453478222     
   10024.7459999997        9.46594231923050     
   10024.8399999997        9.47126022691760     
   10024.9339999997        9.47387947216299     
   10025.0279999997        9.47380111481356     
   10025.1219999997        9.47103380411975     
   10025.2159999997        9.46558654222265     
   10025.3099999997        9.45747377404039     
   10025.4039999997        9.44671283826430     
   10025.4979999997        9.43332648286512     
   10025.5919999997        9.41733754085432     
   10025.6859999997        9.39877683224498     
   10025.7799999997        9.37767411298074     
   10025.8739999997        9.35406606348131     
   10025.9679999997        9.32799067638274     
   10026.0619999997        9.29948871193718     
   10026.1559999997        9.26860683204609     
   10026.2499999997        9.23539060008849     
   10026.3439999997        9.19989207874575     
   10026.4379999997        9.16216392750982     
   10026.5319999997        9.12226199742023     
   10026.6259999997        9.08024365990046     
   10026.7199999997        9.03617122655368     
   10026.8139999997        8.99010567753295     
   10026.9079999997        8.94211376683883     
   10027.0019999997        8.89226138946400     
   10027.0959999997        8.84061636119788     
   10027.1899999997        8.78725047851205     
   10027.2839999997        8.73223346955538     
   10027.3779999997        8.67564060105371     
   10027.4719999997        8.61754383042893     
   10027.5659999997        8.55801883442716     
   10027.6599999997        8.49714271851699     
   10027.7539999997        8.43499017309230     
   10027.8479999997        8.37164072035485     
   10027.9419999997        8.30716974111523     
   10028.0359999997        8.24165576286277     
   10028.1299999997        8.17517774490749     
   10028.2239999997        8.10781149773957     
   10028.3179999997        8.03963700605099     
   10028.4119999997        7.97072938176286     
   10028.5059999997        7.90116625872135     
   10028.5999999997        7.83102480247897     
   10028.6939999997        7.76037840247675     
   10028.7879999997        7.68930397063563     
   10028.8819999997        7.61787297445975     
   10028.9759999997        7.54615883445243     
   10029.0699999997        7.47423369152668     
   10029.1639999997        7.40216541745001     
   10029.2579999997        7.33002442291250     
   10029.3519999996        7.25787693464651     
   10029.4459999996        7.18578815063514     
   10029.5399999996        7.11382176190318     
   10029.6339999996        7.04204129063528     
   10029.7279999996        6.97050506043711     
   10029.8219999996        6.89927137966091     
   10029.9159999996        6.82839788070808     
   10030.0099999996        6.75793713771753     
   10030.1039999996        6.68794320250802     
   10030.1979999996        6.61846527262297     
   10030.2919999996        6.54955063168169     
   10030.3859999996        6.48124591432796     
   10030.4799999996        6.41359547698693     
   10030.5739999996        6.34664026113449     
   10030.6679999996        6.28041851690949     
   10030.7619999996        6.21496916914301     
   10030.8559999996        6.15032531521752     
   10030.9499999996        6.08652087722058     
   10031.0439999996        6.02358660587090     
   10031.1379999996        5.96154888493532     
   10031.2319999996        5.90043539917422     
   10031.3259999996        5.84026952076285     
   10031.4199999996        5.78107420875518     
   10031.5139999996        5.72286738797961     
   10031.6079999996        5.66566873426413     
   10031.7019999996        5.60949286320483     
   10031.7959999996        5.55435328706342     
   10031.8899999996        5.50026218327123     
   10031.9839999996        5.44723034187490     
   10032.0779999996        5.39526572957483     
   10032.1719999996        5.34437321621009     
   10032.2659999996        5.29455879843055     
   10032.3599999996        5.24582559555920     
   10032.4539999996        5.19817489810927     
   10032.5479999996        5.15160565911890     
   10032.6419999996        5.10611784850957     
   10032.7359999996        5.06170750932148     
   10032.8299999996        5.01837018338041     
   10032.9239999996        4.97610026098998     
   10033.0179999996        4.93489200128100     
   10033.1119999996        4.89473665872360     
   10033.2059999996        4.85562411440871     
   10033.2999999996        4.81754519860076     
   10033.3939999996        4.78048886266200     
   10033.4879999996        4.74444380546245     
   10033.5819999996        4.70939507214014     
   10033.6759999996        4.67533079908230     
   10033.7699999996        4.64223551064161     
   10033.8639999996        4.61009544346578     
   10033.9579999996        4.57889335345285     
   10034.0519999996        4.54861482759302     
   10034.1459999996        4.51924130517541     
   10034.2399999996        4.49075710173352     
   10034.3339999996        4.46314419144815     
   10034.4279999996        4.43638468392035     
   10034.5219999996        4.41046000811080     
   10034.6159999996        4.38535324887116     
   10034.7099999996        4.36104461841765     
   10034.8039999996        4.33751504776747     
   10034.8979999996        4.31474621382586     
   10034.9919999996        4.29271976614258     
   10035.0859999996        4.27141571730812     
   10035.1799999996        4.25081703414259     
   10035.2739999996        4.23090260570458     
   10035.3679999996        4.21165435327544     
   10035.4619999996        4.19305361746165     
   10035.5559999996        4.17508254605525     
   10035.6499999996        4.15772262423758     
   10035.7439999996        4.14095400351249     
   10035.8379999996        4.12476002303907     
   10035.9319999996        4.10912249522710     
   10036.0259999996        4.09402380221281     
   10036.1199999996        4.07944754688717     
   10036.2139999996        4.06537632779972     
   10036.3079999996        4.05179207101451     
   10036.4019999996        4.03867960083953     
   10036.4959999996        4.02602260681532     
   10036.5899999996        4.01380512521261     
   10036.6839999996        4.00201306977110     
   10036.7779999996        3.99062990914868     
   10036.8719999996        3.97964065256975     
   10036.9659999996        3.96903173662741     
   10037.0599999996        3.95878914136447     
   10037.1539999996        3.94889886482664     
   10037.2479999996        3.93934914549299     
   10037.3419999996        3.93012536490435     
   10037.4359999996        3.92121501597739     
   10037.5299999996        3.91260658314081     
   10037.6239999996        3.90428841647139     
   10037.7179999996        3.89624856434116     
   10037.8119999996        3.88847734448414     
   10037.9059999996        3.88096287809005     
   10037.9999999996        3.87369436188198     
   10038.0939999996        3.86666251697639     
   10038.1879999996        3.85985795598261     
   10038.2819999996        3.85327072944823     
   10038.3759999996        3.84689327823679     
   10038.4699999996        3.84071500182475     
   10038.5639999996        3.83472937103816     
   10038.6579999996        3.82892686910901     
   10038.7519999996        3.82330087727688     
   10038.8459999996        3.81784314726644     
   10038.9399999996        3.81254809643821     
   10039.0339999996        3.80740691885421     
   10039.1279999996        3.80241442179885     
   10039.2219999996        3.79756371257600     
   10039.3159999996        3.79284979875432     
   10039.4099999996        3.78826524743214     
   10039.5039999996        3.78380640662006     
   10039.5979999996        3.77946607651321     
   10039.6919999996        3.77524051970462     
   10039.7859999996        3.77112434538425     
   10039.8799999996        3.76711301079595     
   10039.9739999996        3.76320289253647     
   10040.0679999996        3.75938954804084     
   10040.1619999996        3.75566748516496     
   10040.2559999996        3.75203412127950     
   10040.3499999995        3.74848541331398     
   10040.4439999995        3.74501796005642     
   10040.5379999995        3.74162911260439     
   10040.6319999995        3.73831426672142     
   10040.7259999995        3.73507179514151     
   10040.8199999995        3.73189738430250     
   10040.9139999995        3.72878916353963     
   10041.0079999995        3.72574432712797     
   10041.1019999995        3.72276054934251     
   10041.1959999995        3.71983314051075     
   10041.2899999995        3.71696160751610     
   10041.3839999995        3.71413979782106     
   10041.4779999995        3.71135963589961     
   10041.5719999995        3.70858370180704     
   10041.6659999995        3.70506857607742     
   10041.7599999995        3.70217170114711     
   10041.8539999995        3.69959866687303     
   10041.9479999995        3.69711640954740     
   10042.0419999995        3.69469043961050     
   10042.1359999995        3.69230983922474     
   10042.2299999995        3.68996911217716     
   10042.3239999995        3.68766713797469     
   10042.4179999995        3.68539699460160     
   10042.5119999995        3.68316152002167     
   10042.6059999995        3.68095837636207     
   10042.6999999995        3.67878182450409     
   10042.7939999995        3.67663628003645     
   10042.8879999995        3.67451774073203     
   10042.9819999995        3.67242905948520     
   10043.0759999995        3.67036314692276     
   10043.1699999995        3.66832502336435     
   10043.2639999995        3.66631121363854     
   10043.3579999995        3.66432138071556     
   10043.4519999995        3.66235552537563     
   10043.5459999995        3.66041402629474     
   10043.6399999995        3.65849434444229     
   10043.7339999995        3.65659572044325     
   10043.8279999995        3.65472030339538     
   10043.9219999995        3.65286572776668     
   10044.0159999995        3.65103224203806     
   10044.1099999995        3.64921842170032     
   10044.2039999995        3.64742536102458     
   10044.2979999995        3.64565068345337     
   10044.3919999995        3.64389528748406     
   10044.4859999995        3.64215861841669     
   10044.5799999995        3.64043997801954     
   10044.6739999995        3.63874156564677     
   10044.7679999995        3.63705847831723     
   10044.8619999995        3.63539349092181     
   10044.9559999995        3.63374636908570     
   10045.0499999995        3.63211445138958     
   10045.1439999995        3.63050057070831     
   10045.2379999995        3.62890251418959     
   10045.3319999995        3.62731963432503     
   10045.4259999995        3.62575294972004     
   10045.5199999995        3.62420207632253     
   10045.6139999995        3.62266573407598     
   10045.7079999995        3.62114287888553     
   10045.8019999995        3.61963606045895     
   10045.8959999995        3.61814334243247     
   10045.9899999995        3.61666550599233     
   10046.0839999995        3.61520042306433     
   10046.1779999995        3.61374985065638     
   10046.2719999995        3.61231244489061     
   10046.3659999995        3.61088784082990     
   10046.4599999995        3.60947607946238     
   10046.5539999995        3.60807821012608     
   10046.6479999995        3.60669183000547     
   10046.7419999995        3.60531957584240     
   10046.8359999995        3.60395767101388     
   10046.9299999995        3.60260793525084     
   10047.0239999995        3.60127046787343     
   10047.1179999995        3.59994524648349     
   10047.2119999995        3.59863157048387     
   10047.3059999995        3.59732792326029     
   10047.3999999995        3.59603726476934     
   10047.4939999995        3.59475575188494     
   10047.5879999995        3.59348539234004     
   10047.6819999995        3.59222702192641     
   10047.7759999995        3.59097780270122     
   10047.8699999995        3.58974089810429     
   10047.9639999995        3.58851233218381     
   10048.0579999995        3.58729503496252     
   10048.1519999995        3.58608658661130     
   10048.2459999995        3.58488878577626     
   10048.3399999995        3.58370005532896     
   10048.4339999995        3.58252156045493     
   10048.5279999995        3.58135198074340     
   10048.6219999995        3.58019229591494     
   10048.7159999995        3.57904055948126     
   10048.8099999995        3.57789905713159     
   10048.9039999995        3.57676623408346     
   10048.9979999995        3.57564097402116     
   10049.0919999995        3.57452642308890     
   10049.1859999995        3.57341984819963     
   10049.2799999995        3.57232118046435     
   10049.3739999995        3.57123138407659     
   10049.4679999995        3.57015012557389     
   10049.5619999995        3.56907680729673     
   10049.6559999995        3.56801008192427     
   10049.7499999995        3.56695352403367     
   10049.8439999995        3.56590379232017     
   10049.9379999995        3.56486245708795     
   10050.0319999995        3.56382728827876     
   10050.1259999995        3.56280065534810     
   10050.2199999995        3.56178141835163     
   10050.3139999995        3.56076938442747     
   10050.4079999995        3.55976547350722     
   10050.5019999995        3.55876789910480     
   10050.5959999995        3.55777831331374     
   10050.6899999995        3.55679386000986     
   10050.7839999995        3.55581750277962     
   10050.8779999995        3.55484837240488     
   10050.9719999995        3.55388566960855     
   10051.0659999995        3.55293041301594     
   10051.1599999995        3.55198077682135     
   10051.2539999994        3.55103824555921     
   10051.3479999994        3.55010161726496     
   10051.4419999994        3.54917158539213     
   10051.5359999994        3.54824829528615     
   10051.6299999994        3.54733076905770     
   10051.7239999994        3.54642021390909     
   10051.8179999994        3.54551462141038     
   10051.9119999994        3.54461522830065     
   10052.0059999994        3.54372216086443     
   10052.0999999994        3.54283488135822     
   10052.1939999994        3.54195355648746     
   10052.2879999994        3.54107814363901     
   10052.3819999994        3.54020778335134     
   10052.4759999994        3.53934429310714     
   10052.5699999994        3.53848525033377     
   10052.6639999994        3.53763204137789     
   10052.7579999994        3.53678434714327     
   10052.8519999994        3.53594205579482     
   10052.9459999994        3.53510585940417     
   10053.0399999994        3.53427377692016     
   10053.1339999994        3.53344824711915     
   10053.2279999994        3.53262694274288     
   10053.3219999994        3.53181071356885     
   10053.4159999994        3.53099900652124     
   10053.5099999994        3.53019273898515     
   10053.6039999994        3.52939241196728     
   10053.6979999994        3.52859642206385     
   10053.7919999994        3.52780462132495     
   10053.8859999994        3.52701868036452     
   10053.9799999994        3.52623642447543     
   10054.0739999994        3.52545926878679     
   10054.1679999994        3.52468772360071     
   10054.2619999994        3.52391958428875     
   10054.3559999994        3.52315655657824     
   10054.4499999994        3.52239756271219     
   10054.5439999994        3.52164476837290     
   10054.6379999994        3.52089463621073     
   10054.7319999994        3.52014849920970     
   10054.8259999994        3.51940736382717     
   10054.9199999994        3.51867139512575     
   10055.0139999994        3.51793845957496     
   10055.1079999994        3.51721049654566     
   10055.2019999994        3.51648616105149     
   10055.2959999994        3.51576741093413     
   10055.3899999994        3.51505112086600     
   10055.4839999994        3.51433888289343     
   10055.5779999994        3.51363200751477     
   10055.6719999994        3.51292779032037     
   10055.7659999994        3.51222834695746     
   10055.8599999994        3.51153165774309     
   10055.9539999994        3.51084019756218     
   10056.0479999994        3.51015209114064     
   10056.1419999994        3.50946709022166     
   10056.2359999994        3.50878713735960     
   10056.3299999994        3.50810985586801     
   10056.4239999994        3.50743610591900     
   10056.5179999994        3.50676809232414     
   10056.6119999994        3.50610151714790     
   10056.7059999994        3.50543948499859     
   10056.7999999994        3.50478026967897     
   10056.8939999994        3.50412473499321     
   10056.9879999994        3.50347275541060     
   10057.0819999994        3.50282424270845     
   10057.1759999994        3.50217906241707     
   10057.2699999994        3.50153876040487     
   10057.3639999994        3.50089983646119     
   10057.4579999994        3.50026589155666     
   10057.5519999994        3.49963386130785     
   10057.6459999994        3.49900509119664     
   10057.7399999994        3.49838036525514     
   10057.8339999994        3.49775826465043     
   10057.9279999994        3.49713962624081     
   10058.0219999994        3.49652503082954     
   10058.1159999994        3.49591270870241     
   10058.2099999994        3.49530300273330     
   10058.3039999994        3.49469658894239     
   10058.3979999994        3.49409385782228     
   10058.4919999994        3.49349369857218     
   10058.5859999994        3.49289693004217     
   10058.6799999994        3.49230201531312     
   10058.7739999994        3.49171195318088     
   10058.8679999994        3.49112350723292     
   10058.9619999994        3.49053823194979     
   10059.0559999994        3.48995516922187     
   10059.1499999994        3.48937601004681     
   10059.2439999994        3.48879937010961     
   10059.3379999994        3.48822575011028     
   10059.4319999994        3.48765369037184     
   10059.5259999994        3.48708579950729     
   10059.6199999994        3.48651982080481     
   10059.7139999994        3.48595713242369     
   10059.8079999994        3.48539618067285     
   10059.9019999994        3.48483895200590     
   10059.9959999994        3.48428401445946     
   10060.0899999994        3.48373179733482     
   10060.1839999994        3.48318145244715     
   10060.2779999994        3.48263453864822     
   10060.3719999994        3.48208930144778     
   10060.4659999994        3.48154763795425     
   10060.5599999994        3.48100764882031     
   10060.6539999994        3.48047088521669     
   10060.7479999994        3.47993632015751     
   10060.8419999994        3.47940381174235     
   10060.9359999994        3.47887432269367     
   10061.0299999994        3.47834695608118     
   10061.1239999994        3.47782241875806     
   10061.2179999994        3.47729907638599     
   10061.3119999994        3.47677901929380     
   10061.4059999994        3.47626086260823     
   10061.4999999994        3.47574619014977     
   10061.5939999994        3.47523315001548     
   10061.6879999994        3.47472130505948     
   10061.7819999994        3.47421303105249     
   10061.8759999994        3.47370637725479     
   10061.9699999994        3.47320200397985     
   10062.0639999994        3.47269944110678     
   10062.1579999994        3.47219998170646     
   10062.2519999993        3.47170214865794     
   10062.3459999993        3.47120755174500     
   10062.4399999993        3.47071393744555     
   10062.5339999993        3.47022229705344     
   10062.6279999993        3.46973366365176     
   10062.7219999993        3.46924680012541     
   10062.8159999993        3.46876201086317     
   10062.9099999993        3.46827862423323     
   10063.0039999993        3.46779817293512     
   10063.0979999993        3.46731975539246     
   10063.1919999993        3.46684316556210     
   10063.2859999993        3.46636842973797     
   10063.3799999993        3.46589535452922     
   10063.4739999993        3.46542480911221     
   10063.5679999993        3.46495531049541     
   10063.6619999993        3.46448914424035     
   10063.7559999993        3.46402422630486     
   10063.8499999993        3.46356133998853     
   10063.9439999993        3.46310067150526     
   10064.0379999993        3.46264146599254     
   10064.1319999993        3.46218375963653     
   10064.2259999993        3.46172838996083     
   10064.3199999993        3.46127512565786     
   10064.4139999993        3.46082311836629     
   10064.5079999993        3.46037298530661     
   10064.6019999993        3.45992596413171     
   10064.6959999993        3.45947890991506     
   10064.7899999993        3.45903473675077     
   10064.8839999993        3.45859157646662     
   10064.9779999993        3.45815026993427     
   10065.0719999993        3.45771124081088     
   10065.1659999993        3.45727469919412     
   10065.2599999993        3.45683855273829     
   10065.3539999993        3.45640352796346     
   10065.4479999993        3.45597223148255     
   10065.5419999993        3.45554151931740     
   10065.6359999993        3.45511240169982     
   10065.7299999993        3.45468494700850     
   10065.8239999993        3.45425939907346     
   10065.9179999993        3.45383443044729     
   10066.0119999993        3.45341293672726     
   10066.1059999993        3.45299225427121     
   10066.1999999993        3.45257388737752     
   10066.2939999993        3.45215566230885     
   10066.3879999993        3.45173898403620     
   10066.4819999993        3.45132494795761     
   10066.5759999993        3.45091179126501     
   10066.6699999993        3.45050071811340     
   10066.7639999993        3.45009150083967     
   10066.8579999993        3.44968344601059     
   10066.9519999993        3.44927593971555     
   10067.0459999993        3.44887131789699     
   10067.1399999993        3.44846769885557     
   10067.2339999993        3.44806582990169     
   10067.3279999993        3.44766456211286     
   10067.4219999993        3.44726478083223     
   10067.5159999993        3.44686721764774     
   10067.6099999993        3.44647214377836     
   10067.7039999993        3.44607691052546     
   10067.7979999993        3.44568322243719     
   10067.8919999993        3.44529138548096     
   10067.9859999993        3.44490057671942     
   10068.0799999993        3.44451120248744     
   10068.1739999993        3.44412366788236     
   10068.2679999993        3.44373751669458     
   10068.3619999993        3.44335293007847     
   10068.4559999993        3.44296946597297     
   10068.5499999993        3.44258660159162     
   10068.6439999993        3.44220615856559     
   10068.7379999993        3.44182647993025     
   10068.8319999993        3.44144854680411     
   10068.9259999993        3.44107049957224     
   10069.0199999993        3.44069525537135     
   10069.1139999993        3.44032111073386     
   10069.2079999993        3.43994936207687     
   10069.3019999993        3.43957744359650     
   10069.3959999993        3.43920594845454     
   10069.4899999993        3.43883738797803     
   10069.5839999993        3.43846959784237     
   10069.6779999993        3.43810316396586     
   10069.7719999993        3.43773861751361     
   10069.8659999993        3.43737376076186     
   10069.9599999993        3.43701028492502     
   10070.0539999993        3.43664989839696     
   10070.1479999993        3.43628955204793     
   10070.2419999993        3.43593066536817     
   10070.3359999993        3.43557176451037     
   10070.4299999993        3.43521546066347     
   10070.5239999993        3.43485937641592     
   10070.6179999993        3.43450600520763     
   10070.7119999993        3.43415285730393     
   10070.8059999993        3.43380071453048     
   10070.8999999993        3.43344977944176     
   10070.9939999993        3.43310043822882     
   10071.0879999993        3.43275161019567     
   10071.1819999993        3.43240464003800     
   10071.2759999993        3.43205831268523     
   10071.3699999993        3.43171315509101     
   10071.4639999993        3.43136910322988     
   10071.5579999993        3.43102653358996     
   10071.6519999993        3.43068502567968     
   10071.7459999993        3.43034446976564     
   10071.8399999993        3.43000506189796     
   10071.9339999993        3.42966661406761     
   10072.0279999993        3.42932843229632     
   10072.1219999993        3.42899241703283     
   10072.2159999993        3.42865673733650     
   10072.3099999993        3.42832381326134     
   10072.4039999993        3.42799084824818     
   10072.4979999993        3.42765912206227     
   10072.5919999993        3.42732822631675     
   10072.6859999993        3.42699733053866     
   10072.7799999993        3.42666829225553     
   10072.8739999993        3.42634081699487     
   10072.9679999993        3.42601407169570     
   10073.0619999993        3.42568777234560     
   10073.1559999992        3.42536431938189     
   10073.2499999992        3.42503976162079     
   10073.3439999992        3.42471756144456     
   10073.4379999992        3.42439506511153     
   10073.5319999992        3.42407443308763     
   10073.6259999992        3.42375424868187     
   10073.7199999992        3.42343591714401     
   10073.8139999992        3.42311725093316     
   10073.9079999992        3.42280033574133     
   10074.0019999992        3.42248543639713     
   10074.0959999992        3.42217045977488     
   10074.1899999992        3.42185587837268     
   10074.2839999992        3.42154282865161     
   10074.3779999992        3.42123002310566     
   10074.4719999992        3.42091898321182     
   10074.5659999992        3.42060900611788     
   10074.6599999992        3.42029954264673     
   10074.7539999992        3.41999099191050     
   10074.8479999992        3.41968390774409     
   10074.9419999992        3.41937742998509     
   10075.0359999992        3.41907130827883     
   10075.1299999992        3.41876597350435     
   10075.2239999992        3.41846198629365     
   10075.3179999992        3.41815902056482     
   10075.4119999992        3.41785658615518     
   10075.5059999992        3.41755539113143     
   10075.5999999992        3.41725422577749     
   10075.6939999992        3.41695568006956     
   10075.7879999992        3.41665692850728     
   10075.8819999992        3.41635904211485     
   10075.9759999992        3.41606195305403     
   10076.0699999992        3.41576505377076     
   10076.1639999992        3.41546900849247     
   10076.2579999992        3.41517522071481     
   10076.3519999992        3.41488138228556     
   10076.4459999992        3.41458822666299     
   10076.5399999992        3.41429706773533     
   10076.6339999992        3.41400495761750     
   10076.7279999992        3.41371453696725     
   10076.8219999992        3.41342470516278     
   10076.9159999992        3.41313606570296     
   10077.0099999992        3.41284803464609     
   10077.1039999992        3.41256028320297     
   10077.1979999992        3.41227479124002     
   10077.2919999992        3.41198821911486     
   10077.3859999992        3.41170408512569     
   10077.4799999992        3.41141974431035     
   10077.5739999992        3.41113595618339     
   10077.6679999992        3.41085305025965     
   10077.7619999992        3.41057153458521     
   10077.8559999992        3.41028955786482     
   10077.9499999992        3.41000920900797     
   10078.0439999992        3.40973045897556     
   10078.1379999992        3.40945162381479     
   10078.2319999992        3.40917409084809     
   10078.3259999992        3.40889611497632     
   10078.4199999992        3.40861967034559     
   10078.5139999992        3.40834306597747     
   10078.6079999992        3.40806826133519     
   10078.7019999992        3.40779353531050     
   10078.7959999992        3.40751972120299     
   10078.8899999992        3.40724789108055     
   10078.9839999992        3.40697499959291     
   10079.0779999992        3.40670340729683     
   10079.1719999992        3.40643224125597     
   10079.2659999992        3.40616221739382     
   10079.3599999992        3.40589269239833     
   10079.4539999992        3.40562363813405     
   10079.5479999992        3.40535589469868     
   10079.6419999992        3.40508772866064     
   10079.7359999992        3.40482223903768     
   10079.8299999992        3.40455524184383     
   10079.9239999992        3.40428982529060     
   10080.0179999992        3.40402527184644     
   10080.1119999992        3.40376139512192     
   10080.2059999992        3.40349703176663     
   10080.2999999992        3.40323449474546     
   10080.3939999992        3.40297232606071     
   10080.4879999992        3.40271085434654     
   10080.5819999992        3.40245004432778     
   10080.6759999992        3.40219084888170     
   10080.7699999992        3.40193151576766     
   10080.8639999992        3.40167165730739     
   10080.9579999992        3.40141388255400     
   10081.0519999992        3.40115605233837     
   10081.1459999992        3.40089922748520     
   10081.2399999992        3.40064280334609     
   10081.3339999992        3.40038736646339     
   10081.4279999992        3.40013241792116     
   10081.5219999992        3.39987801964761     
   10081.6159999992        3.39962428109459     
   10081.7099999992        3.39937084684904     
   10081.8039999992        3.39911851376491     
   10081.8979999992        3.39886670586080     
   10081.9919999992        3.39861485265794     
   10082.0859999992        3.39836422419167     
   10082.1799999992        3.39811376950175     
   10082.2739999992        3.39786423587509     
   10082.3679999992        3.39761504899582     
   10082.4619999992        3.39736751757811     
   10082.5559999992        3.39711983095515     
   10082.6499999992        3.39687205168048     
   10082.7439999992        3.39662571781684     
   10082.8379999992        3.39637896025602     
   10082.9319999992        3.39613364650268     
   10083.0259999992        3.39588846708802     
   10083.1199999992        3.39564494140701     
   10083.2139999992        3.39540127033667     
   10083.3079999992        3.39515815676997     
   10083.4019999992        3.39491558928383     
   10083.4959999992        3.39467281442360     
   10083.5899999992        3.39443157185245     
   10083.6839999992        3.39419041658759     
   10083.7779999992        3.39395014202418     
   10083.8719999992        3.39371038150594     
   10083.9659999992        3.39347133197231     
   10084.0599999992        3.39323284197340     
   10084.1539999991        3.39299477601441     
   10084.2479999991        3.39275703611920     
   10084.3419999991        3.39251991764225     
   10084.4359999991        3.39228333031699     
   10084.5299999991        3.39204725263897     
   10084.6239999991        3.39181203281696     
   10084.7179999991        3.39157612963248     
   10084.8119999991        3.39134177911639     
   10084.9059999991        3.39110845715488     
   10084.9999999991        3.39087515839802     
   10085.0939999991        3.39064214036841     
   10085.1879999991        3.39041001415431     
   10085.2819999991        3.39017831161433     
   10085.3759999991        3.38994595829618     
   10085.4699999991        3.38971533215769     
   10085.5639999991        3.38948488937948     
   10085.6579999991        3.38925512690311     
   10085.7519999991        3.38902566634285     
   10085.8459999991        3.38879782078265     
   10085.9399999991        3.38856964670449     
   10086.0339999991        3.38834075828033     
   10086.1279999991        3.38811393557561     
   10086.2219999991        3.38788688735460     
   10086.3159999991        3.38766066510256     
   10086.4099999991        3.38743500969828     
   10086.5039999991        3.38721003905570     
   10086.5979999991        3.38698483711273     
   10086.6919999991        3.38676039249371     
   10086.7859999991        3.38653674703520     
   10086.8799999991        3.38631349432612     
   10086.9739999991        3.38609058965296     
   10087.0679999991        3.38586804089273     
   10087.1619999991        3.38564617714059     
   10087.2559999991        3.38542426838125     
   10087.3499999991        3.38520318387992     
   10087.4439999991        3.38498215212735     
   10087.5379999991        3.38476214431115     
   10087.6319999991        3.38454331356950     
   10087.7259999991        3.38432402290949     
   10087.8199999991        3.38410537528751     
   10087.9139999991        3.38388674694167     
   10088.0079999991        3.38366911850760     
   10088.1019999991        3.38345194675182     
   10088.1959999991        3.38323424806908     
   10088.2899999991        3.38301772944129     
   10088.3839999991        3.38280218880817     
   10088.4779999991        3.38258652396685     
   10088.5719999991        3.38237225809020     
   10088.6659999991        3.38215681216253     
   10088.7599999991        3.38194269331905     
   10088.8539999991        3.38172831926820     
   10088.9479999991        3.38151490749734     
   10089.0419999991        3.38130199555835     
   10089.1359999991        3.38108935073262     
   10089.2299999991        3.38087736791730     
   10089.3239999991        3.38066650923423     
   10089.4179999991        3.38045448282725     
   10089.5119999991        3.38024441844171     
   10089.6059999991        3.38003336252158     
   10089.6999999991        3.37982347807570     
   10089.7939999991        3.37961397103790     
   10089.8879999991        3.37940452155628     
   10089.9819999991        3.37919599538838     
   10090.0759999991        3.37898672568713     
   10090.1699999991        3.37877876846067     
   10090.2639999991        3.37857175060919     
   10090.3579999991        3.37836494686878     
   10090.4519999991        3.37815880800853     
   10090.5459999991        3.37795239165262     
   10090.6399999991        3.37774630506367     
   10090.7339999991        3.37754095621355     
   10090.8279999991        3.37733474595190     
   10090.9219999991        3.37713035715156     
