27.9767 0.72588
27.9756 0.724544
27.9778 0.724513
27.9767 0.723573
27.9778 0.725727
27.9767 0.730509
27.9778 0.723019
27.9767 0.726048
27.9778 0.724783
27.9778 0.727881
27.9788 0.727227
27.9778 0.723142
27.9778 0.723479
27.9778 0.725967
27.9788 0.726125
27.9788 0.723939
27.9788 0.725575
27.9788 0.727208
27.9788 0.725371
27.9788 0.724115
27.9788 0.727351
27.9788 0.728243
27.9788 0.723476
27.9788 0.726893
27.9788 0.725813
27.9778 0.726944
27.9788 0.726644
27.9788 0.727418
27.9788 0.721754
27.9788 0.725434
27.9778 0.725238
27.9778 0.724418
27.9788 0.726785
27.9778 0.726025
27.9788 0.724083
27.9788 0.724613
27.9778 0.72565
27.9788 0.726658
27.9788 0.723968
27.9788 0.724988
27.9788 0.725979
27.9788 0.726356
27.9799 0.72816
27.9778 0.723537
27.9778 0.726846
27.9778 0.723547
27.9778 0.729096
27.9778 0.727163
27.9778 0.724537
27.9778 0.728449
27.9767 0.724197
27.9778 0.726564
27.9778 0.725648
27.9788 0.721192
27.9778 0.72374
27.9778 0.725213
27.9778 0.725925
27.9778 0.726257
27.9778 0.723369
27.9767 0.727261
27.9778 0.725932
27.9767 0.725319
27.9756 0.726742
27.9767 0.724929
27.9778 0.723384
27.9767 0.726086
27.9756 0.726946
27.9756 0.723407
27.9756 0.725118
27.9746 0.726512
27.9756 0.724602
27.9767 0.725272
27.9756 0.726114
27.9767 0.728327
27.9767 0.724618
27.9767 0.728155
27.9767 0.725433
27.9767 0.723407
27.9767 0.727459
27.9778 0.724782
27.9778 0.726362
27.9778 0.727884
27.9788 0.726343
27.9778 0.723624
27.9788 0.726829
27.9788 0.725698
27.9788 0.724435
27.9799 0.723591
27.9788 0.728376
27.9799 0.72476
27.9799 0.726847
27.9799 0.729853
27.9788 0.723929
27.9788 0.725539
27.9788 0.72492
27.9788 0.727882
27.9788 0.725313
27.9788 0.724597
27.9788 0.727418
27.9788 0.726107
27.9788 0.72479
27.9788 0.723675
27.9799 0.724399
27.9788 0.723007
27.9799 0.727182
27.9799 0.727468
27.9756 0.727067
27.9767 0.724627
27.9767 0.724965
27.9767 0.726678
27.9767 0.723277
27.9767 0.726711
27.9767 0.725782
27.9778 0.724537
27.9767 0.723563
27.9778 0.727672
27.9778 0.726087
27.9778 0.725144
27.9778 0.726515
27.9788 0.731151
27.9778 0.725745
27.9778 0.726927
27.9788 0.722375
27.9788 0.725816
27.9788 0.724344
27.9799 0.725568
27.9799 0.727899
27.9799 0.724712
27.9756 0.727584
27.9767 0.72451
27.9756 0.723577
27.9767 0.726989
27.9788 0.724682
27.9788 0.723932
27.9788 0.726107
27.9778 0.727006
27.9767 0.726224
27.9799 0.723125
27.9767 0.726361
27.9767 0.724884
27.9778 0.72759
27.9778 0.724982
27.9778 0.727569
27.9778 0.723668
27.9767 0.725639
27.9778 0.725186
27.9778 0.723659
27.9778 0.727083
27.9778 0.727148
27.9778 0.724175
27.9778 0.724079
27.9778 0.728051
27.9778 0.72567
27.9778 0.725251
27.9788 0.727301
27.9788 0.72479
27.9778 0.724863
27.9788 0.727661
27.9767 0.723927
27.9746 0.728581
27.9756 0.725253
27.9756 0.72594
27.9746 0.724516
27.9756 0.725616
27.9746 0.729645
27.9756 0.723203
27.9746 0.72658
27.9746 0.723926
27.9756 0.723678
27.9746 0.723612
27.9756 0.727074
27.9756 0.725611
27.9746 0.723952
27.9746 0.729853
27.9746 0.724353
27.9735 0.729278
27.9735 0.718548
27.9756 0.726989
27.9746 0.728643
27.9746 0.723008
27.9746 0.727273
27.9756 0.724872
27.9735 0.723969
27.9746 0.729404
27.9746 0.727351
27.9746 0.726335
27.9746 0.726826
27.9746 0.722465
27.9746 0.725514
27.9746 0.725774
27.9746 0.725502
27.9746 0.724551
27.9746 0.725693
27.9735 0.726491
27.9735 0.725223
27.9735 0.723348
27.9725 0.723247
27.9735 0.724076
27.9735 0.726
27.9735 0.7227
27.9735 0.72727
27.9746 0.727322
27.9746 0.724713
27.9746 0.72532
27.9746 0.722861
27.9746 0.728184
27.9746 0.725987
27.9746 0.724601
27.9756 0.723283
27.9746 0.723814
27.9756 0.723444
27.9756 0.72552
27.9746 0.724481
27.9746 0.724679
27.9746 0.725324
27.9746 0.723803
27.9746 0.723053
27.9746 0.726562
27.9746 0.721948
27.9735 0.728106
27.9756 0.727548
27.9756 0.725595
27.9756 0.724099
27.9756 0.727021
27.9756 0.725178
27.9756 0.726043
27.9756 0.724586
27.9756 0.728715
27.9735 0.728087
27.9746 0.723517
27.9746 0.724846
27.9767 0.726916
27.9756 0.724508
27.9725 0.726135
27.9735 0.728403
27.9746 0.727361
27.9746 0.726281
27.9735 0.722674
28.0074 0.729009
28.0084 0.728915
28.0084 0.726928
28.0084 0.728417
28.0074 0.726167
28.0074 0.725258
28.0074 0.726538
28.0063 0.728715
28.0074 0.725393
28.0074 0.726459
28.0074 0.726393
28.0074 0.723541
28.0074 0.725083
28.0084 0.726692
28.0074 0.726534
28.0095 0.725919
28.0074 0.723853
28.0084 0.725693
28.0095 0.7254
28.0095 0.72872
28.0095 0.726111
28.0053 0.725426
28.0084 0.725012
28.0084 0.728142
28.0084 0.727332
28.0084 0.727271
28.0084 0.726718
28.0084 0.729934
28.0084 0.725642
28.0084 0.724462
28.0074 0.725133
28.0074 0.724718
28.0084 0.726826
28.0084 0.727164
28.0074 0.728801
28.0074 0.725526
28.0074 0.724836
28.0074 0.725533
28.0074 0.727124
28.0084 0.72772
28.0074 0.726306
28.0074 0.726248
28.0053 0.727843
28.0053 0.727421
28.0053 0.722858
28.0053 0.726671
28.0074 0.728307
28.0053 0.726069
28.0053 0.728641
28.0053 0.727027
28.0053 0.727454
28.0053 0.726337
28.0053 0.722951
28.0053 0.726591
28.0053 0.72516
28.0053 0.726132
28.0053 0.723847
28.0042 0.725906
28.0042 0.725063
28.0053 0.726892
28.0053 0.725723
28.001 0.727571
28.0042 0.72681
28 0.726516
27.9989 0.726976
27.9936 0.7239
27.9968 0.724584
27.9968 0.726163
27.9968 0.72741
27.9979 0.726357
27.9979 0.72803
27.9968 0.725693
27.9979 0.727547
27.9979 0.725006
27.9979 0.727064
27.9968 0.727998
27.9926 0.728956
27.9957 0.72677
27.9947 0.726369
27.9957 0.725032
27.9957 0.726469
27.9957 0.728521
27.9957 0.724371
27.9947 0.726469
27.9957 0.7254
27.9957 0.727504
27.9957 0.725726
27.9947 0.729094
27.9947 0.726134
27.9947 0.723816
27.9947 0.726327
27.9947 0.727433
27.9936 0.723666
27.9947 0.727195
27.9957 0.727048
27.9947 0.726575
27.9947 0.727433
27.9947 0.725868
27.9957 0.726077
27.9957 0.723969
27.9957 0.728079
27.9968 0.728132
27.9936 0.728475
27.9926 0.725904
27.9957 0.728669
28.0053 0.723513
28.0053 0.726258
28.0053 0.725789
28.0053 0.728005
28.0053 0.724302
28.0063 0.727773
28.0063 0.725525
28.0042 0.726725
28.0053 0.728045
28.0053 0.724673
28.0053 0.727674
28.0042 0.723755
28.0053 0.725299
28.0031 0.726031
28.0031 0.723632
28.0063 0.728189
28.0063 0.729128
28.0063 0.724588
28.0063 0.725383
28.0053 0.72706
28.0053 0.724764
28.0053 0.727688
28.0053 0.725194
28.0021 0.726249
28.0021 0.726343
28.0021 0.72746
28.0021 0.727283
28.001 0.726736
28.001 0.727233
28.001 0.725736
28.0021 0.726665
28.0021 0.726864
28.0021 0.729821
28.0021 0.724888
28.0021 0.724362
28.0021 0.726171
28.0031 0.726644
28.0031 0.727127
28.0021 0.726961
28.0021 0.727703
28.0021 0.729894
28.0031 0.727617
28.0031 0.727176
28.0031 0.724517
28.0021 0.726656
28.0031 0.727563
28.0031 0.728376
28.0031 0.724513
28 0.723343
28.001 0.726851
28.001 0.727528
28.001 0.726793
28.0021 0.724321
28.001 0.725973
28.001 0.723526
27.9989 0.725828
28.001 0.725232
28.001 0.727191
28 0.728587
28 0.727403
28 0.726773
28.001 0.725147
28.0021 0.726349
28.0021 0.724794
28 0.729089
28.001 0.724481
28.001 0.723909
28.001 0.728998
28.001 0.727709
28.001 0.727722
28.001 0.728566
27.9979 0.724937
28.0021 0.725469
28.001 0.726074
28.0021 0.726031
28.0021 0.72781
28 0.722086
28.0021 0.727789
28.0021 0.728862
27.9979 0.724325
27.9979 0.727384
28.0021 0.727991
28.0021 0.724254
28.0021 0.726833
28.0021 0.725782
28.0021 0.725408
28.0021 0.727472
28.0021 0.724728
28.0021 0.724324
28.0021 0.726747
28.0021 0.725946
28.0021 0.727169
28.0021 0.727793
27.9989 0.725333
27.9979 0.727518
27.9979 0.727209
27.9979 0.726995
27.9989 0.727388
27.9989 0.730289
28.0021 0.724599
28.0021 0.721599
28.0031 0.721058
28 0.729816
28.001 0.725283
28 0.72445
28.001 0.726581
28.001 0.726966
28.001 0.725049
27.9926 0.724061
27.9947 0.725207
27.9957 0.726465
27.9947 0.728214
27.9968 0.723799
28.001 0.725324
27.9979 0.725547
28 0.729767
28.001 0.724262
28.001 0.724592
27.9957 0.727782
28.001 0.724483
28 0.727481
28.001 0.72502
28.001 0.727068
27.9957 0.729528
28.001 0.724364
28.001 0.725202
28.001 0.725225
28.001 0.726558
28.001 0.727351
28.001 0.724748
28.001 0.726993
28.001 0.725145
28.001 0.724365
28.001 0.726039
28.001 0.724474
28.001 0.726542
28 0.725668
28.001 0.728066
28.001 0.725052
28.001 0.726688
28.001 0.725272
28.001 0.728699
28.001 0.726476
28.001 0.725774
28.001 0.725123
28.001 0.727771
28.001 0.725049
27.9957 0.726853
27.9957 0.726202
28 0.725561
28.001 0.726044
28.001 0.729103
28.0021 0.727794
28.0021 0.727319
28.0021 0.728248
28.0021 0.722319
28.0021 0.727323
28.0021 0.727675
27.9979 0.727248
27.9968 0.725159
28.0021 0.721713
28.0021 0.7267
28.0021 0.727489
28 0.7236
28.0021 0.726276
28.0021 0.725041
28.0021 0.725419
27.9989 0.728186
28 0.728118
27.9989 0.727956
28.0021 0.73027
28.001 0.721211
28.001 0.72494
28.0031 0.726526
28.0031 0.72559
28.001 0.727167
28.0021 0.724854
28.0021 0.727474
28.0021 0.727198
28.0021 0.727392
28.0021 0.725057
28.0021 0.728271
28.0021 0.726893
28.0021 0.727068
28.0021 0.723854
28.0021 0.724576
28.0021 0.725379
28.0021 0.727019
28.0021 0.724107
28.0021 0.72685
28.0021 0.724786
28.0021 0.725773
28.0021 0.727891
28 0.726985
28.0021 0.726299
28.0021 0.728477
28.0021 0.727611
28.0021 0.728139
28.0021 0.727223
28.001 0.723384
28.0021 0.723938
28.0021 0.725207
28.0021 0.723321
28.0021 0.722389
28.0021 0.728523
28.0021 0.728743
28.0021 0.725807
28.0021 0.723226
28.0031 0.725123
28.0031 0.7249
28.0021 0.729332
28.0021 0.723482
28.0021 0.723781
28.0021 0.721549
28.0021 0.724582
28.0021 0.723762
28.0021 0.727099
28.0021 0.725362
28.0021 0.724347
28.0021 0.726532
28.0021 0.726029
28.0021 0.723608
28.0021 0.728849
28.0021 0.728294
28.0021 0.722995
28.0021 0.72954
28.0021 0.730104
28.0021 0.726585
28.0021 0.72767
28.0021 0.725106
27.9979 0.724377
28.0021 0.725278
28.0021 0.727243
28.0021 0.7261
28.0021 0.727534
28.0021 0.724693
28.0021 0.725666
28.0021 0.727866
28.001 0.730689
28.001 0.722788
28.001 0.725774
28.0021 0.725181
28.0021 0.725883
28.0021 0.725131
28.0021 0.727637
28.0021 0.728093
28.0021 0.724672
28.0031 0.727418
28.0042 0.728644
28.0031 0.726738
28.0042 0.72642
28.0042 0.725322
28.0042 0.728259
28.0042 0.728349
28.0042 0.726202
28.0021 0.730351
28.0021 0.72689
28 0.725266
28.001 0.726583
28.0021 0.727676
28.0021 0.727198
28.0021 0.725774
28.0021 0.726431
28.0021 0.727326
28.0021 0.726495
28.0021 0.724348
28.0021 0.727584
28.0021 0.726426
28.0021 0.724442
28.0021 0.724996
28.0021 0.724069
28.0021 0.723855
28.0021 0.727772
28.0021 0.724322
28.0021 0.724655
28.0031 0.726022
28.001 0.727706
28.0021 0.724809
28.0021 0.727735
28.0031 0.728354
28.0042 0.723863
28.0031 0.727019
28.0042 0.728841
28.0042 0.725127
28.0042 0.726779
28.0031 0.724328
28.0042 0.723363
28.0031 0.728256
28.0042 0.724172
28.0042 0.723063
28.0021 0.725831
28.0021 0.726744
28.0021 0.724835
28.0031 0.725352
28.0021 0.725092
28.0031 0.72544
28.0021 0.727113
28.0031 0.727302
28.0031 0.727334
27.9947 0.7249
28.0031 0.724933
28.0031 0.727089
28.0031 0.7246
28.0031 0.724969
28.0031 0.726595
28.0031 0.727811
28.0031 0.72884
28.0031 0.724907
28.0031 0.725635
28.0031 0.724871
28.0031 0.726894
28.0031 0.726282
28.0021 0.726379
28.0021 0.727185
28.0021 0.726716
28.0031 0.72883
28.0031 0.724783
28.0031 0.726102
28 0.722552
28.0031 0.728893
28.0031 0.726841
28.0031 0.726385
28.0031 0.725207
28.0031 0.727337
28.0031 0.727874
28.0031 0.724572
28.0031 0.72868
28.0031 0.7269
28.0031 0.727488
28.0031 0.72757
28.0031 0.726143
28.0031 0.727346
28.0031 0.725667
28.0031 0.724788
28.0031 0.726978
28.0031 0.725658
28.0031 0.724844
27.9979 0.725382
27.9979 0.722375
28 0.72605
28.001 0.727621
28 0.727411
28.001 0.72452
28.001 0.7245
28.001 0.731657
28.001 0.734761
28.001 0.734711
28.001 0.73477
28.001 0.732401
28.001 0.733063
28.001 0.735292
28.001 0.732998
28.001 0.731812
28.0031 0.733875
28.0042 0.734766
28.0031 0.731934
28.0031 0.735219
28.0031 0.737656
28.0031 0.733945
28.0021 0.736737
28.0053 0.734598
28.0042 0.732521
28.0042 0.733361
28.0042 0.731394
28.0042 0.732905
28.0042 0.733692
28.0042 0.73181
28.0042 0.730676
28.0053 0.736556
28.0042 0.734281
28.0042 0.733089
28.0042 0.73443
28.0042 0.73316
28.0042 0.733875
28.0042 0.732106
28.0042 0.734389
28.0042 0.733821
28.0042 0.732106
28.0042 0.73245
28.001 0.733154
28.0042 0.73225
28.0042 0.732617
28.0042 0.731794
28.0042 0.731947
28.0042 0.733875
28.0042 0.733706
28.0042 0.734019
28.0042 0.732468
28.0042 0.734736
28.0042 0.734938
28.0042 0.734069
28.0042 0.732887
28.0042 0.731547
28.0042 0.731903
28.0042 0.732898
28.0042 0.734605
28.0053 0.733295
28.0053 0.731628
28.0053 0.735352
28.0042 0.732341
28.0053 0.735772
28.0053 0.735612
28.0053 0.732247
28.0031 0.732161
28.0042 0.731806
28.0053 0.733302
28.0042 0.732625
28.0042 0.731112
28.0042 0.738943
28.0042 0.734655
28.0031 0.73095
28.0042 0.73388
28.0042 0.732293
28.0053 0.730901
28.0042 0.732595
28.0053 0.732636
28.0053 0.734761
28.0053 0.734434
28.0053 0.731022
28.0053 0.73272
28.0042 0.73228
28.0053 0.734156
28.0053 0.735026
28.0053 0.733839
28.0053 0.734301
28.0053 0.733558
28.0053 0.733084
28.0053 0.732798
28.0053 0.730133
28.0053 0.735639
28.0053 0.731022
28.0053 0.733088
28.0053 0.735095
28.0053 0.731571
28.0053 0.734963
28.0053 0.7341
28.0053 0.73264
28.0053 0.732573
28.0053 0.732104
28.0053 0.73355
28.0053 0.733883
28.0053 0.733209
28.0031 0.73397
28.0053 0.733489
28.0053 0.732387
28.0053 0.731482
28.0053 0.73359
28.0053 0.73196
28.0053 0.733222
28.0053 0.733517
28.0053 0.731756
28.0053 0.732817
28.0053 0.734398
28.0053 0.733935
28.0053 0.731132
28.0053 0.733899
28.0053 0.734052
28.0053 0.732568
28.0053 0.73457
28.0031 0.732738
28.0031 0.734373
28.0053 0.734357
28.0042 0.734903
28.0053 0.734339
28.0053 0.733996
28.0042 0.734661
28.0042 0.735182
28.0042 0.732099
28.0042 0.729086
28.0031 0.731694
28.0042 0.732782
28.0042 0.734039
28.0042 0.732539
28.0042 0.7337
28.0042 0.732169
28.0042 0.733247
28.0042 0.733025
28.0042 0.73416
28.0042 0.733338
28.0042 0.734945
28.0042 0.731867
28.001 0.732898
28.0042 0.732495
28.0042 0.734584
28.0042 0.733604
28.0042 0.735208
28.0042 0.732068
28.0042 0.732319
28.0042 0.731517
28.0042 0.730664
28.0042 0.730125
28.0053 0.729366
28.0053 0.73367
28.0053 0.732895
28.0053 0.730541
28.0053 0.732358
28.0053 0.736644
28.0042 0.731362
28.0042 0.731866
28.0042 0.733192
28.0042 0.735608
27.9989 0.732167
28.0042 0.733491
28.0042 0.733204
28.0042 0.728709
28.0042 0.732679
28.0042 0.734343
28.0042 0.734191
28.0042 0.732305
27.9979 0.732899
28.0042 0.733712
28.0042 0.734543
28.0042 0.734595
28.0031 0.732719
28.0031 0.732459
28.0042 0.732324
28.0042 0.733169
28.0042 0.732053
28.0042 0.734843
28.0042 0.734187
28.0042 0.734505
28.0042 0.732182
28 0.734465
28 0.731603
28 0.732324
28 0.7314
28 0.733101
28.0042 0.731945
28.0042 0.736997
28.0042 0.733777
28.0042 0.735155
28.0042 0.732911
28.0042 0.73283
27.9947 0.734874
28.0042 0.734518
28.0042 0.733863
28.0042 0.731604
28.0042 0.734629
28.0042 0.734743
28.0031 0.730598
28.0042 0.731893
28.0042 0.733074
28.0042 0.73506
28.0042 0.730934
28.0042 0.73456
28.0053 0.736503
27.9989 0.733743
28.0053 0.731517
28.0053 0.731919
28.0053 0.732543
28.0053 0.73382
28.0053 0.736401
28.0053 0.730909
28.0053 0.736104
28.0063 0.733841
28.0053 0.733641
28.0053 0.734843
28.0053 0.733642
28.0053 0.733677
28.0053 0.733162
28.0053 0.732833
28.0053 0.731189
28.0053 0.729645
28.0053 0.734883
28.0053 0.732058
28.0053 0.73089
28.0053 0.732655
28.0042 0.734111
28.0053 0.733998
28.0063 0.735948
28.0031 0.734891
28.0053 0.734646
28.0053 0.731129
28.0053 0.731857
28.0053 0.73067
28.0031 0.730376
28.0053 0.731127
28.0053 0.734669
28.0053 0.735435
28.0053 0.733745
28.0053 0.732805
28.0053 0.733677
28.0053 0.73223
28.0053 0.73217
28.0063 0.735726
28.0053 0.732305
28.0053 0.732007
28.0053 0.732971
28.0053 0.734039
28.0063 0.734331
28.0063 0.734948
28.0063 0.733005
28.0053 0.7358
28.0053 0.732102
28.0063 0.734337
28 0.731499
28.0063 0.733267
28.0053 0.732213
28.0063 0.732278
28.0063 0.733075
28.0053 0.733302
28.0063 0.731994
28.0063 0.731899
28.0063 0.73374
28.0063 0.734783
28.0053 0.731523
28.0063 0.735409
28.0063 0.732511
28.0063 0.733042
28.0063 0.734835
28.0063 0.734216
28.0063 0.734974
28.0063 0.734585
28.0063 0.732339
28.0063 0.731382
27.9968 0.731531
27.9979 0.732033
28.0063 0.733955
28.0063 0.733788
28.0063 0.732622
28.0063 0.734062
28.0063 0.73386
28.0063 0.731361
28.0063 0.732842
28.0063 0.734627
28.0063 0.734282
28.0063 0.733182
28.0063 0.73332
28.0063 0.733196
28.0063 0.730593
28.0063 0.734367
28.0063 0.734569
28.0053 0.734632
28.0053 0.736997
27.9989 0.731636
28.0053 0.732047
28.0053 0.734936
28.0063 0.73306
28.0063 0.731876
28.0053 0.734686
28.0063 0.736618
28.0063 0.73726
28.0063 0.732655
28.0063 0.734882
28.0063 0.735828
28 0.732948
28.0063 0.734104
28.0063 0.733489
28.0053 0.731983
28.0063 0.733273
28.0063 0.731713
28.0053 0.731831
28.0053 0.734996
28.0053 0.735016
28.0063 0.732315
28 0.733354
28.0063 0.73343
28.0063 0.732143
28.0063 0.732036
28.0063 0.735289
28.0063 0.732933
28.0063 0.731962
28.0053 0.733406
28 0.732757
28.0084 0.737282
28.0084 0.733567
28.0084 0.733423
28.001 0.731436
28.0053 0.732988
28.0053 0.731745
28.0053 0.734128
28.0031 0.734175
28.0053 0.733465
28.0042 0.732926
28.0053 0.732271
28.0053 0.730077
28.0053 0.732012
28.0053 0.734152
28.0053 0.733063
28.0053 0.731841
28.0053 0.733642
28.0053 0.734104
28.0053 0.731774
28.0053 0.734778
28.001 0.734459
28.0053 0.734018
28.0053 0.733316
28.0053 0.73499
28.0053 0.731948
28.0042 0.733927
27.9926 0.732159
28.0053 0.731903
28.0053 0.732082
28.0095 0.733589
28.0095 0.73529
28.0095 0.729696
28.0053 0.735574
28.0053 0.735678
28.0053 0.732545
28.0053 0.73229
28.0053 0.731848
28.0053 0.733653
28.0053 0.736121
28.0063 0.734695
28.0063 0.738409
28.0063 0.820465
28.0074 0.82754
28.0063 0.828748
28.0063 0.829395
28.0063 0.829025
27.9936 0.828032
28.0063 0.827344
28.0063 0.826248
28.0063 0.826888
28.0063 0.82563
28.0063 0.827188
28.0063 0.827471
28.0063 0.828424
28.0063 0.82742
28.0063 0.82795
28 0.829802
28.0053 0.825929
28.0053 0.826128
28.0053 0.828288
28.0053 0.825513
28.0053 0.823226
28.0053 0.825385
28.0053 0.733015
28.0053 0.734289
28.0053 0.734484
28.0053 0.731054
28.0053 0.734678
28.0053 0.732619
28.0053 0.732345
28.0053 0.732077
28.0053 0.732063
27.9989 0.734126
28.0053 0.733952
28.0053 0.734147
28.0053 0.733718
28.0053 0.734558
28.0053 0.73183
28.0053 0.733257
28.0063 0.732841
28.0063 0.733418
28.0053 0.731727
28.0053 0.73083
28.0053 0.73255
28.0063 0.733625
28.0084 0.733283
28.0084 0.733901
28.0095 0.729969
28.0095 0.735102
28.0095 0.732071
28.0084 0.734105
28.0084 0.735207
28.0095 0.733697
28.0031 0.731933
28.0074 0.732099
28.0074 0.733397
28.0074 0.732429
28.0063 0.732274
28.0063 0.72971
28.0074 0.732368
28.0063 0.731952
28.0063 0.733733
28.0063 0.734786
28.0063 0.732197
28.0063 0.732801
28.0063 0.733036
28.0063 0.731047
28.0063 0.734852
28.0063 0.734468
28.0063 0.733346
28.0063 0.733846
28.0063 0.733175
27.9979 0.73356
28.0063 0.730696
28.0042 0.733732
28.0053 0.731806
28.0053 0.734426
28.0053 0.73456
28.0053 0.734493
28.0053 0.73481
28.0053 0.737832
28.0053 0.736618
28.0053 0.737832
28.0063 0.734008
28.0063 0.734087
28.0063 0.731427
28.0063 0.736469
28.0074 0.731722
28.0074 0.73256
28.0063 0.734922
28.0053 0.727714
28.0053 0.727031
28.0053 0.72401
28.0053 0.727111
28.0053 0.725859
28.001 0.718563
28.0074 0.726054
28.0074 0.725535
28.0074 0.725351
28.0074 0.72595
28.0074 0.725228
28.0074 0.725719
28.0074 0.72666
28.0074 0.725402
28.0074 0.726928
28.0063 0.726584
28.0074 0.718537
28.0074 0.727651
28.0074 0.726176
28.0074 0.726912
28.0074 0.727855
28.0074 0.72657
28.0074 0.724537
28.0063 0.72602
28.0021 0.725899
28.0021 0.726311
28.0074 0.723733
27.9989 0.724261
28.0349 0.724897
27.9788 0.727314
28.0677 0.729167
27.9524 0.72418
27.9524 0.722479
28.0561 0.727943
28.0053 0.727441
28.0063 0.72702
28.0063 0.729114
28.0063 0.727157
28.0063 0.727669
28.0063 0.729022
28.0063 0.724516
28.0063 0.72598
28.0063 0.725547
27.9904 0.727024
28.0063 0.726374
28.0063 0.725389
28.0063 0.725845
28.0063 0.726792
28.0063 0.728086
28.0063 0.733409
28.0063 0.729284
28.0063 0.725381
28.0063 0.724475
28.0063 0.727193
28.0063 0.723762
28.0063 0.726614
28.0063 0.727077
28.0063 0.725232
28.0063 0.725926
28.0063 0.724485
28.0063 0.726165
28.0063 0.72197
28.0053 0.728132
28.0053 0.726566
28.0063 0.726165
28.0063 0.725382
27.9957 0.726039
28.0063 0.726811
28.0053 0.727946
28.0053 0.725357
28.0063 0.725142
28.0063 0.728005
28.0063 0.724616
28.0053 0.72509
28.0063 0.727756
28.0053 0.726352
28.0063 0.725572
28.0053 0.729139
28.0063 0.726858
28.0053 0.725747
28.0063 0.72486
28.0053 0.726073
28.0063 0.727702
28.001 0.727019
28.0053 0.72636
28.0053 0.725926
28.0063 0.72822
28.0053 0.72484
28.0053 0.72587
28.0063 0.725216
28.0063 0.725922
28.0053 0.726251
28.0063 0.725061
28.0053 0.725113
28.0053 0.727484
28.0053 0.727465
28.0031 0.72583
28.0053 0.726811
28.0053 0.726354
28.0053 0.724282
28.0063 0.72528
28.0063 0.724347
28.0063 0.725788
28.0053 0.720063
28.0063 0.725039
27.9957 0.734142
27.9957 0.725332
28.0053 0.727603
28.0063 0.727127
28.0053 0.724516
28.0021 0.72389
28.0053 0.729322
28.0063 0.723548
28.0063 0.726599
28.0063 0.726794
28.0063 0.726381
28.0063 0.725939
28.0063 0.7244
28.0031 0.725568
28.0053 0.72786
28.0063 0.725922
28.0053 0.727897
28.0053 0.725767
27.9989 0.725223
27.9862 0.724685
28.0063 0.729714
28.0053 0.727889
28.0063 0.726201
28.0063 0.726839
28.0063 0.724548
28.0063 0.725327
28.0063 0.725565
28.0063 0.725389
28.0063 0.726414
28.0053 0.72728
28.0053 0.727593
28.0063 0.725899
28.0063 0.727863
28.0063 0.726831
28.0063 0.726614
28.0053 0.729275
28.0053 0.728288
28.0053 0.72529
28.0063 0.727642
28.0063 0.725275
28.0063 0.725382
28.0063 0.72502
28.0063 0.724968
28.0063 0.727475
28.0063 0.726162
28.0063 0.72613
27.9894 0.726393
28.0063 0.726043
28.0063 0.725465
28.0063 0.726093
28.0063 0.726829
28.0053 0.729114
27.9968 0.72681
28.0021 0.726371
28.0063 0.725161
28.0053 0.72676
28.0053 0.726838
28.0063 0.727639
28.0063 0.725653
28.0053 0.724178
28.0063 0.725951
28.0063 0.726505
27.9936 0.724457
28.0053 0.727532
28.0063 0.724963
28.0063 0.725314
28.0063 0.724853
28.0053 0.724751
27.9873 0.725365
28.0053 0.724736
28.0063 0.728907
28.0063 0.727454
28.0053 0.724538
28.0063 0.725665
28.0053 0.723854
28.0063 0.729649
28.0063 0.72854
28.0063 0.724322
28.0063 0.727956
28.0063 0.725832
28.0063 0.727447
28.0063 0.725937
28.0063 0.725519
27.9947 0.727782
27.9873 0.725494
28.0063 0.727055
28.0063 0.727956
28.0063 0.72767
28.0063 0.726662
28.0063 0.727455
28.0063 0.724055
28.0063 0.726126
28.0063 0.724895
28.0063 0.726908
28.0063 0.727621
28.0063 0.727925
28.0063 0.725085
28.0063 0.727658
28.0063 0.726439
28.0063 0.724751
28.0063 0.724635
28.0063 0.727447
28.0063 0.725519
28.0063 0.727232
27.9873 0.724166
27.9809 0.726397
28.0021 0.725399
28.0053 0.724507
28.0063 0.725353
28.0063 0.725751
28.0063 0.72493
28.0063 0.727857
28.0063 0.72486
28.0063 0.725354
28.0063 0.724963
28.0063 0.725579
28.0063 0.725433
28.0063 0.7266
28.0053 0.727223
28.0063 0.725045
28.0063 0.724124
28.0063 0.729939
28.0063 0.727181
28.0063 0.727501
28.0063 0.724782
28.0063 0.726361
28.0063 0.724698
28.0063 0.736364
28.0063 0.727614
28.0063 0.725952
28.0063 0.726992
28.0063 0.725366
27.9926 0.724488
28.0063 0.725208
28.0074 0.725856
28.0063 0.727658
28.0053 0.726962
28.0053 0.729767
28.0053 0.726124
28.001 0.72599
28.0031 0.727494
28.0053 0.725798
28 0.72476
28.0053 0.725066
28.0053 0.725809
28.0053 0.72646
28.0031 0.726487
28.0053 0.723107
28.0053 0.724747
28.0063 0.725033
28 0.7245
28.0053 0.725926
27.9809 0.725886
28.0053 0.724178
28.0053 0.72383
28.0053 0.727205
28.0053 0.727723
27.9873 0.726694
27.9957 0.724431
27.9957 0.724542
27.9883 0.722957
27.9904 0.726087
27.9968 0.726369
27.9979 0.727237
27.9894 0.720818
27.9894 0.72584
27.982 0.72498
27.9904 0.725069
27.9904 0.724418
27.9957 0.72542
28.0053 0.725953
28.0063 0.72392
28.0063 0.727446
28.0053 0.727787
28.0053 0.727455
28.0053 0.725382
28.0053 0.724617
28.0053 0.72786
27.9894 0.726691
27.9809 0.724663
27.9809 0.724913
27.9799 0.72605
27.9915 0.72653
28.0042 0.729101
28.0042 0.723858
28.0053 0.728879
28.0053 0.728546
28.0053 0.730846
28.0053 0.724855
28.0042 0.728901
28.0053 0.726781
28.0053 0.725426
28.0042 0.726404
28.0042 0.726183
28.0042 0.726004
28.0053 0.724187
28.0053 0.723962
28.0053 0.724821
28.0053 0.725467
28.0053 0.725194
28.0063 0.723938
28.0063 0.72505
28.0063 0.724871
28.0063 0.727191
28.0063 0.7273
28.0063 0.727346
28.0063 0.727283
28.0063 0.724815
28.0042 0.726243
28.0063 0.724569
28.0063 0.726507
28.0063 0.725615
28.0063 0.726915
28.0063 0.726502
28.0063 0.725589
28.0063 0.726153
28.0063 0.726367
28.0063 0.726043
28.0063 0.726439
28.0063 0.726662
28.0063 0.726058
28.0063 0.727946
28.0063 0.726812
28.0063 0.727729
28.0063 0.72636
28.0063 0.720704
28.0063 0.725208
28.0063 0.726333
28.0063 0.725876
28.0063 0.726829
28.0063 0.727184
28.0063 0.724986
28.0063 0.727501
28.0063 0.726333
28.0053 0.727705
28.0063 0.726295
28.0042 0.721527
28.0042 0.72584
28.0053 0.725249
28.0042 0.727158
28.0053 0.723985
28.0053 0.72832
28.0031 0.726065
28.0042 0.72718
28.0042 0.727738
28.0042 0.727485
28.0042 0.725518
28.0042 0.725129
28.0042 0.726814
28.0042 0.726381
28.0042 0.726426
28.0042 0.727472
28.0042 0.725079
28.0042 0.725226
28.0042 0.726546
28.0095 0.726501
28.0095 0.727404
28.0095 0.727316
28.0095 0.724735
28.0095 0.728863
28.0095 0.725257
28.0095 0.726532
28.0095 0.727985
28.0084 0.725483
28.0095 0.725394
28.0095 0.725186
28.0095 0.727337
28.0095 0.728045
28.0095 0.726497
28.0095 0.727561
28.0095 0.727609
28.0095 0.726822
28.0095 0.724695
28.0095 0.725904
28.0095 0.728106
28.0095 0.724893
28.0095 0.728838
28.0095 0.727528
28.0095 0.727818
28.0095 0.727968
28.0095 0.7269
28.0095 0.727874
28.0095 0.727069
28.0095 0.725105
28.0095 0.725295
28.0106 0.73058
28.0106 0.726204
28.0095 0.727683
28.0106 0.725391
28.0106 0.726132
28.0084 0.726261
28.0106 0.726711
28.0106 0.727372
28.0106 0.72617
28.0106 0.725348
28.0106 0.725079
28.0106 0.727334
28.0095 0.726584
28.0106 0.726244
28.0106 0.726952
28.0106 0.725929
28.0106 0.727815
28.0095 0.723693
28.0106 0.725511
28.0095 0.728672
28.0095 0.727377
28.0095 0.728617
28.0095 0.726474
28.0095 0.726395
28.0095 0.725685
28.0106 0.726961
28.0084 0.726728
28.0084 0.724996
28.0084 0.726081
28.0074 0.725826
28.0084 0.727244
28.0095 0.726316
28.0095 0.725854
28.0084 0.723012
28.0095 0.729043
28.0084 0.727648
28.0095 0.727993
28.0095 0.725869
28.0106 0.72572
28.0095 0.725372
28.0106 0.726404
28.0106 0.728321
28.0106 0.727694
28.0106 0.727619
28.0106 0.726894
28.0106 0.724711
28.0106 0.726338
28.0095 0.72498
28.0095 0.723752
28.0095 0.726311
28.0106 0.730769
28.0106 0.725468
28.0106 0.727279
28.0106 0.723917
28.0106 0.726722
28.0106 0.72808
28.0106 0.725111
28.0106 0.726114
28.0106 0.726395
28.0106 0.725043
28.0095 0.727494
28.0106 0.725901
28.0106 0.726121
28.0084 0.736997
28.0084 0.724669
28.0084 0.726939
27.9799 0.720499
27.9809 0.722543
27.9809 0.726881
27.9809 0.724663
27.9809 0.722
27.9809 0.723984
27.9809 0.72673
27.9799 0.726212
27.9809 0.728214
27.9799 0.725695
27.9799 0.726812
27.9778 0.726118
27.9799 0.725765
27.9799 0.726462
27.9799 0.72633
27.9799 0.726334
27.9799 0.727443
27.982 0.724192
27.9799 0.724884
27.9809 0.724398
27.982 0.727164
27.982 0.724273
27.9799 0.725703
27.9809 0.725943
27.982 0.727175
27.982 0.724618
27.982 0.72724
27.982 0.72569
27.982 0.727259
27.982 0.724172
27.982 0.724849
27.982 0.727277
27.982 0.72396
27.982 0.726631
27.982 0.726594
27.982 0.725112
27.982 0.727403
27.982 0.724655
27.982 0.726133
27.9799 0.727248
27.982 0.725275
27.982 0.724703
27.982 0.725453
27.982 0.725197
27.982 0.726135
27.982 0.72757
27.982 0.724922
27.982 0.726078
27.982 0.72552
27.9809 0.724895
27.9809 0.724609
27.982 0.726945
27.982 0.725372
27.982 0.726659
27.9809 0.725905
27.982 0.72676
27.982 0.727156
27.9809 0.727884
27.9809 0.727029
27.9809 0.729027
27.9799 0.725535
27.982 0.724276
27.9809 0.723176
27.983 0.72712
27.983 0.724575
27.983 0.725953
27.983 0.724153
27.982 0.724787
27.983 0.722908
27.9809 0.725571
27.9809 0.726788
27.983 0.726903
27.983 0.724726
27.983 0.724137
27.983 0.726217
27.983 0.724497
27.983 0.724443
27.983 0.726841
27.983 0.724505
27.9809 0.722404
27.982 0.726396
27.982 0.72571
27.982 0.7258
27.982 0.726582
27.982 0.724408
27.982 0.723976
27.982 0.726699
27.982 0.724995
27.982 0.726556
27.982 0.724257
27.982 0.725251
27.982 0.725526
27.982 0.725464
27.983 0.727212
27.982 0.72511
27.982 0.724831
27.982 0.724822
27.982 0.725025
27.982 0.726238
27.982 0.724624
27.983 0.725209
27.983 0.726276
27.983 0.724748
27.983 0.725209
27.9809 0.724375
27.9852 0.725065
27.9883 0.725368
27.9883 0.727293
27.9883 0.726395
27.9862 0.725711
27.9883 0.724188
28.0031 0.726321
28.0031 0.727767
28.0031 0.72596
28.0021 0.727759
28.0031 0.725898
27.7834 0.719234
27.7845 0.717395
27.7834 0.719963
27.7855 0.717659
27.7845 0.718145
27.7855 0.718607
27.7845 0.72083
27.7845 0.72303
27.7845 0.722403
27.7845 0.720866
27.7845 0.719436
27.7855 0.718043
27.7845 0.721887
27.7845 0.722094
27.7845 0.717493
27.7855 0.720588
27.7845 0.718803
27.7845 0.719015
27.7824 0.720564
27.7845 0.721858
27.7855 0.722575
27.7845 0.719619
27.7845 0.721178
27.7855 0.723036
27.7845 0.720101
27.7845 0.717517
27.7845 0.72247
27.7845 0.720109
27.7845 0.721746
27.7834 0.719816
27.7845 0.721876
27.7845 0.720474
27.7845 0.72258
27.7845 0.71993
27.7845 0.71953
27.7855 0.719674
27.7855 0.721409
27.7855 0.721727
27.7866 0.718742
27.7866 0.721367
27.7855 0.717653
27.7855 0.720641
27.7855 0.721409
27.7855 0.722291
27.7855 0.721705
27.7855 0.722678
27.7855 0.721691
27.7855 0.719564
27.7855 0.721378
27.7855 0.720751
27.7855 0.719307
27.7855 0.718027
27.7866 0.719923
27.7866 0.720123
27.7866 0.720084
27.7866 0.723019
27.7866 0.718764
27.7866 0.719507
27.7866 0.720443
27.7866 0.721956
27.7866 0.719575
27.7866 0.720123
27.7866 0.722962
27.7866 0.719126
27.7866 0.718924
27.7845 0.723065
27.7855 0.722134
27.7845 0.722527
27.7845 0.720416
27.7845 0.719969
27.7845 0.719265
27.7855 0.720314
27.7845 0.720898
27.7855 0.717145
27.7855 0.721062
27.7855 0.722183
27.7855 0.718761
27.7855 0.719132
27.7855 0.719429
27.7855 0.7205
27.7855 0.720007
27.7855 0.721698
27.7855 0.718891
27.7855 0.720345
27.7855 0.718154
27.7855 0.719622
27.7855 0.718842
27.7855 0.720856
27.7855 0.721956
27.7845 0.72168
27.7855 0.720543
27.7855 0.721607
27.7855 0.719067
27.7855 0.719497
27.7855 0.719837
27.7855 0.721452
27.7855 0.720447
27.7855 0.719335
27.7855 0.719488
27.7855 0.722058
27.7855 0.719804
27.7855 0.719674
27.7855 0.721255
27.7855 0.722608
27.7855 0.719516
27.7855 0.721238
27.7855 0.719119
27.7855 0.719125
27.7855 0.721689
27.7855 0.719764
27.7855 0.719602
27.7855 0.720624
27.7855 0.723214
27.7855 0.720901
27.7855 0.722878
27.7855 0.719126
27.7855 0.717628
27.7855 0.72274
27.7855 0.718802
27.7855 0.72226
27.7855 0.719422
27.7855 0.721159
27.7855 0.721007
27.7855 0.719368
27.7855 0.721149
27.7855 0.721978
27.7855 0.722666
27.7866 0.721288
27.7866 0.722181
27.7855 0.719963
27.7855 0.719303
27.7855 0.720533
27.7866 0.720444
27.7845 0.721645
27.7834 0.718813
27.7855 0.719852
27.7855 0.723206
27.7855 0.718936
27.7855 0.720888
27.7845 0.718777
27.7845 0.720054
27.7845 0.72274
27.9207 0.727174
27.9207 0.7195
27.9207 0.724105
27.9207 0.724979
27.9207 0.723142
27.9196 0.725404
27.9207 0.727161
27.9207 0.727663
27.9207 0.725691
27.9207 0.722842
27.9207 0.723874
27.9196 0.722392
27.9207 0.72234
27.9217 0.725222
27.9217 0.724139
27.9217 0.723548
27.9217 0.724336
27.9207 0.723615
27.9207 0.723791
27.9207 0.723503
27.9735 0.724628
27.9746 0.724601
27.9746 0.730035
27.9746 0.723108
27.9746 0.727371
27.9746 0.725407
27.9746 0.724172
27.9756 0.726879
27.9746 0.725094
27.9746 0.724035
27.9756 0.724386
27.9756 0.724986
27.9746 0.725804
27.9756 0.72334
27.9735 0.726865
27.9746 0.72565
27.9735 0.727364
27.9735 0.728138
27.9746 0.726963
27.9746 0.726648
27.9735 0.727199
27.9746 0.723662
27.9746 0.725203
27.9746 0.725111
27.9746 0.726143
27.9746 0.726867
27.9746 0.727052
27.9746 0.725242
27.9746 0.725242
27.9746 0.724231
27.9746 0.725037
27.9746 0.726896
27.9735 0.721762
27.9735 0.725606
27.9735 0.724956
27.9735 0.726184
27.9735 0.72453
27.9735 0.725945
27.9735 0.725324
27.9735 0.726682
27.9735 0.726171
27.9735 0.725195
27.9735 0.72666
27.9735 0.725789
27.9735 0.723608
27.9735 0.724086
27.9735 0.72605
27.9735 0.724166
27.9735 0.72439
27.9735 0.726271
27.9735 0.724628
27.9735 0.723449
27.9735 0.72718
27.9735 0.725752
27.9735 0.725941
27.9735 0.723838
27.9735 0.723778
27.9735 0.72634
27.9735 0.725707
27.9735 0.725991
27.9735 0.725846
27.9746 0.724857
27.9735 0.726876
27.9735 0.725939
27.9735 0.726466
27.9735 0.727322
27.9735 0.723853
27.9746 0.725424
27.9725 0.726475
27.9735 0.726535
27.9746 0.72439
27.9735 0.726349
27.9746 0.726285
27.9735 0.727953
27.9735 0.724197
27.9746 0.727035
27.9746 0.728126
27.9746 0.727157
27.9746 0.722913
27.9735 0.726793
27.9735 0.725106
27.9735 0.725006
27.9746 0.722571
27.9735 0.726024
27.9746 0.726281
27.9735 0.723143
27.9746 0.725427
27.9746 0.725013
27.9746 0.724298
27.9746 0.725696
27.9714 0.726029
27.9735 0.724823
27.9746 0.726749
27.9746 0.72681
27.9735 0.725202
27.9746 0.726792
27.9746 0.723955
27.9746 0.725965
27.9746 0.72583
27.9746 0.72409
27.9746 0.726764
27.9746 0.725693
27.9746 0.725181
27.9746 0.724059
27.9746 0.727063
27.9746 0.725321
27.9746 0.724669
27.9746 0.724563
27.9746 0.724253
27.9746 0.723269
27.8868 0.725628
27.8879 0.722375
27.8868 0.724045
27.8879 0.723376
27.8879 0.721682
27.8879 0.723973
27.8879 0.723011
27.8879 0.724255
27.9513 0.728472
27.9513 0.729302
27.9513 0.72732
27.9524 0.728734
27.9513 0.729049
27.9513 0.72203
27.9524 0.72613
27.9513 0.721043
27.9524 0.723268
27.9534 0.72428
27.9534 0.72522
27.9534 0.725413
27.9503 0.724435
27.9503 0.72105
27.9503 0.726903
27.9503 0.72673
27.9503 0.72714
27.9503 0.723996
27.9503 0.725643
27.9492 0.724426
27.9492 0.727331
27.9492 0.723183
27.9534 0.723524
27.9534 0.724153
27.9534 0.726684
27.9524 0.727155
27.9661 0.724296
27.9513 0.723411
27.9524 0.724583
27.9513 0.726202
27.9524 0.726459
27.9513 0.723815
27.9524 0.726008
27.9503 0.726011
27.9524 0.725958
27.9439 0.726493
27.9439 0.727474
27.9429 0.723089
27.9429 0.721707
27.9429 0.726501
27.946 0.726469
27.946 0.726567
27.946 0.726655
27.946 0.722974
27.946 0.726817
27.946 0.723409
27.946 0.725935
27.946 0.723358
27.946 0.722955
27.946 0.724515
27.946 0.722935
27.9471 0.723966
27.9471 0.726686
27.9471 0.724497
27.9471 0.72439
27.9471 0.723452
27.9471 0.725479
27.9471 0.724941
27.9471 0.724473
27.945 0.723182
27.945 0.721424
27.9471 0.724213
27.9471 0.723696
27.9471 0.724325
27.9471 0.722634
27.945 0.724895
27.945 0.7251
27.946 0.7255
27.946 0.723021
27.946 0.728022
27.946 0.72686
27.946 0.725333
27.945 0.723573
27.946 0.724347
27.946 0.723021
27.946 0.728349
27.946 0.72588
27.946 0.72517
27.946 0.725469
27.946 0.724523
27.946 0.72403
27.946 0.723998
27.946 0.724737
27.946 0.725232
27.946 0.724635
27.946 0.724053
27.946 0.723361
27.946 0.723927
27.946 0.723669
27.946 0.723401
27.946 0.72323
27.946 0.724048
27.946 0.726104
27.946 0.723554
27.946 0.723401
27.946 0.725403
27.946 0.7232
27.946 0.723693
27.946 0.723804
27.946 0.725551
27.946 0.724843
27.946 0.725853
27.946 0.723763
27.946 0.725275
27.946 0.724981
27.946 0.725349
27.9439 0.72486
27.946 0.725384
27.946 0.724885
27.946 0.722598
27.946 0.723908
27.946 0.723028
27.946 0.728022
27.946 0.726413
27.946 0.723695
27.946 0.72426
27.946 0.726176
27.946 0.726042
27.946 0.726529
27.946 0.723396
27.946 0.727175
27.946 0.722319
27.946 0.725551
27.946 0.724257
27.946 0.722971
27.946 0.726029
27.946 0.725798
27.946 0.723663
27.946 0.725467
27.946 0.723276
27.946 0.725611
27.9471 0.723829
27.9418 0.726073
27.9439 0.723012
27.946 0.723018
27.946 0.725779
27.946 0.724399
27.946 0.723675
27.945 0.724263
27.9545 0.722117
27.9534 0.723054
27.9534 0.725142
27.9534 0.721104
27.9534 0.722442
27.9545 0.724899
27.9545 0.726463
27.9545 0.72335
27.9545 0.724011
27.9545 0.726845
27.9545 0.726369
27.9545 0.727039
27.9545 0.724273
27.9577 0.725618
27.9566 0.726602
27.9524 0.722877
27.9534 0.723818
27.9555 0.723161
27.9545 0.725363
27.9555 0.723833
27.9555 0.725786
27.9555 0.726367
27.9513 0.723682
27.9555 0.724623
27.9555 0.723208
27.9555 0.726378
27.9555 0.727834
27.9555 0.725174
27.9555 0.723886
27.9566 0.722637
27.9566 0.727458
27.9566 0.723129
27.9534 0.726516
27.9534 0.723403
27.9534 0.723331
27.9545 0.726657
27.9534 0.725758
27.9534 0.725174
27.9534 0.722479
27.9534 0.726381
27.9534 0.724249
27.9534 0.724275
27.9545 0.727934
27.9545 0.72651
27.9534 0.726335
27.9534 0.725654
27.9534 0.722514
27.9534 0.72554
27.9534 0.725595
27.9545 0.721372
27.9534 0.726642
27.9534 0.721823
27.9534 0.722691
27.9534 0.727564
27.9534 0.72483
27.9534 0.725942
27.9545 0.72569
27.9545 0.72388
27.9534 0.724919
27.9534 0.725946
27.9534 0.723337
27.9534 0.723205
27.9534 0.725731
27.9545 0.723512
27.9545 0.72179
27.9545 0.723151
27.9545 0.725351
27.9513 0.726387
27.9503 0.725671
27.9534 0.724408
27.9534 0.723156
27.9587 0.723802
27.9587 0.724186
27.9587 0.724053
27.9587 0.72695
27.9587 0.724534
27.9587 0.724711
27.9598 0.726068
27.9587 0.726149
27.9587 0.725492
27.9587 0.725039
27.9587 0.724979
27.9587 0.724897
27.9587 0.724706
27.9587 0.724027
27.9587 0.725253
27.9587 0.724808
27.9587 0.726985
27.9587 0.725772
27.9587 0.724313
27.9587 0.723878
27.9587 0.725619
27.9587 0.724066
27.9545 0.726504
27.9545 0.724265
27.9534 0.725514
27.9534 0.723672
27.9534 0.727266
27.9534 0.72525
27.9534 0.724868
27.9534 0.723641
27.9545 0.724421
27.9534 0.724812
27.9534 0.726195
27.9534 0.724011
27.9534 0.72467
27.9534 0.72597
27.9545 0.724199
27.9545 0.723686
27.9524 0.724402
27.9545 0.72722
27.9545 0.724728
27.9545 0.725001
27.9545 0.725415
27.9545 0.724643
27.9545 0.725667
27.9545 0.723499
27.9545 0.725705
27.9545 0.723405
27.9545 0.724295
27.9545 0.720171
27.9545 0.725582
27.9545 0.724246
27.9545 0.725089
27.9545 0.726022
27.9534 0.729655
27.9534 0.724338
27.9534 0.722842
27.9534 0.722923
27.9534 0.723753
27.9534 0.722801
27.9524 0.725561
27.9534 0.726783
27.7581 0.720713
27.7624 0.721613
27.7624 0.7225
27.7624 0.720293
27.7624 0.719563
27.7624 0.718699
27.7624 0.721278
27.7624 0.716876
27.7645 0.723188
27.7634 0.722255
27.7624 0.721043
27.7624 0.718602
27.7624 0.716603
27.7624 0.719493
27.7624 0.719401
27.7624 0.719944
27.7624 0.720082
27.7624 0.718254
27.7624 0.721299
27.7624 0.721031
27.7624 0.720417
27.7613 0.720961
27.7624 0.718185
27.7624 0.718897
27.7624 0.718401
27.7634 0.721422
27.7634 0.71821
27.7634 0.718916
27.7634 0.720842
27.7634 0.721163
27.7634 0.720127
27.7634 0.720227
27.7613 0.720607
27.7613 0.719053
27.7634 0.72179
27.7634 0.717929
27.7634 0.719535
27.7634 0.717723
27.7645 0.719731
27.7645 0.718086
27.7645 0.719679
27.7645 0.718229
27.7645 0.720929
27.7645 0.72144
27.7655 0.719353
27.7655 0.721057
27.7655 0.719849
27.7655 0.72259
27.7655 0.718982
27.7655 0.720907
27.7655 0.719162
27.7655 0.722945
27.7655 0.718696
27.7655 0.71953
27.7655 0.719983
27.7655 0.719901
27.7655 0.719872
27.7655 0.72015
27.7634 0.71983
27.7634 0.721583
27.7634 0.718752
27.7634 0.719295
27.7634 0.718403
27.7634 0.718592
27.7634 0.720999
27.7634 0.718658
27.7634 0.718712
27.7634 0.719776
27.7634 0.719295
27.7634 0.721434
27.7624 0.721248
27.7634 0.721065
27.7634 0.721687
27.7634 0.720046
27.7634 0.71927
27.7634 0.719066
27.7634 0.719478
27.7634 0.71959
27.7634 0.721066
27.7634 0.717487
27.7634 0.721993
27.7634 0.722711
27.7634 0.719463
27.7634 0.720951
27.7634 0.718388
27.7634 0.719951
27.7634 0.721279
27.7634 0.719494
27.7634 0.717611
27.7634 0.720587
27.7634 0.720486
27.7634 0.720984
27.7929 0.720348
27.7634 0.720924
27.7634 0.719024
27.7624 0.720095
27.7634 0.721257
27.7634 0.721389
27.7634 0.72075
27.7634 0.718062
27.7634 0.720329
27.7634 0.719658
27.7634 0.720889
27.7634 0.721279
27.7634 0.716578
27.7634 0.72133
27.7634 0.720399
27.7634 0.720246
27.7634 0.721349
27.7634 0.721647
27.7634 0.719572
27.7634 0.718611
27.7634 0.720345
27.7634 0.721265
27.7634 0.718698
27.7634 0.721077
27.7634 0.719536
27.7634 0.717722
27.7634 0.720056
27.7634 0.721278
27.7624 0.721252
27.7634 0.72168
27.7634 0.719267
27.7634 0.721464
27.7634 0.720376
27.7634 0.721427
27.7634 0.720365
27.7634 0.71946
27.7634 0.719908
27.7634 0.720093
27.7634 0.720384
27.7634 0.717921
27.7634 0.720853
27.7634 0.719745
27.7634 0.718083
27.7634 0.721991
27.7634 0.720365
27.7634 0.71895
27.7634 0.720545
27.7634 0.721323
27.7634 0.718342
27.7634 0.720574
27.7613 0.718198
27.7624 0.718721
27.7624 0.720341
27.7624 0.721184
27.7613 0.721076
27.7624 0.717831
27.7624 0.718802
27.7624 0.723573
27.7634 0.719393
27.7624 0.717974
27.7634 0.716153
27.7634 0.718834
27.7634 0.721539
27.7634 0.718537
27.7645 0.720466
27.7645 0.721411
27.7645 0.717753
27.7655 0.718376
27.7645 0.720638
27.7645 0.720465
27.7645 0.719651
27.7645 0.718655
27.7645 0.718367
27.7645 0.719199
27.7645 0.720473
27.7645 0.71991
27.7645 0.721625
27.7645 0.719507
27.7655 0.719051
27.7655 0.716584
27.7645 0.71916
27.7655 0.719391
27.7645 0.71832
27.7645 0.720693
27.7645 0.718691
27.7634 0.721118
27.7634 0.721295
27.7634 0.719579
27.7634 0.719676
27.7645 0.719197
27.7645 0.719431
27.7624 0.719729
27.7624 0.722312
27.7624 0.720258
27.7624 0.720558
27.7624 0.718472
27.7624 0.722345
27.7613 0.720706
27.7613 0.719523
27.7613 0.721523
27.7613 0.720944
27.7613 0.721
27.7613 0.717279
27.7613 0.719275
27.7613 0.718562
27.7613 0.720721
27.7613 0.719561
27.7613 0.720111
27.7613 0.718515
27.7613 0.72025
27.7613 0.717827
27.7613 0.722866
27.7613 0.722493
27.7613 0.718874
27.756 0.720094
27.7613 0.719528
27.7613 0.71844
27.7613 0.722457
27.7613 0.718577
27.7613 0.723307
27.7613 0.718517
27.7613 0.721503
27.7613 0.71968
27.7613 0.718284
27.7613 0.721282
27.7613 0.720634
27.7613 0.718805
27.7613 0.72007
27.7613 0.719478
27.7613 0.721588
27.7613 0.718995
27.7613 0.717801
27.7613 0.718206
27.7613 0.716043
27.7624 0.719282
27.7613 0.719497
27.7613 0.720826
27.7624 0.718418
27.7624 0.721372
27.7613 0.720305
27.7613 0.720441
27.7613 0.718506
27.756 0.72156
27.7571 0.718593
27.7613 0.719219
27.7613 0.720166
27.7613 0.719144
27.7613 0.719334
27.7613 0.720187
27.7613 0.719839
27.7613 0.718033
27.7613 0.718481
27.7613 0.722431
27.7613 0.720845
27.7613 0.715469
27.7613 0.719002
27.7613 0.719824
27.7624 0.7214
27.7613 0.71995
27.7624 0.719834
27.7613 0.719987
27.7624 0.721241
27.7624 0.720993
27.7613 0.718618
27.7624 0.719563
27.755 0.71983
27.7624 0.719528
27.7624 0.720562
27.7624 0.720989
27.7624 0.719187
27.7613 0.719066
27.7624 0.717722
27.7613 0.722026
27.7624 0.718421
27.7613 0.721636
27.7613 0.718778
27.7624 0.719116
27.7624 0.720632
27.7624 0.7198
27.7613 0.71962
27.7624 0.71775
27.7613 0.718866
27.7613 0.721392
27.7624 0.721188
27.7624 0.720587
27.7624 0.720373
27.7581 0.722136
27.7624 0.718266
27.7624 0.718717
27.7624 0.718676
27.7624 0.71994
27.7624 0.71936
27.7624 0.719795
27.7624 0.719251
27.7624 0.721051
27.7624 0.721524
27.7624 0.718862
27.7624 0.719125
27.7624 0.719276
27.7624 0.718185
27.7624 0.720155
27.7624 0.718224
27.7624 0.71862
27.7624 0.720728
27.7624 0.718625
27.7624 0.716827
27.7624 0.719528
27.7624 0.717608
27.7624 0.720836
27.7592 0.720277
27.7592 0.719849
27.7592 0.720816
27.7592 0.720342
27.9481 0.725799
27.9471 0.724084
27.9471 0.722826
27.9481 0.726493
27.9471 0.723068
27.9471 0.725551
27.9471 0.725516
27.9481 0.726923
27.9481 0.723419
27.9471 0.725759
27.9481 0.724812
27.9481 0.723616
27.9481 0.723758
27.9471 0.725354
27.9481 0.725866
27.9481 0.723905
27.9471 0.724455
27.9481 0.726105
27.9471 0.724086
27.9481 0.723989
27.9471 0.72563
27.9481 0.723007
27.9481 0.725455
27.9481 0.724796
27.9481 0.723852
27.9481 0.726198
27.9481 0.723202
27.9481 0.723988
27.9481 0.725325
27.9471 0.722015
27.9481 0.726345
27.9481 0.724003
27.9481 0.725508
27.9481 0.726414
27.9481 0.725049
27.9513 0.723013
27.9513 0.726533
27.9503 0.726501
27.9513 0.725289
27.9555 0.726401
27.9555 0.726218
27.9555 0.727322
27.9555 0.724524
27.9555 0.724477
27.9555 0.724055
27.9555 0.724194
27.9555 0.722995
27.9555 0.724703
27.9545 0.722577
27.9555 0.72328
27.9534 0.72588
27.9534 0.725227
27.9534 0.725496
27.9534 0.723209
27.9534 0.72545
27.9545 0.72827
27.9534 0.72192
27.9545 0.724702
27.9534 0.723274
27.9534 0.726713
27.9545 0.726175
27.9545 0.724319
27.9545 0.724788
27.9545 0.723614
27.9534 0.723169
27.9545 0.724967
27.9534 0.725742
27.9534 0.725789
27.9534 0.726427
27.9534 0.724694
27.9534 0.724757
27.9545 0.723598
27.9545 0.722364
27.9534 0.724774
27.9534 0.723276
27.9534 0.727036
27.9534 0.724219
27.9534 0.724275
27.9534 0.726072
27.9534 0.722694
27.9534 0.72746
27.9534 0.723909
27.9534 0.725882
27.9534 0.72386
27.9534 0.723815
27.9534 0.72197
27.9534 0.724381
27.9534 0.726449
27.9534 0.723601
27.9534 0.724898
27.9534 0.725745
27.9534 0.724244
27.9534 0.723794
27.9534 0.726191
27.9534 0.724459
27.9545 0.72023
27.9545 0.72636
27.9545 0.725082
27.9545 0.724728
27.9545 0.725882
27.9545 0.725453
27.9545 0.724165
27.9545 0.724829
27.9545 0.724829
27.9534 0.72535
27.9534 0.725303
27.9534 0.726285
27.9545 0.722926
27.9534 0.724645
27.9545 0.724575
27.9534 0.724425
27.9534 0.724193
27.9534 0.722216
27.9534 0.723439
27.9534 0.724511
27.9524 0.725924
27.9534 0.725862
27.9534 0.72615
27.9534 0.726232
27.9534 0.725568
27.9534 0.726276
27.9534 0.725228
27.9534 0.726459
27.9534 0.723886
27.9534 0.721668
27.9534 0.724873
27.9534 0.727564
27.9534 0.723112
27.9534 0.724334
27.9545 0.724706
27.9534 0.724838
27.9545 0.724255
27.9545 0.723543
27.9545 0.720606
27.9545 0.725624
27.9534 0.723236
27.9534 0.725626
27.9534 0.724374
27.9524 0.72174
27.9534 0.723563
27.9545 0.725666
27.9534 0.724681
27.9534 0.724831
27.9534 0.727926
27.9534 0.725606
27.9534 0.722635
27.9534 0.722436
27.9534 0.722972
27.9534 0.728191
27.9545 0.723477
27.9545 0.724064
27.9524 0.724014
27.9534 0.725971
27.9524 0.723267
27.9524 0.723444
27.9534 0.723556
27.9534 0.725663
27.9524 0.723977
27.9524 0.726577
27.9534 0.723644
27.9524 0.726074
27.9524 0.725552
27.9534 0.726214
27.9534 0.727547
27.9524 0.722806
27.9524 0.723762
27.9524 0.724872
27.9524 0.726484
27.9534 0.724108
27.9524 0.72461
27.9524 0.725583
27.9524 0.725689
27.9524 0.72732
27.9534 0.722635
27.9534 0.724291
27.9534 0.724334
27.9534 0.725568
27.9534 0.725584
27.9534 0.724334
27.9545 0.724019
27.9545 0.725777
27.9545 0.723762
27.9545 0.721491
27.9545 0.726222
27.9545 0.723405
27.9545 0.723798
27.9545 0.723756
27.9545 0.724722
27.9545 0.725365
27.9545 0.724802
27.9545 0.726113
27.9545 0.725269
27.9545 0.723531
27.9545 0.723764
27.9545 0.724115
27.9545 0.726294
27.9545 0.726011
27.9545 0.726223
27.9545 0.725153
27.9545 0.725112
27.9555 0.725851
27.9555 0.724707
27.9555 0.726346
27.9555 0.723193
27.9555 0.72451
27.9555 0.724382
27.9555 0.723678
27.9555 0.724245
27.9545 0.726376
27.9545 0.724706
27.9555 0.724961
27.9555 0.724429
27.9555 0.724483
27.9555 0.72634
27.9555 0.726398
27.9555 0.72627
27.9555 0.725728
27.9555 0.72618
27.9555 0.724108
27.9555 0.72631
27.9555 0.721781
27.9555 0.722699
27.9555 0.723543
27.9555 0.72519
27.9555 0.723749
27.9555 0.723599
27.9555 0.725906
27.9555 0.724955
27.9555 0.724322
27.9555 0.725402
27.9555 0.725319
27.9555 0.724497
27.9555 0.723368
27.9555 0.725094
27.9566 0.724314
27.9555 0.724756
27.9555 0.72679
27.9555 0.725264
27.9555 0.725402
27.9555 0.725551
27.9555 0.725668
27.9555 0.723374
27.9545 0.7249
27.9555 0.724963
27.9555 0.725618
27.9555 0.722873
27.9555 0.726823
27.9545 0.72434
27.9555 0.726467
27.9545 0.723909
27.9545 0.722388
27.9534 0.723193
27.9534 0.725584
27.9524 0.727993
27.9534 0.723202
27.9534 0.725287
27.9534 0.726576
27.9534 0.725087
27.9545 0.727418
27.9545 0.72279
27.9534 0.72323
27.9534 0.724187
27.9534 0.723709
27.9545 0.726767
27.9534 0.725692
27.9524 0.72396
27.9534 0.724551
27.9534 0.723316
27.9534 0.724912
27.9534 0.72668
27.9534 0.72211
27.9534 0.724359
27.9534 0.72333
27.9534 0.72438
27.9534 0.726252
27.9534 0.72456
27.9534 0.726291
27.9534 0.725216
27.9534 0.723363
27.9534 0.726454
27.9534 0.726439
27.9545 0.724852
27.9545 0.726158
27.9545 0.725698
27.9534 0.726473
27.9577 0.723172
27.9577 0.724793
27.9577 0.72439
27.9577 0.726671
27.9566 0.725297
27.9566 0.724816
27.9566 0.726434
27.9566 0.723887
27.9566 0.723704
27.9534 0.723341
27.9534 0.723661
27.9545 0.727253
27.9555 0.725267
27.9545 0.725278
27.9545 0.724071
27.9545 0.726167
27.9545 0.723563
27.9545 0.725299
27.9545 0.724968
27.9545 0.725172
27.9545 0.725779
27.9545 0.725555
27.9545 0.7254
27.9555 0.719854
27.9555 0.725195
27.9555 0.725229
27.9555 0.725065
27.9555 0.72394
27.9545 0.723395
27.9566 0.723545
27.9566 0.72635
27.9545 0.725562
27.9555 0.725753
27.9555 0.724638
27.9555 0.726841
27.9555 0.724637
27.9555 0.724978
27.9555 0.723858
27.9534 0.721684
27.9534 0.72289
27.9534 0.724073
27.9545 0.724265
27.9534 0.726676
27.9545 0.726043
27.9545 0.725361
27.9545 0.726265
27.9545 0.721517
27.9545 0.723852
27.9545 0.724841
27.9555 0.723476
27.9555 0.726378
27.9534 0.724722
27.9534 0.725343
27.9545 0.72734
27.9555 0.723357
27.9545 0.726846
27.9545 0.724924
27.9555 0.726232
27.9545 0.726667
27.9555 0.724882
27.9545 0.723396
27.9555 0.723729
27.9545 0.726202
27.9555 0.7229
27.9555 0.725959
27.9566 0.725426
27.9566 0.724868
27.9566 0.723772
27.9555 0.725534
27.9566 0.723707
27.9566 0.724633
27.9534 0.72587
27.9534 0.724454
27.9534 0.724642
27.9534 0.722768
27.9534 0.722427
27.9534 0.725549
27.9534 0.724086
27.9534 0.724119
27.9534 0.725312
27.9534 0.726427
27.9534 0.725598
27.9534 0.726484
27.9524 0.724453
27.9524 0.725868
27.9524 0.72587
27.9534 0.72786
27.9524 0.725028
27.9524 0.726678
27.9534 0.723312
27.9577 0.725032
27.9545 0.724008
27.9545 0.725914
27.9545 0.726078
27.9545 0.726222
27.9545 0.724483
27.9545 0.723762
27.9545 0.724773
27.9545 0.723906
27.9545 0.723929
27.9545 0.723672
27.9545 0.72656
27.9545 0.726226
27.9545 0.724185
27.9545 0.72574
27.9545 0.72477
27.9545 0.724525
27.9545 0.724982
27.9545 0.724871
27.9545 0.723247
27.9545 0.724882
27.9545 0.725351
27.9545 0.723861
27.9545 0.725297
27.9545 0.72483
27.9545 0.724246
27.9545 0.726404
27.9545 0.724084
27.9545 0.72602
27.9545 0.724571
27.9545 0.725176
27.9545 0.723844
27.9545 0.725211
27.9545 0.723723
27.9545 0.724121
27.9545 0.725856
27.9545 0.725777
27.9545 0.724147
27.9545 0.724227
27.9545 0.7268
27.9545 0.725867
27.9545 0.724525
27.9545 0.724483
27.9545 0.726172
27.9545 0.723125
27.9545 0.724994
27.9545 0.724639
27.9545 0.724383
27.9545 0.723482
27.9545 0.725739
27.9524 0.726965
27.9534 0.726608
27.9534 0.725228
27.9534 0.723635
27.9534 0.725157
27.9534 0.727171
27.9534 0.72605
27.9534 0.726454
27.9534 0.72528
27.9534 0.723911
27.9534 0.725356
27.9545 0.725374
27.9545 0.725759
27.9577 0.726891
27.9577 0.724411
27.9577 0.726918
27.9577 0.725441
27.9577 0.724237
27.9577 0.725774
27.9534 0.724813
27.9534 0.723692
27.9534 0.727135
27.9534 0.725806
27.9534 0.72551
27.9534 0.723405
27.9534 0.724257
27.9534 0.725443
27.9534 0.725742
27.9534 0.723684
27.9534 0.72449
27.9534 0.727004
27.9534 0.724089
27.9534 0.726104
27.9534 0.726138
27.9534 0.724202
27.9534 0.72349
27.9534 0.724081
27.9534 0.724542
27.9534 0.725077
27.9534 0.725039
27.9534 0.726406
27.9534 0.724172
27.9534 0.725716
27.9534 0.723726
27.9534 0.723908
27.9534 0.723424
27.9534 0.725159
27.9534 0.72814
27.9534 0.724134
27.9534 0.724822
27.9534 0.726964
27.9534 0.72367
27.9545 0.725453
27.9545 0.725388
27.9545 0.724497
27.9545 0.726658
27.9534 0.725237
27.9545 0.724827
27.9534 0.724694
27.9534 0.722842
27.9534 0.725448
27.9534 0.725977
27.9534 0.725087
27.9534 0.725202
27.9545 0.723063
27.9545 0.725821
27.9545 0.723853
27.9534 0.723673
27.7592 0.721482
27.7592 0.719114
27.7592 0.717853
27.7592 0.719129
27.7592 0.720134
27.7592 0.718915
27.7592 0.721812
27.7592 0.718334
27.7592 0.71999
27.7592 0.717362
27.7592 0.719532
27.7592 0.72052
27.7592 0.721205
27.7592 0.719503
27.7592 0.719343
27.7592 0.720706
27.7592 0.717853
27.7592 0.720399
27.7592 0.720604
27.7592 0.718222
27.7592 0.717461
27.7603 0.720099
27.7592 0.721466
27.7592 0.717239
27.7603 0.718669
27.7592 0.72006
27.7592 0.720439
27.7592 0.718752
27.7592 0.720577
27.7592 0.721548
27.7592 0.718713
27.7592 0.719738
27.7634 0.721057
27.7634 0.719602
27.7634 0.721159
27.7634 0.717462
27.7634 0.720014
27.7634 0.721368
27.7634 0.7217
27.7634 0.718616
27.7634 0.720484
27.7634 0.718347
27.7613 0.720156
27.7603 0.720323
27.7603 0.719093
27.7613 0.722339
27.7603 0.721436
27.7603 0.720086
27.7603 0.72254
27.7603 0.720399
27.7613 0.718311
27.7603 0.719714
27.7603 0.721107
27.7603 0.71925
27.7603 0.717611
27.7603 0.718736
27.7603 0.720405
27.7603 0.720974
27.7603 0.718587
27.7603 0.718874
27.7603 0.719302
27.7603 0.720803
27.7603 0.718082
27.7603 0.720244
27.7603 0.722838
27.7603 0.721746
27.7603 0.719089
27.7603 0.71897
27.7603 0.719794
27.7603 0.721231
27.7603 0.718526
27.7603 0.719631
27.7603 0.719758
27.7603 0.721324
27.7603 0.719525
27.7603 0.719585
27.7603 0.721487
27.7603 0.721462
27.7603 0.719362
27.7603 0.720086
27.7603 0.719559
27.7603 0.719677
27.7603 0.720485
27.7603 0.721403
27.7603 0.718961
27.7603 0.719128
27.7603 0.71863
27.7603 0.720449
27.7603 0.718557
27.7603 0.723482
27.7603 0.719684
27.7603 0.720282
27.7603 0.720526
27.7603 0.719888
27.7603 0.718554
27.7603 0.721059
27.7603 0.722181
27.7603 0.7189
27.7603 0.720554
27.7603 0.718995
27.7603 0.721021
27.7613 0.719846
27.7603 0.718443
27.7613 0.720566
27.7613 0.716785
27.7613 0.720897
27.7613 0.720989
27.7613 0.718307
27.7613 0.71916
27.7613 0.720426
27.7613 0.719116
27.7613 0.72101
27.7603 0.716656
27.7603 0.721147
27.7613 0.72083
27.7613 0.721845
27.7613 0.720658
27.7613 0.719087
27.7603 0.721205
27.7603 0.718966
27.7603 0.718642
27.7603 0.720502
27.7603 0.718468
27.7603 0.723153
27.7603 0.722217
27.7603 0.719096
27.7624 0.718511
27.7613 0.721295
27.7613 0.719866
27.7613 0.72017
27.7624 0.72111
27.7613 0.71966
27.7613 0.721204
27.7613 0.71746
27.7613 0.719002
27.7613 0.718938
27.7613 0.718077
27.7613 0.717807
27.7613 0.721948
27.7613 0.722308
27.7613 0.722261
27.7613 0.71955
27.7613 0.718014
27.7613 0.72084
27.7613 0.723855
27.7613 0.722181
27.7613 0.718687
27.7613 0.721628
26.7868 0.697957
26.7879 0.700492
26.7858 0.700093
26.7858 0.697795
26.7858 0.705282
26.7858 0.69684
26.7858 0.70477
26.7858 0.702077
26.7889 0.702821
26.7889 0.70234
26.7889 0.701193
26.7889 0.700012
26.7889 0.703315
26.7889 0.703587
26.7889 0.704348
26.7889 0.700232
26.7889 0.698346
26.7889 0.700365
26.7889 0.701373
26.7889 0.704545
26.7889 0.700062
26.7889 0.70065
26.7889 0.703083
26.7889 0.703666
26.7889 0.699407
26.7899 0.701359
26.7899 0.703688
26.7899 0.702884
26.7899 0.702273
26.7899 0.700272
26.7899 0.696316
26.8086 0.699326
26.8034 0.699912
26.8086 0.701071
26.8127 0.700626
26.8127 0.702091
26.8138 0.700857
26.8138 0.703839
26.8138 0.701261
26.8138 0.700189
26.8138 0.6995
26.8138 0.700658
26.8138 0.703036
26.8127 0.700147
26.8127 0.704222
26.8138 0.705127
26.8075 0.703402
26.8138 0.701177
26.8138 0.701844
26.8138 0.707261
26.8096 0.701582
26.8106 0.705096
26.8106 0.69838
26.8117 0.700091
26.8117 0.700852
26.8117 0.700962
26.8106 0.701286
26.8127 0.700244
26.8127 0.704631
26.8127 0.699051
26.8127 0.701005
26.8127 0.70223
26.8127 0.703753
26.8127 0.704514
26.8127 0.701302
26.8127 0.701349
26.8127 0.70043
26.8303 0.702698
26.8303 0.702631
26.8303 0.703606
26.8303 0.701684
26.8303 0.703569
26.8324 0.704458
26.8324 0.702836
26.8324 0.701533
26.8334 0.701251
26.8283 0.701538
26.8293 0.702698
26.8293 0.701242
26.8283 0.704423
26.8283 0.702249
26.8283 0.702586
26.8283 0.702337
26.8283 0.70126
26.8272 0.702155
26.8283 0.701653
26.8283 0.701159
26.8283 0.700147
26.8283 0.702825
26.8283 0.702602
26.8283 0.702402
26.8283 0.700668
26.8272 0.704401
26.8272 0.702079
26.8272 0.701706
26.8272 0.70567
26.8272 0.702077
26.8272 0.703173
26.8272 0.703741
26.8283 0.702123
26.8272 0.703736
26.8283 0.70364
26.8283 0.703468
26.8283 0.698763
26.8283 0.70114
26.8283 0.700879
26.8293 0.701701
26.8283 0.701758
26.8283 0.702694
26.8283 0.70228
26.8283 0.704095
26.6793 0.696842
26.6793 0.696379
26.6793 0.696069
26.6793 0.700321
26.6793 0.695711
26.6793 0.69767
26.6803 0.697938
26.6803 0.695518
26.6803 0.699053
26.6803 0.699605
26.6803 0.700354
26.6803 0.698625
26.6803 0.698806
26.6803 0.700775
26.6803 0.700547
26.8272 0.704104
26.8272 0.70213
26.8283 0.701744
26.8272 0.703144
26.8283 0.701373
26.8283 0.701152
26.8283 0.704428
26.8283 0.705856
26.8283 0.701153
26.8283 0.704449
26.8272 0.70235
26.8272 0.702261
26.8272 0.702411
26.8272 0.702684
26.8272 0.702264
26.8272 0.700262
26.8272 0.699778
26.8272 0.70137
26.8272 0.704088
26.8272 0.700739
26.8272 0.703042
26.8272 0.700777
26.8272 0.701391
26.8272 0.701408
26.8272 0.701703
26.8283 0.70641
26.8283 0.706475
26.8283 0.701857
26.8272 0.701388
26.8272 0.701338
26.8272 0.700666
26.8272 0.702202
26.8272 0.7033
26.8272 0.699197
26.8272 0.701056
26.8272 0.703421
26.8272 0.703905
26.8272 0.703999
26.8272 0.704452
26.8272 0.70099
26.8272 0.703186
26.8272 0.701337
26.8272 0.704501
26.8272 0.703956
26.8272 0.702882
26.8283 0.703052
26.8283 0.705798
26.8283 0.700674
26.8283 0.704397
26.8283 0.700686
26.8283 0.705486
26.8283 0.704673
26.8283 0.700791
26.8283 0.701997
26.8283 0.700962
26.8283 0.701257
26.8272 0.70271
26.8283 0.703707
26.8283 0.700872
26.8283 0.704088
26.8272 0.703499
26.6772 0.69869
26.6772 0.698242
26.6783 0.698791
26.6783 0.700062
26.6783 0.697001
26.6783 0.702175
26.6783 0.696893
26.6783 0.700508
26.8251 0.7027
26.8262 0.702406
26.8262 0.70267
26.8272 0.702002
26.8283 0.704417
26.8283 0.703152
26.8283 0.701276
26.8272 0.70464
26.8272 0.700794
26.8272 0.703513
26.8272 0.703094
26.8272 0.704184
26.8272 0.701827
26.8283 0.705313
26.8283 0.702247
26.8283 0.704526
26.8283 0.70307
26.8283 0.704383
26.8293 0.703746
26.8293 0.703296
26.8293 0.701701
26.8293 0.70306
26.8293 0.702968
26.8293 0.701023
26.8293 0.703752
26.8293 0.704201
26.8293 0.700952
26.8293 0.702617
26.8293 0.701182
26.8293 0.703894
26.8293 0.700247
26.8272 0.701029
26.8272 0.702732
26.8272 0.702182
26.8272 0.703649
26.8283 0.701733
26.8272 0.701143
26.8262 0.700171
26.8262 0.70211
26.8262 0.702497
26.8262 0.704217
26.8251 0.702807
26.8231 0.702163
26.8231 0.701362
26.8231 0.702621
26.8231 0.701636
26.822 0.70414
26.822 0.701819
26.9299 0.70737
26.7641 0.70169
26.8998 0.704443
26.7858 0.703057
26.8676 0.705021
26.8055 0.700665
26.6783 0.697307
26.6752 0.697659
26.6752 0.69988
26.6762 0.698478
26.6762 0.69716
26.6752 0.69877
26.6752 0.700531
26.6762 0.697126
26.6762 0.698375
26.6762 0.697785
26.6752 0.696809
26.8241 0.70455
26.8241 0.701231
26.8241 0.700795
26.8241 0.70264
26.8241 0.699417
26.8241 0.701675
26.8241 0.70131
26.8262 0.700574
26.8231 0.704088
26.8251 0.70123
26.8241 0.701969
26.8231 0.703506
26.8241 0.702704
26.8241 0.70352
26.8241 0.702742
26.8231 0.703789
26.8241 0.702163
26.8241 0.703178
26.8241 0.698996
26.8241 0.703747
26.8241 0.701491
26.8241 0.702223
26.8241 0.702169
26.8241 0.703751
26.8251 0.70232
26.8241 0.703733
26.8241 0.70419
26.8251 0.704985
26.8251 0.702069
26.8241 0.702196
26.8251 0.703684
26.8251 0.70445
26.8251 0.697918
26.8251 0.703204
26.8251 0.702328
26.8251 0.701561
26.8251 0.704353
26.8251 0.701407
26.8251 0.702919
26.8251 0.700686
26.8251 0.70233
26.8251 0.703043
26.8251 0.704363
26.8251 0.703922
26.8251 0.702959
26.8251 0.702313
26.8251 0.703165
26.8251 0.701862
26.8251 0.702801
26.8251 0.704631
26.8251 0.701346
26.8262 0.703432
26.8251 0.701925
26.6741 0.702459
26.6752 0.698826
26.9299 0.704708
26.763 0.702512
26.8987 0.7028
26.7848 0.703119
26.8469 0.704523
26.8666 0.703477
26.8044 0.700155
26.8469 0.705333
26.8262 0.701427
26.6741 0.700059
26.6752 0.698297
26.6752 0.697869
26.6752 0.698094
26.6752 0.698834
26.6752 0.69775
26.8262 0.702108
26.8262 0.702564
26.8272 0.702747
26.8262 0.704299
26.8272 0.702556
26.8262 0.702375
26.8272 0.700963
26.8272 0.702471
26.8272 0.704093
26.8272 0.700674
26.8272 0.704449
26.8272 0.704514
26.8272 0.702671
26.8272 0.700971
26.8272 0.702864
26.8272 0.702139
26.8272 0.703038
26.8272 0.703588
26.8272 0.701944
26.8272 0.703819
26.8272 0.703772
26.8272 0.704029
26.8272 0.70394
26.8272 0.703083
26.8283 0.701973
26.8272 0.699409
26.8262 0.701655
26.8272 0.703463
26.8272 0.702993
26.8272 0.701557
26.8272 0.704417
26.8272 0.701418
26.8272 0.701488
26.8283 0.701116
26.8272 0.704267
26.8272 0.702718
26.8272 0.704019
26.8272 0.701199
26.8272 0.702075
26.8283 0.701318
26.8272 0.699114
26.8283 0.703425
26.8283 0.702142
26.8272 0.703181
26.8272 0.701529
26.8272 0.699671
26.8272 0.703265
26.8272 0.703491
26.8272 0.703255
26.8272 0.70389
26.8272 0.701612
26.8283 0.701128
26.8283 0.701461
26.8283 0.702421
26.8055 0.700221
26.8562 0.702669
26.9403 0.706081
26.7527 0.700336
26.9185 0.707617
26.7734 0.702514
26.8884 0.702691
26.8044 0.699799
26.8272 0.701955
26.6741 0.700825
26.6741 0.698489
26.6741 0.69698
26.6741 0.699103
26.6741 0.69962
26.8262 0.701547
26.8251 0.703873
26.8251 0.703693
26.8251 0.702143
26.8262 0.70057
26.8251 0.700692
26.8251 0.701922
26.8251 0.704213
26.8251 0.70057
26.8262 0.702279
26.8262 0.702955
26.8262 0.700823
26.8262 0.703156
26.8262 0.701805
26.8262 0.704603
26.8262 0.700901
26.8262 0.700626
26.8251 0.703251
26.8251 0.701166
26.8262 0.704115
26.8251 0.701461
26.8251 0.700881
26.8251 0.701457
26.8262 0.704999
26.8251 0.70317
26.8262 0.704365
26.8262 0.701404
26.8262 0.703958
26.8262 0.701776
26.8262 0.702082
26.8262 0.702288
26.8262 0.702215
26.8262 0.703718
26.8262 0.700759
26.8262 0.702988
26.8272 0.701615
26.8272 0.703261
26.8272 0.700654
26.8272 0.702235
26.8272 0.704057
26.8272 0.701708
26.8272 0.702864
26.8283 0.705397
26.8272 0.699409
26.8283 0.701276
26.8272 0.711462
26.8272 0.698235
26.8283 0.702494
26.8283 0.70359
26.8272 0.700903
26.8272 0.704093
26.8272 0.70178
26.8283 0.7
26.8262 0.704216
26.8262 0.702892
26.8272 0.704034
26.8272 0.700755
26.8272 0.70327
26.8272 0.700754
26.8272 0.703391
26.8272 0.702558
26.8044 0.701617
26.8573 0.70158
26.9403 0.70589
26.7537 0.701532
26.9133 0.703896
26.8884 0.705575
26.8044 0.699895
26.7755 0.699001
26.6752 0.696997
26.6752 0.698477
26.6752 0.696194
26.6752 0.699218
26.6752 0.699851
26.6752 0.697529
26.6752 0.69827
26.6752 0.69687
26.6752 0.700287
26.6752 0.698548
26.6762 0.699311
26.6752 0.698826
26.6762 0.699418
26.6762 0.696641
26.8262 0.700833
26.8262 0.705528
26.8262 0.700435
26.8262 0.703947
26.8262 0.70302
26.8262 0.704939
26.8272 0.700429
26.8272 0.701904
26.8272 0.700556
26.8272 0.703512
26.8272 0.704391
26.8272 0.701652
26.8272 0.704406
26.8283 0.702211
26.8283 0.701815
26.8283 0.704719
26.8272 0.703472
26.8272 0.703254
26.8272 0.702575
26.8272 0.701888
26.8272 0.703574
26.8272 0.7039
26.8272 0.701027
26.8272 0.701752
26.8272 0.701592
26.8272 0.704193
26.8272 0.702577
26.8272 0.704765
26.8272 0.699117
26.8272 0.701429
26.8272 0.703837
26.8272 0.703777
26.8272 0.702496
26.8272 0.705205
26.8272 0.703448
26.8272 0.70161
26.8272 0.703419
26.8272 0.702272
26.8272 0.702662
26.8272 0.704005
26.8272 0.70391
26.8272 0.702496
26.8272 0.703395
26.8272 0.702971
26.8272 0.703395
26.8272 0.702508
26.8272 0.702045
26.8272 0.701658
26.8262 0.70157
26.8272 0.698868
26.8272 0.705453
26.8272 0.700607
26.8272 0.70364
26.8272 0.703798
26.8272 0.704232
26.8272 0.702135
26.8055 0.70234
26.9413 0.707193
26.7734 0.699844
26.8573 0.704488
26.7537 0.699298
26.8873 0.706125
26.9205 0.707412
26.8055 0.700752
26.9413 0.704254
26.7755 0.700075
26.8573 0.7038
26.7548 0.700711
26.8894 0.703131
26.9205 0.704767
26.8055 0.704836
26.9413 0.706943
26.7734 0.702106
26.8573 0.701001
26.7537 0.701243
26.8894 0.703498
26.9195 0.706642
26.8055 0.700435
27.0369 0.70585
27.0369 0.706596
27.0369 0.709235
27.0369 0.707034
27.0369 0.707082
27.0369 0.709663
27.0369 0.70737
27.0369 0.70696
26.8251 0.704785
26.8262 0.70307
26.8262 0.702949
26.6783 0.69896
26.6793 0.699832
26.6793 0.69936
26.6793 0.697317
26.6793 0.699833
26.6793 0.696833
26.6793 0.695904
26.6793 0.697796
26.6793 0.699758
26.6793 0.696752
26.6793 0.698155
26.6793 0.69699
26.6803 0.697847
26.6803 0.698632
26.8262 0.703902
26.8262 0.702897
26.8262 0.704511
26.8262 0.70123
26.8262 0.70357
26.8262 0.701422
26.8262 0.703513
26.8262 0.702924
26.8262 0.703495
26.8262 0.703584
26.8272 0.702382
26.8262 0.701567
26.8262 0.703643
26.8262 0.701567
26.8262 0.702108
26.8262 0.703699
26.8272 0.700435
26.8272 0.702905
26.8272 0.702333
26.8272 0.70167
26.8272 0.704155
26.8272 0.70215
26.8272 0.701071
26.8272 0.700962
26.8272 0.70475
26.8272 0.703266
26.8283 0.702573
26.8272 0.704637
26.8272 0.704212
26.8272 0.702483
26.8272 0.703342
26.8272 0.705388
26.8272 0.701458
26.8272 0.703327
26.8272 0.704316
26.8272 0.702545
26.8283 0.704305
26.8283 0.702127
26.8283 0.70388
26.8283 0.704349
26.8272 0.700966
26.8283 0.699898
26.8283 0.704694
26.8283 0.70229
26.8283 0.703182
26.8272 0.701096
26.8272 0.704435
26.8272 0.69994
26.8283 0.70452
26.8283 0.704622
26.8272 0.701944
26.8283 0.700926
26.8272 0.701698
26.8272 0.700447
26.8283 0.701355
26.8283 0.702804
26.8241 0.703442
26.8231 0.703285
26.8231 0.701997
26.8283 0.702136
26.8241 0.699461
26.8241 0.699784
26.8241 0.701276
26.8283 0.702876
26.8231 0.70433
26.8231 0.701391
26.8241 0.701006
26.8231 0.702408
26.8231 0.702261
26.8231 0.703744
26.8241 0.707409
26.822 0.70085
26.8231 0.70408
26.8231 0.703544
26.8231 0.70095
26.8272 0.702414
26.8231 0.703613
26.8231 0.703814
26.8231 0.70068
26.8231 0.700922
26.8231 0.702612
26.8231 0.704033
26.8231 0.700903
26.8231 0.703674
26.8231 0.702036
26.8231 0.704177
26.8314 0.701078
26.822 0.701331
26.822 0.701794
26.8231 0.703483
26.8231 0.703766
26.8231 0.703176
26.8231 0.70362
26.8231 0.700684
26.8231 0.703646
26.8231 0.702901
26.8231 0.700862
26.8231 0.701242
26.8013 0.701149
26.9392 0.70445
26.7703 0.699729
26.8542 0.701623
26.7537 0.698433
26.8832 0.706637
26.9195 0.70642
26.7993 0.701545
26.9299 0.704225
26.763 0.70129
26.8987 0.703916
26.7837 0.696765
26.7837 0.700862
26.6783 0.700284
26.6783 0.69759
26.6783 0.69975
26.6783 0.696826
26.6783 0.698149
26.6783 0.697281
26.6731 0.69961
26.6783 0.699586
26.6783 0.697983
26.6783 0.697598
26.6783 0.700695
26.6783 0.698743
26.6783 0.698424
26.6783 0.699906
26.6783 0.699322
26.6783 0.702671
26.6783 0.698812
26.6783 0.697362
26.822 0.701475
26.822 0.70152
26.822 0.702286
26.8231 0.702771
26.8231 0.704899
26.822 0.702229
26.8231 0.704067
26.8231 0.703558
26.8231 0.704121
26.8231 0.70146
26.822 0.702201
26.8231 0.700922
26.8231 0.704278
26.8231 0.703508
26.822 0.700986
26.8231 0.700802
26.822 0.702066
26.8231 0.701282
26.8231 0.701971
26.8231 0.701078
26.8231 0.702109
26.8231 0.703514
26.8231 0.700885
26.8231 0.702801
26.8231 0.703876
26.8231 0.702015
26.821 0.700634
26.821 0.703772
26.821 0.700907
26.821 0.697732
26.822 0.703784
26.821 0.702481
26.822 0.702994
26.822 0.701429
26.822 0.701947
26.822 0.703263
26.822 0.702994
26.822 0.702267
26.822 0.701271
26.822 0.703308
26.822 0.701699
26.822 0.703057
26.822 0.700509
26.822 0.703034
26.822 0.701184
26.822 0.703618
26.6783 0.698358
22.3615 0.584277
22.3615 0.587319
22.3615 0.582924
22.3615 0.588314
26.8003 0.702847
26.9413 0.705751
26.7755 0.70002
26.7755 0.701317
26.8573 0.702161
26.7537 0.702419
26.8884 0.701989
26.9185 0.705756
26.7993 0.702484
26.6772 0.698359
26.6783 0.700405
26.6772 0.689121
26.6783 0.707518
26.6772 0.699294
26.6772 0.699266
26.6772 0.699909
26.821 0.702261
26.822 0.70355
26.822 0.701041
26.822 0.70394
26.822 0.702914
26.822 0.704097
26.822 0.701225
26.822 0.703881
26.822 0.702699
26.822 0.701225
26.8231 0.703278
26.8231 0.70482
26.8231 0.704173
26.8231 0.701609
26.8231 0.703549
26.822 0.704179
26.822 0.700785
26.8231 0.703389
26.822 0.702719
26.822 0.700458
26.822 0.702538
26.8231 0.703993
26.822 0.703576
26.8231 0.702853
26.8231 0.702401
26.8231 0.702347
26.8231 0.703302
26.8231 0.705418
26.8231 0.701196
26.8231 0.703789
26.8231 0.701784
26.8231 0.70261
26.8231 0.702224
26.8241 0.701413
26.8231 0.70127
26.8231 0.703008
26.8231 0.701827
26.8231 0.704067
26.8231 0.705089
26.8231 0.706952
26.8231 0.703856
26.8231 0.704954
26.8231 0.702182
26.8231 0.703967
26.8231 0.703134
26.8231 0.701459
26.8231 0.703107
26.8231 0.701101
26.8231 0.701728
26.8231 0.702309
26.8231 0.704599
26.8241 0.700387
26.8241 0.704136
22.3426 0.58569
22.3436 0.583082
22.4486 0.590535
22.3247 0.585796
22.3909 0.586115
22.2992 0.584996
22.4098 0.586367
22.4098 0.588818
22.4297 0.587976
22.3426 0.587834
22.3615 0.585267
22.3738 0.588244
22.3738 0.586883
22.3748 0.585038
22.3748 0.58705
22.3748 0.586768
22.3748 0.586632
22.3738 0.585747
26.821 0.700535
26.822 0.701963
26.822 0.703576
26.822 0.703854
26.822 0.701311
26.8262 0.70349
26.8262 0.703048
26.8283 0.703083
26.8283 0.703774
26.8283 0.703871
26.8283 0.701551
26.8293 0.701306
26.8293 0.704125
26.8283 0.703063
26.8283 0.702176
26.8283 0.701508
26.8283 0.70426
26.8293 0.700262
26.8283 0.701308
26.8283 0.70324
26.8283 0.704244
26.8283 0.700355
26.8283 0.701213
26.8283 0.701658
26.8283 0.702871
26.8283 0.702071
26.8283 0.702072
26.8283 0.702677
26.8283 0.701924
26.8283 0.703294
26.8283 0.703078
26.8283 0.702127
26.8283 0.702004
26.8283 0.703655
26.8283 0.702843
26.8283 0.701255
26.8283 0.701861
26.8272 0.701244
26.8283 0.701499
26.8283 0.703652
26.8283 0.703384
26.8283 0.704235
26.8283 0.70394
26.8283 0.702155
26.8283 0.70308
26.8283 0.703003
26.8272 0.702429
26.8283 0.703007
26.8283 0.703249
26.8283 0.703589
26.8283 0.702759
26.8283 0.702534
26.8283 0.703913
26.8283 0.701575
26.8283 0.70288
26.8283 0.705941
26.8283 0.701935
26.8293 0.700705
22.2473 0.577672
22.2473 0.576627
22.2473 0.575786
22.2473 0.577013
22.2473 0.57715
22.372 0.581094
22.372 0.581368
22.372 0.57693
22.3729 0.579183
22.3738 0.580449
22.3729 0.581496
22.3729 0.58135
22.3738 0.582046
22.3738 0.579862
22.3738 0.578526
22.3738 0.579081
22.3729 0.580832
22.3738 0.581596
22.3738 0.58094
22.3738 0.581548
22.3738 0.581231
22.3738 0.580965
22.3738 0.580093
22.3738 0.579987
22.3738 0.578304
22.3738 0.581172
22.3738 0.579287
22.3738 0.579251
22.3738 0.580353
22.3738 0.580028
22.3738 0.581482
22.3748 0.580425
22.3748 0.582102
22.3748 0.575073
22.3748 0.578542
22.3748 0.579494
22.3757 0.57825
22.3757 0.581682
22.3757 0.579842
22.3757 0.578875
22.3757 0.580925
22.3757 0.58035
22.3757 0.583293
22.3757 0.578511
22.3757 0.581423
22.3757 0.582424
22.3757 0.582133
22.3738 0.580812
22.3748 0.580537
22.3748 0.581761
22.3748 0.581878
22.3738 0.581636
22.3748 0.581558
22.3738 0.578797
22.3738 0.579296
22.3738 0.579394
22.3748 0.58016
22.3738 0.580493
22.3738 0.581438
22.3748 0.579907
22.3738 0.581683
22.3748 0.580945
22.3738 0.579068
22.3729 0.580495
22.3729 0.579092
22.3729 0.579753
22.3729 0.580569
22.3729 0.581682
22.3729 0.581809
22.3729 0.581663
22.3729 0.579382
22.3729 0.578397
22.3729 0.57689
22.3729 0.579739
22.3729 0.581608
22.3729 0.581193
22.3729 0.579849
22.3729 0.581218
22.3729 0.5796
22.2473 0.574919
22.2473 0.576111
22.2473 0.575115
22.2473 0.577264
22.2473 0.57844
22.2473 0.575489
22.2463 0.576802
22.2473 0.578097
22.3587 0.578504
22.4477 0.583413
22.3341 0.580567
22.4297 0.581948
22.4297 0.582967
22.3436 0.580237
22.4098 0.581951
22.3909 0.580297
22.3587 0.580651
22.3351 0.579973
22.3909 0.580817
22.3729 0.579279
22.3729 0.58043
22.3729 0.579694
22.3729 0.581302
22.3729 0.581405
22.3729 0.57867
22.3729 0.57852
22.3729 0.580218
22.3738 0.581635
22.3729 0.58142
22.3738 0.578534
22.3738 0.580386
22.3738 0.579562
22.3738 0.57623
22.3738 0.580972
22.3738 0.581309
22.3738 0.580258
22.3738 0.580051
22.3729 0.580548
22.3729 0.584281
22.3738 0.581188
22.3729 0.580476
22.3738 0.581207
22.3748 0.581688
22.3748 0.581749
22.3748 0.578969
22.3748 0.58082
22.3748 0.579631
22.3748 0.581044
22.3748 0.580765
22.3748 0.581125
22.3748 0.580154
22.3748 0.578773
22.3748 0.58123
22.3748 0.579338
22.3748 0.580388
22.3748 0.580078
22.3748 0.578927
22.3748 0.581846
22.3748 0.583994
22.372 0.58154
22.3729 0.580365
22.3729 0.579265
22.3729 0.579479
22.3729 0.578952
22.3729 0.580249
22.3729 0.580933
22.3729 0.580372
22.3729 0.583039
22.3729 0.581406
22.3729 0.580908
22.3738 0.580831
22.3738 0.582183
22.3729 0.579559
22.3729 0.579467
22.3729 0.580099
22.3729 0.57893
22.3729 0.580726
22.3729 0.583976
22.3729 0.578777
22.3615 0.577875
22.3729 0.577409
22.3729 0.581758
22.3729 0.580233
22.3729 0.577363
22.3729 0.579218
22.3729 0.579658
22.3729 0.580677
22.3738 0.58146
22.3738 0.581614
22.2416 0.576856
22.2435 0.577566
22.2369 0.574773
22.2444 0.575357
22.2407 0.577201
22.2444 0.577834
22.2444 0.576297
22.3578 0.581097
22.4477 0.5841
22.3332 0.579665
22.4287 0.581149
22.3436 0.578855
22.4108 0.581561
22.3909 0.580983
22.3578 0.57957
22.371 0.581438
22.2473 0.576791
22.2482 0.577064
22.2425 0.578571
22.2482 0.577158
22.2482 0.577648
22.2482 0.574776
22.2482 0.578097
22.2482 0.576796
22.2491 0.576312
22.2482 0.578602
22.2482 0.575872
22.2482 0.57609
22.2482 0.575545
22.2482 0.575308
22.2482 0.57597
22.2491 0.576541
22.371 0.57856
22.372 0.581315
22.372 0.579903
22.372 0.583281
22.3653 0.578045
22.372 0.578924
22.372 0.580819
22.372 0.581561
22.3653 0.579313
22.372 0.579418
22.372 0.581492
22.372 0.581158
22.372 0.580963
22.372 0.580382
22.372 0.579674
22.372 0.580357
22.372 0.577679
22.372 0.58099
22.372 0.579933
22.372 0.580569
22.3738 0.583546
22.3729 0.577973
22.3738 0.581583
22.3738 0.579352
22.3738 0.579296
22.3738 0.58191
22.3738 0.582389
22.3738 0.58255
22.3738 0.580276
22.3738 0.577907
22.3738 0.581454
22.3738 0.579806
22.3738 0.581383
22.3738 0.580831
22.3738 0.579239
22.3738 0.580644
22.3738 0.580519
22.3738 0.580389
22.3738 0.579833
22.3738 0.582355
22.3738 0.576841
22.3738 0.579614
22.3738 0.580874
22.3729 0.580977
22.3738 0.579057
22.3729 0.582232
22.3738 0.577778
22.3729 0.581278
22.3729 0.581023
22.3729 0.579278
22.3729 0.580623
22.3729 0.579762
22.3729 0.579279
22.2482 0.577515
22.2482 0.575354
22.2482 0.578164
22.2482 0.579368
22.2482 0.577113
22.2463 0.578
22.2463 0.575796
22.2473 0.575104
22.2473 0.578708
22.2473 0.578138
22.2473 0.575528
22.2463 0.575523
22.2473 0.576214
22.2473 0.575958
22.2473 0.577383
22.3691 0.578
22.3691 0.579656
22.3691 0.579772
22.3729 0.579305
22.3729 0.580149
22.3738 0.577442
22.3729 0.578638
22.3729 0.581406
22.3738 0.57805
22.3738 0.579355
22.3729 0.581399
22.3738 0.578695
22.3729 0.581487
22.3738 0.580361
22.3738 0.581364
22.3738 0.581284
22.3738 0.581041
22.3729 0.581809
22.3729 0.579683
22.3729 0.580233
22.3729 0.58185
22.3729 0.579995
22.3729 0.581782
22.3729 0.577783
22.3729 0.582133
22.3729 0.579138
22.3729 0.580129
22.3738 0.58333
22.3729 0.582331
22.3729 0.579087
22.3738 0.5802
22.3738 0.579553
22.3738 0.579909
22.3729 0.57942
22.3738 0.579011
22.3738 0.581567
22.3729 0.581193
22.3729 0.580226
22.3738 0.582289
22.3738 0.581555
22.3757 0.578634
22.3757 0.579825
22.3757 0.580815
22.3757 0.581057
22.3757 0.580898
22.3757 0.581514
22.3757 0.579052
22.3757 0.578945
22.3757 0.578733
22.3757 0.580911
22.3757 0.581869
22.3757 0.579271
22.3757 0.579086
22.3757 0.581221
22.3587 0.580135
22.4477 0.58025
22.3351 0.580211
22.4278 0.582899
22.3426 0.58008
22.4098 0.581837
22.3909 0.579391
22.3568 0.578443
22.3757 0.580567
22.3568 0.579077
22.4477 0.579329
22.4297 0.578468
22.3426 0.577456
22.4098 0.57917
22.3899 0.582144
22.3578 0.578307
22.3748 0.578721
22.2473 0.577886
22.2473 0.578321
22.2473 0.578172
22.2473 0.576037
22.2473 0.577697
22.2473 0.577561
22.2473 0.576304
22.2473 0.575043
22.2473 0.576033
22.2473 0.577192
22.2473 0.577227
22.2473 0.574887
22.2473 0.579466
22.2473 0.575767
22.2473 0.578593
22.2473 0.577776
22.2473 0.578078
22.2473 0.575897
22.3748 0.579959
22.3748 0.57858
22.3757 0.582031
22.3757 0.576841
22.3757 0.577791
22.3757 0.578944
22.3757 0.579875
22.3757 0.581031
22.3757 0.579363
22.3757 0.582702
22.3767 0.578513
22.3767 0.582316
22.3767 0.581231
22.3767 0.58043
22.3767 0.580753
22.3757 0.581164
22.3767 0.581875
22.3767 0.57851
22.3767 0.582311
22.3767 0.579474
22.3767 0.579058
22.3767 0.581682
22.3767 0.579925
22.3767 0.578876
22.3767 0.580389
22.3767 0.580084
22.3767 0.578706
22.3767 0.578634
22.3767 0.580499
22.3767 0.581487
22.3767 0.578866
22.3776 0.581219
22.3767 0.579742
22.3767 0.579065
22.3767 0.580442
22.3767 0.57878
22.3767 0.579633
22.3767 0.578854
22.3767 0.581639
22.3767 0.581948
22.3767 0.583589
22.3776 0.58119
22.3767 0.579295
22.3757 0.580412
22.3757 0.581796
22.3767 0.580676
22.3767 0.581249
22.3767 0.578753
22.3767 0.580521
22.3767 0.581146
22.3644 0.582188
22.3644 0.578515
22.3417 0.580918
22.4373 0.581572
22.3502 0.580655
22.4174 0.582608
22.3984 0.581845
22.3644 0.579795
22.3824 0.579125
22.2473 0.575621
22.2473 0.578841
22.2425 0.577192
22.2482 0.577468
22.2482 0.575848
22.2482 0.573604
22.2425 0.576819
22.2482 0.575804
22.2482 0.577917
22.2482 0.578449
22.2482 0.576986
22.2482 0.577528
22.2482 0.578181
22.2482 0.575582
22.2482 0.577308
22.2482 0.575561
22.2482 0.575048
22.3824 0.581988
22.3738 0.579468
22.3748 0.57999
22.3748 0.581865
22.3748 0.580206
22.3748 0.582606
22.3748 0.579064
22.3748 0.579187
22.3748 0.581004
22.3748 0.581689
22.3748 0.581528
22.3748 0.578479
22.3748 0.58152
22.3748 0.579822
22.3748 0.577982
22.3767 0.580789
22.3748 0.579286
22.3748 0.579364
22.3748 0.579841
22.3748 0.579663
22.3748 0.579532
22.3748 0.581571
22.3748 0.578604
22.3748 0.57867
22.3748 0.580297
22.3748 0.580329
22.3748 0.579806
22.3748 0.579604
22.3748 0.581702
22.3748 0.581506
22.3748 0.581017
22.3748 0.580157
22.3748 0.578571
22.3748 0.579288
22.3738 0.579996
22.3748 0.57955
22.3738 0.579507
22.3748 0.580565
22.3738 0.579695
22.3738 0.581328
22.3738 0.578614
22.3748 0.580448
22.3738 0.579557
22.3748 0.580601
22.3748 0.581075
22.3748 0.579527
22.3748 0.581194
22.3644 0.581336
22.3644 0.578346
22.4553 0.584431
22.4363 0.579432
22.3502 0.580536
22.4174 0.579776
22.3975 0.581411
22.3634 0.582291
22.3738 0.578378
22.3417 0.581558
22.2482 0.576674
22.2473 0.578531
22.2482 0.575511
22.2482 0.578885
22.2482 0.581225
22.2491 0.576761
22.2491 0.576892
22.2482 0.575928
22.2482 0.577781
22.2482 0.577863
22.2482 0.57775
22.2482 0.576759
22.2482 0.575416
22.2482 0.578571
22.2482 0.577415
22.3738 0.58019
22.3738 0.579508
22.3738 0.578513
22.3738 0.580848
22.3738 0.580093
22.3738 0.579862
22.3738 0.580279
22.3738 0.58203
22.3748 0.581188
22.3748 0.579629
22.3748 0.579477
22.3748 0.579286
22.3748 0.581471
22.3748 0.581756
22.3738 0.582005
22.3738 0.580603
22.3748 0.580762
22.3738 0.578755
22.3738 0.577315
22.3738 0.578642
22.3738 0.580184
22.3757 0.581199
22.3757 0.580261
22.3757 0.579208
22.3757 0.581718
22.3757 0.579457
22.3757 0.579555
22.3757 0.578963
22.3757 0.580401
22.3738 0.575685
22.3748 0.578147
22.3748 0.580445
22.3748 0.581746
22.3748 0.582409
22.3748 0.581307
22.3748 0.581724
22.3748 0.579077
22.3748 0.5782
22.3748 0.580785
22.3748 0.581717
22.3748 0.579499
22.3748 0.5786
22.3748 0.580305
22.3748 0.580457
22.3748 0.581247
22.3748 0.579041
22.3757 0.578716
22.3757 0.581586
22.3757 0.581016
22.3757 0.580451
17.5561 0.454001
17.5553 0.457224
17.5553 0.450501
17.5553 0.453699
17.5553 0.459319
17.5553 0.455224
31.5204 0.816836
31.5215 0.8164
31.5215 0.815687
31.5215 0.818431
31.5226 0.819903
31.5237 0.816618
31.5249 0.819593
31.5249 0.816667
31.5249 0.81518
31.5249 0.819741
31.5237 0.821758
31.5574 0.816805
31.5911 0.82259
31.6238 0.819206
31.6586 0.823905
31.6913 0.820005
31.5249 0.820175
31.5249 0.81797
31.5249 0.819727
31.5237 0.819752
31.5249 0.81825
31.5249 0.819155
31.526 0.81539
31.526 0.819831
31.526 0.817951
31.526 0.818611
31.526 0.818764
31.526 0.816564
31.526 0.819265
31.526 0.811765
31.526 0.818591
31.526 0.815528
31.526 0.818719
31.526 0.814832
31.526 0.81816
31.526 0.816563
31.526 0.819325
31.526 0.819821
31.526 0.818234
31.526 0.817234
31.526 0.815923
31.526 0.816512
31.526 0.817907
31.5574 0.820339
31.5608 0.815751
31.5608 0.81881
31.5911 0.819346
31.5911 0.820417
31.5923 0.817527
31.5923 0.819885
31.5923 0.817182
31.5923 0.819689
31.5923 0.819682
31.6238 0.822954
31.6238 0.821476
31.6238 0.817189
31.6238 0.821427
31.617 0.818663
31.5855 0.817554
31.5866 0.81686
31.5878 0.823438
31.5529 0.818108
31.5541 0.816687
31.5541 0.818574
31.5541 0.817006
31.5541 0.818316
31.5541 0.819354
31.5541 0.817071
31.6204 0.821585
31.6204 0.817033
31.6204 0.822492
31.6215 0.820447
31.6215 0.818465
31.6215 0.821938
31.6215 0.819037
31.6226 0.819206
31.6226 0.81793
31.6541 0.821801
31.6553 0.823554
31.6553 0.822318
31.6541 0.819666
31.7566 0.821396
31.7555 0.821451
31.7566 0.824436
31.7566 0.823262
31.7577 0.82155
31.7566 0.824079
31.7566 0.824974
31.6215 0.82402
31.6215 0.818188
31.7194 0.820991
31.653 0.818982
31.6541 0.819059
31.6541 0.820037
31.6541 0.820032
31.6541 0.822199
31.6541 0.824951
31.6856 0.820409
31.6868 0.821585
31.6868 0.820351
31.6868 0.821755
31.6868 0.823253
31.6879 0.82041
31.6879 0.820962
31.6879 0.823331
31.7183 0.823175
31.7194 0.823395
31.7194 0.826996
31.7217 0.820793
31.7228 0.82192
31.7228 0.824686
31.7239 0.823917
31.7239 0.820692
31.7555 0.827332
31.7555 0.821728
31.7555 0.824497
31.7566 0.822543
31.7566 0.824309
31.7566 0.822392
31.7893 0.824993
31.7893 0.826288
31.7893 0.824998
31.7893 0.826243
31.7893 0.825451
31.7893 0.823758
31.7893 0.822078
31.7893 0.826522
31.7893 0.823336
31.7893 0.822923
31.7893 0.82319
31.822 0.825316
31.8209 0.824028
31.8209 0.825865
31.8209 0.826522
31.8536 0.827734
31.8536 0.824497
31.8536 0.826941
31.8536 0.823194
31.8536 0.824396
31.8547 0.825602
31.8547 0.825419
31.8547 0.827823
31.8547 0.824936
31.8536 0.826361
31.8209 0.826721
31.8209 0.82508
31.8209 0.824782
31.8209 0.823674
31.8209 0.825188
31.8875 0.825594
31.8897 0.827127
31.8897 0.826887
31.8886 0.825432
31.8886 0.828412
31.8886 0.824707
31.8886 0.826034
31.8886 0.828707
31.8886 0.82554
31.9214 0.829148
31.9541 0.82602
31.9881 0.826046
32.0209 0.827032
32.0548 0.829448
32.0877 0.829386
32.1206 0.836581
32.1546 0.835183
32.1875 0.831893
31.8886 0.827023
31.9214 0.827438
31.9225 0.828743
31.9225 0.830646
31.9225 0.827412
31.9225 0.829802
31.9225 0.825817
31.9564 0.826521
31.9564 0.824596
31.9553 0.82692
31.9553 0.828297
31.9553 0.831251
31.9881 0.82936
31.9881 0.831033
31.9881 0.829008
31.9881 0.829243
31.9881 0.830078
31.9881 0.830719
31.9881 0.829218
31.9892 0.827861
31.9892 0.830534
32.0209 0.831298
32.022 0.832242
32.022 0.830348
32.0209 0.831221
32.022 0.830678
32.0231 0.831239
32.0231 0.831282
32.0231 0.83077
32.022 0.832725
32.0537 0.832327
32.0548 0.829632
32.0548 0.832658
32.0548 0.832788
32.056 0.831372
32.056 0.829739
32.056 0.830584
32.056 0.830616
32.056 0.83076
32.0877 0.831207
32.0888 0.830883
32.0888 0.831579
32.0888 0.830801
32.0888 0.833689
32.0888 0.830921
32.0888 0.833653
32.1217 0.832681
32.1228 0.832416
32.1228 0.833933
32.1228 0.833382
32.1228 0.833485
32.1228 0.833145
32.1228 0.832633
32.1228 0.8307
32.1557 0.833273
32.1557 0.834634
32.1557 0.833681
32.1557 0.83259
32.1568 0.835079
32.1568 0.835427
32.1886 0.834017
32.1897 0.835539
32.1886 0.83397
32.1886 0.832473
32.1886 0.833333
32.1886 0.833783
32.1897 0.835578
32.1897 0.835426
32.1909 0.833848
32.1909 0.83365
32.2215 0.834995
32.2227 0.83392
32.2556 0.834024
32.3875 0.839694
31.3622 0.811091
31.3634 0.814803
31.3622 0.814796
31.3622 0.81507
31.3622 0.812098
31.3622 0.814354
31.3622 0.813074
31.3622 0.812082
31.3622 0.813607
31.3622 0.811268
31.9214 0.829443
31.9553 0.830139
31.9575 0.828851
31.9892 0.832931
31.9892 0.829986
31.9892 0.828959
32.022 0.830737
32.022 0.832185
32.0537 0.832677
32.0548 0.831206
32.0877 0.829975
32.0877 0.832946
32.0877 0.833295
31.9214 0.827255
32.2238 0.83349
32.2238 0.835813
32.2238 0.837907
32.2238 0.833105
32.2238 0.838779
32.2249 0.836466
32.2249 0.83643
32.2238 0.834285
32.2249 0.835865
32.2238 0.835041
32.2567 0.83612
32.2567 0.835099
32.2567 0.837238
32.2579 0.83464
32.2579 0.837563
32.2579 0.836831
32.2579 0.83556
32.2579 0.83727
32.2897 0.836373
32.2908 0.835435
32.2908 0.83898
32.2908 0.838853
32.2908 0.83727
32.2908 0.837045
32.2908 0.837471
32.2919 0.836393
32.2919 0.838528
32.3238 0.837273
32.3249 0.837488
32.3249 0.836239
32.3249 0.839449
32.3249 0.839125
32.3249 0.837562
32.3249 0.836063
32.3249 0.838434
32.3249 0.838862
32.3556 0.840791
32.3568 0.838192
32.3568 0.837728
32.3579 0.838897
32.3579 0.839362
32.3579 0.839539
32.3898 0.841521
32.3898 0.838388
32.3909 0.840942
32.3909 0.840451
32.3909 0.841506
32.3909 0.839689
32.392 0.839828
32.3909 0.839015
32.3909 0.840834
32.392 0.839864
32.392 0.839778
32.392 0.83919
32.392 0.84204
32.392 0.839986
32.392 0.839279
32.392 0.838683
32.392 0.840428
32.3909 0.84054
32.392 0.843751
32.392 0.83922
32.392 0.838789
32.392 0.837875
32.392 0.839975
32.392 0.8415
32.392 0.839698
31.5866 0.818136
31.5866 0.818795
31.5866 0.815935
31.6541 0.818475
31.6541 0.818956
31.6541 0.820312
31.6541 0.819688
31.0829 0.808635
31.0829 0.806853
31.0829 0.80503
31.0829 0.807755
31.0829 0.806021
31.0829 0.809383
31.0249 0.802621
31.0829 0.806196
31.0817 0.80671
31.0817 0.806247
31.0817 0.805921
31.0817 0.805283
31.0817 0.805232
31.0817 0.804605
31.0817 0.807504
31.0817 0.804586
31.0829 0.805961
31.0829 0.806895
31.0829 0.806677
31.0829 0.805555
31.084 0.808101
31.0829 0.806974
31.0829 0.807837
31.0829 0.80755
31.0829 0.808151
31.0829 0.80556
31.0829 0.807942
31.0829 0.808504
31.0829 0.80924
31.0829 0.805492
31.0829 0.805981
31.0829 0.804792
31.0829 0.807423
31.0829 0.804729
31.0829 0.805951
31.0829 0.806049
31.0829 0.806778
31.0829 0.807175
31.0829 0.805185
31.0829 0.807117
32.3886 0.839816
32.3898 0.838446
32.3886 0.837556
32.3898 0.837835
32.3898 0.838549
32.3898 0.840091
32.3898 0.839345
32.3898 0.839326
32.3898 0.840981
32.3898 0.840018
32.3909 0.838469
32.3898 0.839752
32.3898 0.839573
32.3909 0.841526
32.3909 0.838785
32.3909 0.839622
32.3909 0.839968
32.3909 0.838524
32.3909 0.839766
32.3909 0.840561
32.3909 0.841587
32.3909 0.839297
32.392 0.838951
32.3909 0.838473
32.392 0.841536
32.3909 0.840265
32.392 0.839423
25.016 0.647005
25.016 0.648024
25.016 0.646726
25.016 0.64856
25.016 0.646112
25.016 0.649282
25.016 0.649227
25.016 0.651278
25.016 0.648406
25.016 0.646687
25.016 0.650291
25.016 0.647892
25.016 0.649295
25.026 0.651073
25.1061 0.655665
25.1362 0.653123
25.1362 0.652213
25.1372 0.651502
25.1372 0.652651
25.1372 0.650592
25.1372 0.653438
25.1372 0.651077
25.1372 0.650348
25.1372 0.652732
25.1372 0.652144
25.1372 0.651484
25.1372 0.651373
25.1372 0.652017
25.1252 0.652337
25.1262 0.651566
25.1262 0.651202
25.1262 0.65188
25.1272 0.649897
25.1262 0.651412
25.1262 0.65158
25.1272 0.650075
25.1262 0.653004
25.1262 0.651388
25.1262 0.652122
25.1272 0.653502
25.1262 0.648557
25.1262 0.650667
25.1262 0.65007
25.1262 0.653029
25.1262 0.649819
25.1262 0.650892
25.1262 0.651972
25.1262 0.650905
25.1262 0.651633
25.1262 0.652625
25.1262 0.651613
25.1262 0.651539
25.1262 0.652716
25.1262 0.652394
25.1262 0.650974
25.1262 0.653059
25.1252 0.652972
25.1252 0.65014
25.1252 0.652901
25.1262 0.652116
25.1252 0.650198
25.1252 0.651358
25.1061 0.653026
25.1071 0.650222
25.1061 0.652839
25.1061 0.651037
25.1061 0.650863
25.2667 0.653127
25.0861 0.648598
25.1532 0.650366
25.1532 0.65235
25.1542 0.651949
25.2064 0.65304
25.066 0.652162
25.1763 0.653358
25.1071 0.64914
25.1071 0.652475
25.1061 0.652317
25.1071 0.65025
25.1262 0.653248
24.986 0.648987
24.987 0.649499
24.988 0.6498
24.987 0.645393
24.987 0.650893
24.988 0.648311
24.988 0.649438
24.987 0.649523
24.987 0.649773
24.988 0.64787
24.988 0.648746
24.988 0.647988
24.988 0.647028
24.988 0.648468
24.988 0.646804
24.988 0.648776
25.1262 0.648174
25.1262 0.651147
25.1272 0.648441
25.1252 0.649452
25.1262 0.653776
25.1272 0.64937
25.1272 0.652913
25.1272 0.65238
25.1282 0.650791
25.1272 0.651796
25.1272 0.650473
25.1282 0.65261
25.1282 0.649707
25.1282 0.650877
25.1292 0.654086
25.1282 0.654811
25.1292 0.652236
25.1292 0.650368
25.1282 0.652809
25.1282 0.64683
25.1282 0.64713
25.1282 0.652545
25.1292 0.650781
25.1292 0.649985
25.1292 0.653358
25.1292 0.650271
25.1292 0.652468
25.1292 0.65325
25.1292 0.650789
25.1292 0.652995
25.1292 0.654656
25.1292 0.651977
25.1292 0.651811
25.1292 0.651235
25.1282 0.650312
25.1282 0.651071
25.1282 0.652262
25.1292 0.651273
25.1292 0.652883
25.1292 0.650654
25.1292 0.646815
25.1292 0.650233
25.1292 0.652958
25.1302 0.650465
25.1292 0.65062
25.1292 0.652558
25.1292 0.65206
25.1292 0.652734
25.1282 0.650823
25.1292 0.650501
25.1292 0.649937
17.5527 0.457136
17.5527 0.451413
17.5527 0.456199
17.5527 0.451413
17.5527 0.455864
17.5527 0.456128
13.6154 0.35
13.6154 0.324
13.6154 0.324
13.6154 0.344828
13.6154 0.347244
24.986 0.64248
24.986 0.64831
24.986 0.646724
24.986 0.648025
24.986 0.647588
24.986 0.65007
24.986 0.649297
24.986 0.647055
24.985 0.648046
24.986 0.647043
24.986 0.647743
24.986 0.647311
24.986 0.64813
24.987 0.646027
24.986 0.64685
25.1282 0.652349
25.1272 0.651643
25.1282 0.653097
25.1282 0.651789
25.1292 0.651117
25.1292 0.651657
25.1292 0.65008
25.1282 0.651293
25.1272 0.650188
25.1262 0.651027
25.1262 0.651812
25.1262 0.651077
25.1272 0.6533
25.1262 0.652826
25.1262 0.649686
25.1272 0.64984
25.1262 0.650246
25.1262 0.651377
25.1252 0.652346
25.1262 0.650314
25.1252 0.651046
25.1252 0.649934
25.1262 0.652525
25.1262 0.648641
25.1262 0.652394
25.1262 0.649698
25.1262 0.650467
25.1252 0.652187
25.1262 0.654446
25.1262 0.65169
25.1262 0.651459
25.1252 0.652612
25.1262 0.653621
25.1262 0.650679
25.1262 0.649657
25.1252 0.651012
25.1262 0.65327
25.1262 0.653274
25.1262 0.65036
25.1262 0.652013
25.1252 0.650111
25.1262 0.650304
25.1262 0.652147
25.1262 0.653044
25.1252 0.652264
25.1262 0.65066
25.1252 0.652092
25.1272 0.650184
25.1252 0.650509
25.1272 0.652355
25.1272 0.650558
25.1071 0.651735
25.1061 0.650182
25.1061 0.6513
25.1061 0.650779
25.2667 0.655634
25.0871 0.649114
25.1552 0.652299
25.1552 0.650331
25.2074 0.65506
25.068 0.649094
25.1773 0.655616
25.1071 0.650804
25.1071 0.651212
25.1071 0.651565
25.1262 0.649684
24.988 0.648827
24.988 0.646804
24.988 0.646171
24.988 0.646348
24.988 0.646171
24.988 0.646746
24.989 0.650873
24.989 0.647297
24.989 0.65011
24.989 0.646234
24.989 0.647027
24.988 0.646323
24.988 0.647964
24.988 0.64832
24.988 0.647559
24.988 0.648844
24.988 0.64827
25.1262 0.652745
25.1272 0.653068
25.1272 0.649887
25.1272 0.649525
25.1272 0.650782
25.1272 0.653068
25.1272 0.652977
25.1262 0.652584
25.1272 0.652012
25.1272 0.651635
25.1272 0.649569
25.1272 0.65148
25.1272 0.6533
25.1272 0.652922
25.1272 0.649236
25.1272 0.651846
25.1272 0.650448
25.1272 0.651817
25.1282 0.650127
25.1292 0.653175
25.1302 0.650483
25.1302 0.651077
25.1302 0.65334
25.1272 0.65434
25.1272 0.653271
25.1262 0.649913
25.1262 0.653028
25.1262 0.65171
25.1252 0.653178
25.1262 0.652203
25.1262 0.650136
25.1262 0.652422
25.1282 0.651571
25.1282 0.654545
25.1282 0.650987
25.1272 0.649729
25.1282 0.651575
25.1282 0.651314
25.1282 0.651592
25.1282 0.652965
25.1282 0.652301
3.35256 0.106667
3.35256 0.09
3.35256 0.0735294
13.6176 0.349455
13.6168 0.350685
13.6168 0.353428
13.6168 0.347737
13.6168 0.355603
13.6095 0.348033
13.6102 0.352625
13.6102 0.351452
13.6102 0.354046
13.6102 0.351752
13.6102 0.34856
13.6102 0.35583
13.6102 0.353247
13.6117 0.352379
13.6117 0.3506
13.6117 0.347314
13.6117 0.355907
13.6117 0.353107
13.6117 0.351803
13.6124 0.35069
13.6124 0.357143
13.6124 0.353978
13.6117 0.35292
13.6117 0.355846
13.6117 0.353138
24.992 0.647042
24.992 0.646703
24.993 0.648587
24.993 0.650014
24.993 0.647035
24.992 0.648083
24.992 0.64904
24.992 0.649712
24.992 0.646279
24.992 0.647786
24.991 0.649685
24.991 0.647464
24.986 0.647013
24.985 0.649171
24.984 0.648153
24.986 0.646738
24.986 0.646341
24.985 0.646531
24.985 0.648731
24.985 0.648079
24.985 0.64586
24.985 0.647898
24.985 0.647556
24.985 0.647184
13.5932 0.352193
13.5932 0.36
13.5932 0.354843
13.5932 0.353581
13.5932 0.352133
13.5932 0.352201
13.5918 0.341053
13.5918 0.367391
13.594 0.360944
13.5954 0.354044
13.5954 0.350461
13.5954 0.34824
13.5954 0.349203
13.5954 0.345075
13.5925 0.350926
13.5925 0.34886
13.5925 0.352195
13.5925 0.350053
13.5925 0.350234
13.5925 0.35358
13.5932 0.352233
25.4278 0.655627
25.4288 0.657383
25.4288 0.661815
25.4278 0.661276
25.4278 0.659931
25.4278 0.656098
25.4288 0.660152
24.986 0.645861
24.986 0.649684
24.986 0.649403
24.986 0.648542
24.986 0.648865
24.985 0.647043
24.985 0.648085
24.986 0.646503
24.986 0.650791
24.986 0.646689
24.986 0.646758
24.986 0.648678
24.987 0.645415
24.987 0.648027
24.987 0.647927
25.1242 0.652348
25.1252 0.649731
25.1221 0.651938
25.1221 0.649701
25.1221 0.651763
25.1232 0.648963
25.1221 0.650806
25.1232 0.651709
25.1242 0.653222
25.1242 0.652592
25.1242 0.652083
25.1242 0.650498
25.1242 0.65003
25.1242 0.652135
25.1252 0.650518
25.1252 0.652336
25.1252 0.65169
25.1262 0.652446
25.1252 0.650109
25.1262 0.651056
25.1262 0.649705
25.1262 0.651272
25.1262 0.6502
25.1262 0.653172
25.1262 0.651226
25.1262 0.649802
25.1262 0.652672
25.1262 0.652317
25.1262 0.649555
25.1262 0.652476
25.1262 0.651434
25.1272 0.651704
25.1292 0.652312
25.1292 0.652174
25.1282 0.651247
25.1282 0.653266
25.1282 0.653336
25.1282 0.651833
25.1292 0.652357
25.1292 0.652521
25.1292 0.650026
25.1292 0.653734
25.1292 0.651372
25.1292 0.651355
25.1292 0.651616
25.1302 0.65152
24.985 0.652078
24.991 0.65043
24.98 0.6466
24.986 0.645809
24.987 0.645988
24.986 0.649912
24.986 0.647575
24.986 0.647575
25.1262 0.651293
24.986 0.64847
24.987 0.647578
24.987 0.648732
25.1292 0.652204
25.1302 0.64982
25.1302 0.650089
25.1302 0.651973
25.1302 0.650895
25.1302 0.652655
25.1302 0.65039
25.1302 0.650037
25.1262 0.653722
25.1262 0.652161
25.1262 0.650925
25.1272 0.649924
25.1262 0.651411
25.1262 0.649847
25.1272 0.649846
25.1272 0.651817
25.1272 0.650953
25.1262 0.650633
25.1272 0.651778
25.1272 0.649947
25.1272 0.647492
25.1272 0.649651
25.1272 0.653133
25.1272 0.650899
25.1262 0.651494
25.1262 0.651972
25.1262 0.651682
25.1272 0.652758
25.1272 0.652191
25.1272 0.652786
25.1272 0.650447
25.1272 0.652997
25.1272 0.650188
25.1272 0.651313
25.1272 0.652198
25.1262 0.649227
25.1262 0.652649
25.1272 0.653244
25.1262 0.652531
25.1262 0.652386
25.1262 0.651362
25.1262 0.652334
25.1272 0.652937
25.1272 0.650744
25.1272 0.650618
25.1272 0.654397
25.1262 0.652369
25.1272 0.65164
25.1272 0.652664
25.1061 0.651362
25.1051 0.652942
25.1061 0.649472
25.1442 0.649811
25.2667 0.655401
25.0871 0.653128
25.1532 0.653988
25.2064 0.655768
25.066 0.652096
25.1773 0.652951
25.1061 0.651154
25.1111 0.651527
25.1061 0.650169
25.1452 0.651692
25.1292 0.65036
24.992 0.646277
24.992 0.646513
24.986 0.647032
24.987 0.647064
24.986 0.646319
24.987 0.649475
24.987 0.649413
24.987 0.648172
24.987 0.647168
24.987 0.649676
24.988 0.650624
24.987 0.649279
24.987 0.649196
24.987 0.650605
24.987 0.649008
24.987 0.646766
24.987 0.648584
24.987 0.648164
24.987 0.649178
24.987 0.646509
24.987 0.648106
24.987 0.647934
24.987 0.646813
24.988 0.646087
24.988 0.647012
24.988 0.647044
24.988 0.645956
24.988 0.647415
24.988 0.649066
24.987 0.647664
24.988 0.647779
24.988 0.646682
24.988 0.64846
24.987 0.648794
24.988 0.647981
24.988 0.647041
24.988 0.649192
24.987 0.647077
24.987 0.649475
24.988 0.649512
24.987 0.647386
24.988 0.648158
24.988 0.649873
24.987 0.64656
24.988 0.648679
24.987 0.647534
24.987 0.649321
24.987 0.647129
24.987 0.646466
24.987 0.648912
24.988 0.647601
24.988 0.648804
24.987 0.650019
24.987 0.649413
24.987 0.649471
24.987 0.650212
24.987 0.649002
24.987 0.649434
24.987 0.646131
24.988 0.648363
3.35183 0.0818182
3.35183 0.1
3.35183 0.0777778
3.35183 0.084375
3.35183 0.0961538
3.35183 0.0961538
26.7951 0.693378
26.7951 0.697716
26.7951 0.692596
26.7951 0.698985
26.7951 0.694448
26.7951 0.696041
26.7982 0.696377
26.7951 0.691892
26.7962 0.695345
26.7951 0.694408
26.8355 0.696816
26.8355 0.698642
26.8355 0.69358
26.8552 0.698931
26.8552 0.695913
26.7951 0.693482
26.8158 0.693825
26.8158 0.696509
26.8169 0.698528
26.8169 0.694189
26.8158 0.692113
26.8158 0.69684
26.8158 0.692842
26.8158 0.694493
26.8169 0.698282
26.8169 0.694389
26.8169 0.692983
26.8169 0.69575
26.8158 0.694114
26.8241 0.694391
26.8241 0.693061
26.8231 0.697795
26.8231 0.692406
26.8241 0.698151
26.8241 0.694569
26.8241 0.695316
26.8241 0.695248
26.8241 0.696634
26.8241 0.696078
26.8241 0.69374
26.8241 0.692925
26.8251 0.698569
26.8251 0.695513
26.8251 0.696406
26.8251 0.694174
26.8251 0.697253
26.8251 0.693569
26.8251 0.693559
26.8251 0.694443
26.8241 0.693704
26.8241 0.697909
26.821 0.693866
26.821 0.697357
26.822 0.695219
26.822 0.696948
26.821 0.693675
26.821 0.694985
26.822 0.694534
26.822 0.694054
26.822 0.69335
26.822 0.694596
26.822 0.694153
26.822 0.693489
26.822 0.696912
26.821 0.693735
26.821 0.694602
26.821 0.697322
26.821 0.694149
26.821 0.69458
26.82 0.696129
26.8231 0.69654
26.822 0.695892
26.8231 0.693539
26.822 0.696314
3.35146 0.0961538
3.35219 0.0888889
3.35219 0.0862069
25.1051 0.6493
25.1051 0.652105
25.1051 0.652908
25.1743 0.65363
25.066 0.649486
25.2054 0.651613
25.1532 0.654351
24.985 0.648034
24.986 0.64446
25.1522 0.6495
25.0851 0.649046
25.2064 0.655427
25.1372 0.652564
25.1041 0.648996
26.8231 0.698862
26.8231 0.694904
26.8231 0.696954
26.8231 0.695359
26.8231 0.694963
26.8231 0.696427
26.8231 0.696895
26.8231 0.697163
26.8231 0.696484
26.8231 0.694923
26.8231 0.695729
26.8231 0.695313
26.8241 0.695433
26.8231 0.697058
26.8241 0.694161
26.8241 0.694702
26.8241 0.69485
26.8231 0.696957
26.8241 0.696967
26.8241 0.6958
26.8231 0.693628
26.8231 0.696055
26.8231 0.697341
26.8241 0.698265
26.8231 0.695681
26.8241 0.694478
26.8241 0.694274
26.8241 0.697259
26.8241 0.69434
26.8241 0.693514
26.8241 0.693714
26.8241 0.696389
26.8231 0.696432
26.8231 0.696086
26.8231 0.698025
26.8241 0.697671
26.8231 0.69535
26.8231 0.694011
26.8231 0.693713
26.8231 0.696418
26.8231 0.694046
26.8241 0.695702
26.8241 0.6957
26.8231 0.696075
26.8241 0.693807
26.8241 0.697293
26.8241 0.695948
26.8241 0.696011
26.8251 0.69207
26.8251 0.696344
26.8241 0.696793
26.8251 0.696717
26.8251 0.694016
26.8251 0.696256
26.8251 0.696661
3.35183 0.1125
3.35183 0.0642857
17.5469 0.461392
17.5502 0.456763
17.5494 0.453319
17.5494 0.454899
17.5502 0.451704
17.5502 0.452913
26.6721 0.690375
26.6721 0.694399
26.6731 0.695201
26.6731 0.693649
26.6721 0.693411
26.6721 0.690783
26.6731 0.693866
26.6731 0.690323
26.6731 0.691098
26.6731 0.693652
26.6731 0.690276
26.6731 0.693393
26.6731 0.693407
26.6731 0.691969
26.6731 0.689543
26.6731 0.691126
26.6731 0.690652
26.6731 0.692977
26.6731 0.691581
26.6731 0.689567
26.6731 0.693782
26.6731 0.689348
26.6731 0.690325
26.6731 0.692249
26.6731 0.692759
26.6741 0.693588
26.6741 0.693619
26.6741 0.689718
26.8231 0.696318
26.8241 0.69741
26.8241 0.69463
26.8241 0.695512
26.8241 0.696813
26.8251 0.696209
26.8251 0.696877
26.8251 0.69654
26.8251 0.696873
26.8251 0.697962
26.8251 0.695539
26.8251 0.695539
26.8251 0.696551
26.8231 0.697656
26.8241 0.696545
26.8231 0.69689
26.8241 0.69717
26.8241 0.695776
26.8241 0.69609
26.8241 0.697265
26.8241 0.697005
26.8241 0.697744
26.8241 0.697479
26.8241 0.695926
26.8241 0.694519
26.8241 0.696829
26.8241 0.695771
26.8241 0.694062
26.8241 0.694788
26.8241 0.694852
26.8231 0.696066
26.8241 0.695561
26.8241 0.697372
26.8241 0.695242
26.8272 0.694125
26.822 0.693791
26.822 0.697535
26.8241 0.695789
26.8231 0.697571
26.8241 0.696689
26.8241 0.694412
26.8241 0.694867
26.8241 0.695939
26.8179 0.693722
12.0937 0.308772
12.0937 0.316901
12.0937 0.314123
12.0944 0.316722
12.0944 0.311152
12.093 0.307273
12.1243 0.315082
12.1236 0.317205
12.1236 0.317647
12.1236 0.313862
12.1236 0.318888
12.1236 0.315507
12.1236 0.310215
12.1236 0.315281
12.1236 0.31337
12.1236 0.317686
25.1272 0.651187
25.1272 0.651389
25.1382 0.650966
25.0841 0.653266
25.1522 0.649325
25.1051 0.651532
25.1051 0.64786
25.1051 0.649138
24.985 0.650702
25.1262 0.649486
25.1282 0.649276
26.8096 0.698134
26.8106 0.69708
26.8106 0.696981
26.8117 0.694344
26.8106 0.693378
26.8106 0.695683
26.8106 0.695417
26.8106 0.697184
26.8106 0.69513
26.8106 0.694008
26.8106 0.695086
26.8096 0.693665
26.8096 0.693339
26.8096 0.694215
26.8096 0.695421
26.8106 0.693831
26.8106 0.693729
26.8117 0.697395
26.8117 0.693902
26.8117 0.693766
26.8117 0.69769
26.8117 0.696333
26.82 0.695639
26.8106 0.694408
26.8117 0.692262
26.8117 0.693321
26.8117 0.696643
26.8127 0.696175
26.8117 0.696849
26.8127 0.69428
26.8127 0.697075
26.8127 0.695483
26.8127 0.697039
26.8127 0.693991
26.8117 0.696243
26.8117 0.696103
26.8117 0.696254
