   9425.00000000000        3.57753765352813     
   9425.13600000000        3.57744410046198     
   9425.27200000000        3.57735066780864     
   9425.40800000000        3.57725735747583     
   9425.54400000000        3.57716417141137     
   9425.68000000000        3.57707111160426     
   9425.81600000000        3.57697816808269     
   9425.95200000000        3.57688536690817     
   9426.08800000000        3.57679269820919     
   9426.22400000000        3.57670016415024     
   9426.36000000000        3.57660776694266     
   9426.49600000000        3.57651550641573     
   9426.63200000001        3.57642338978603     
   9426.76800000001        3.57633141693480     
   9426.90400000001        3.57623959027357     
   9427.04000000001        3.57614791226733     
   9427.17600000001        3.57605638295858     
   9427.31200000001        3.57596500992897     
   9427.44800000001        3.57587379328439     
   9427.58400000001        3.57578273571880     
   9427.72000000001        3.57569183998741     
   9427.85600000001        3.57560110639464     
   9427.99200000001        3.57551054290406     
   9428.12800000001        3.57542016155353     
   9428.26400000001        3.57532994224264     
   9428.40000000001        3.57523989693734     
   9428.53600000001        3.57515003404540     
   9428.67200000001        3.57506035415032     
   9428.80800000001        3.57497086056458     
   9428.94400000001        3.57488155667964     
   9429.08000000001        3.57479244335773     
   9429.21600000001        3.57470352943501     
   9429.35200000001        3.57461482889852     
   9429.48800000001        3.57452631973999     
   9429.62400000001        3.57443801584569     
   9429.76000000001        3.57434992654610     
   9429.89600000002        3.57426205311719     
   9430.03200000002        3.57417439967343     
   9430.16800000002        3.57408698185317     
   9430.30400000002        3.57399978157407     
   9430.44000000002        3.57391281427186     
   9430.57600000002        3.57382608449365     
   9430.71200000002        3.57373960901818     
   9430.84800000002        3.57365336889814     
   9430.98400000002        3.57356738067802     
   9431.12000000002        3.57348164939494     
   9431.25600000002        3.57339619326395     
   9431.39200000002        3.57331099207260     
   9431.52800000002        3.57322606376434     
   9431.66400000002        3.57314143048370     
   9431.80000000002        3.57305706257503     
   9431.93600000002        3.57297298774650     
   9432.07200000002        3.57288922651436     
   9432.20800000002        3.57280575095773     
   9432.34400000002        3.57272259912320     
   9432.48000000002        3.57263974862625     
   9432.61600000002        3.57255722037460     
   9432.75200000002        3.57247503721259     
   9432.88800000002        3.57239317534128     
   9433.02400000002        3.57231167663176     
   9433.16000000003        3.57223051062282     
   9433.29600000003        3.57214972083489     
   9433.43200000003        3.57206928207644     
   9433.56800000003        3.57198923957671     
   9433.70400000003        3.57190955809313     
   9433.84000000003        3.57183029416928     
   9433.97600000003        3.57175141136271     
   9434.11200000003        3.57167296228965     
   9434.24800000003        3.57159493192614     
   9434.38400000003        3.57151731378874     
   9434.52000000003        3.57144016027966     
   9434.65600000003        3.57136345626228     
   9434.79200000003        3.57128719502685     
   9434.92800000003        3.57121143250354     
   9435.06400000003        3.57113615328840     
   9435.20000000003        3.57106135022620     
   9435.33600000003        3.57098708355538     
   9435.47200000003        3.57091333742637     
   9435.60800000003        3.57084013171884     
   9435.74400000003        3.57076747680637     
   9435.88000000003        3.57069535500264     
   9436.01600000003        3.57062384435656     
   9436.15200000003        3.57055292850859     
   9436.28800000004        3.57048261981771     
   9436.42400000004        3.57041294136317     
   9436.56000000004        3.57034390652853     
   9436.69600000004        3.57027552936724     
   9436.83200000004        3.57020783486057     
   9436.96800000004        3.57014083824572     
   9437.10400000004        3.57007455552771     
   9437.24000000004        3.57000901384124     
   9437.37600000004        3.56994423056392     
   9437.51200000004        3.56988022395546     
   9437.64800000004        3.56981706335580     
   9437.78400000004        3.56975469055262     
   9437.92000000004        3.56969316485110     
   9438.05600000004        3.56963251866097     
   9438.19200000004        3.56957281944721     
   9438.32800000004        3.56951400361757     
   9438.46400000004        3.56945614978999     
   9438.60000000004        3.56939932981788     
   9438.73600000004        3.56934348575496     
   9438.87200000004        3.56928874600156     
   9439.00800000004        3.56923503808458     
   9439.14400000004        3.56918251140021     
   9439.28000000004        3.56913114318763     
   9439.41600000004        3.56908092044363     
   9439.55200000005        3.56903199787363     
   9439.68800000005        3.56898435651878     
   9439.82400000005        3.56893804894311     
   9439.96000000005        3.56889311456835     
   9440.09600000005        3.56884961076388     
   9440.23200000005        3.56880758555881     
   9440.36800000005        3.56876708984377     
   9440.50400000005        3.56872818903200     
   9440.64000000005        3.56869093590794     
   9440.77600000005        3.56865540253348     
   9440.91200000005        3.56862175035215     
   9441.04800000005        3.56858985735833     
   9441.18400000005        3.56856000873422     
   9441.32000000005        3.56853206602272     
   9441.45600000005        3.56850634856778     
   9441.59200000005        3.56848283244752     
   9441.72800000005        3.56846162597424     
   9441.86400000005        3.56844283188835     
   9442.00000000005        3.56842656096962     
   9442.13600000005        3.56841294496272     
   9442.27200000005        3.56840229818779     
   9442.40800000005        3.56839461832093     
   9442.54400000005        3.56838983702815     
   9442.68000000005        3.56838882098302     
   9442.81600000006        3.56839108634730     
   9442.95200000006        3.56839709068315     
   9443.08800000006        3.56840742650187     
   9443.22400000006        3.56842213474373     
   9443.36000000006        3.56844203602588     
   9443.49600000006        3.56846724730834     
   9443.63200000006        3.56849835602575     
   9443.76800000006        3.56853774180118     
   9443.90400000006        3.56858561019115     
   9444.04000000006        3.56864531699106     
   9444.17600000006        3.56872396952057     
   9444.31200000006        3.56884020111146     
   9444.44800000006        3.56908317849421     
   9444.58400000006        3.57177648767723     
   9444.72000000006        3.57359828511547     
   9444.85600000006        3.57470302998304     
   9444.99200000006        3.57580936939836     
   9445.12800000006        3.57702228865109     
   9445.26400000006        3.57834925613973     
   9445.40000000006        3.57984009462328     
   9445.53600000006        3.58150724591515     
   9445.67200000006        3.58337385272954     
   9445.80800000006        3.58547113911572     
   9445.94400000006        3.58781896152364     
   9446.08000000007        3.59045846592306     
   9446.21600000007        3.59340347556566     
   9446.35200000007        3.59670593358338     
   9446.48800000007        3.60039234642222     
   9446.62400000007        3.60450959945342     
   9446.76000000007        3.60910240493955     
   9446.89600000007        3.61421475560414     
   9447.03200000007        3.61990945955077     
   9447.16800000007        3.62623471468223     
   9447.30400000007        3.63325750889660     
   9447.44000000007        3.64104522622562     
   9447.57600000007        3.64967059283168     
   9447.71200000007        3.65921199494209     
   9447.84800000007        3.66975366936289     
   9447.98400000007        3.68138212866708     
   9448.12000000007        3.69420175540385     
   9448.25600000007        3.70830820230468     
   9448.39200000007        3.72381616684099     
   9448.52800000007        3.74084648515930     
   9448.66400000007        3.75951680954346     
   9448.80000000007        3.77996287253469     
   9448.93600000007        3.80232526179225     
   9449.07200000007        3.82675128386574     
   9449.20800000008        3.85339731459108     
   9449.34400000008        3.88242641794537     
   9449.48000000008        3.91401097460201     
   9449.61600000008        3.94832643439599     
   9449.75200000008        3.98556770028239     
   9449.88800000008        4.02592585230004     
   9450.02400000008        4.06960020212895     
   9450.16000000008        4.11680766950412     
   9450.29600000008        4.16775993205066     
   9450.43200000008        4.22267761934203     
   9450.56800000008        4.28179239254472     
   9450.70400000008        4.34534135705579     
   9450.84000000008        4.41355568509545     
   9450.97600000008        4.48668442252436     
   9451.11200000008        4.56496630064039     
   9451.24800000008        4.64865095907309     
   9451.38400000008        4.73798610573632     
   9451.52000000008        4.83322207228004     
   9451.65600000008        4.93459962172371     
   9451.79200000008        5.04236419583199     
   9451.92800000008        5.15675432786444     
   9452.06400000008        5.27800283971600     
   9452.20000000008        5.40633531232432     
   9452.33600000008        5.54196819271721     
   9452.47200000009        5.68510700794104     
   9452.60800000009        5.83594482836641     
   9452.74400000009        5.99466014647066     
   9452.88000000009        6.16141486176229     
   9453.01600000009        6.33635252073657     
   9453.15200000009        6.51959648412414     
   9453.28800000009        6.71124814463448     
   9453.42400000009        6.91138478792773     
   9453.56000000009        7.12005531283357     
   9453.69600000009        7.33728715156603     
   9453.83200000009        7.56307152599464     
   9453.96800000009        7.79737021059716     
   9454.10400000009        8.04010983282695     
   9454.24000000009        8.29118847537105     
   9454.37600000009        8.55046172091719     
   9454.51200000009        8.81774783573662     
   9454.64800000009        9.09283260485645     
   9454.78400000009        9.37545605257254     
   9454.92000000009        9.66531805753497     
   9455.05600000009        9.96208358212667     
   9455.19200000009        10.2653703839166     
   9455.32800000009        10.5747550450083     
   9455.46400000009        10.8897788043865     
   9455.60000000009        11.2099345160653     
   9455.73600000010        11.5346825626430     
   9455.87200000010        11.8634363940318     
   9456.00800000010        12.1955804424957     
   9456.14400000010        12.5304523844020     
   9456.28000000010        12.8673673951411     
   9456.41600000010        13.2055950233293     
   9456.55200000010        13.5443881329940     
   9456.68800000010        13.8829590736446     
   9456.82400000010        14.2205051662912     
   9456.96000000010        14.5561998783305     
   9457.09600000010        14.8891935435669     
   9457.23200000010        15.2186288973385     
   9457.36800000010        15.5436308336849     
   9457.50400000010        15.8633211345366     
   9457.64000000010        16.1768223420744     
   9457.77600000010        16.4832470305733     
   9457.91200000010        16.7817241321989     
   9458.04800000010        17.0713868686367     
   9458.18400000010        17.3513851628860     
   9458.32000000010        17.6208825314508     
   9458.45600000010        17.8790691160732     
   9458.59200000010        18.1251659254451     
   9458.72800000010        18.3584141736699     
   9458.86400000011        18.5781009880095     
   9459.00000000011        18.7835475111892     
   9459.13600000011        18.9741177993982     
   9459.27200000011        19.1492272916534     
   9459.40800000011        19.3083305889646     
   9459.54400000011        19.4509457741524     
   9459.68000000011        19.5766407958014     
   9459.81600000011        19.6850419530417     
   9459.95200000011        19.7758350457677     
   9460.08800000011        19.8487722352778     
   9460.22400000011        19.9036580056213     
   9460.36000000011        19.9403703878084     
   9460.49600000011        19.9588474947217     
   9460.63200000011        19.9590914574660     
   9460.76800000011        19.9411717255722     
   9460.90400000011        19.9052200256626     
   9461.04000000011        19.8514302633753     
   9461.17600000011        19.7800571224047     
   9461.31200000011        19.6914184836881     
   9461.44800000011        19.5858880285607     
   9461.58400000011        19.4638946745108     
   9461.72000000011        19.3259221559179     
   9461.85600000011        19.1724990742915     
   9461.99200000011        19.0042063814666     
   9462.12800000012        18.8216682063474     
   9462.26400000012        18.6255455445679     
   9462.40000000012        18.4165358818627     
   9462.53600000012        18.1953701405507     
   9462.67200000012        17.9628080570181     
   9462.80800000012        17.7196275745829     
   9462.94400000012        17.4666361400885     
   9463.08000000012        17.2046483944657     
   9463.21600000012        16.9344925749253     
   9463.35200000012        16.6570030100216     
   9463.48800000012        16.3730206334957     
   9463.62400000012        16.0833814550560     
   9463.76000000012        15.7889177644033     
   9463.89600000012        15.4904523232585     
   9464.03200000012        15.1887989710693     
   9464.16800000012        14.8847519953145     
   9464.30400000012        14.5790880635644     
   9464.44000000012        14.2725615880566     
   9464.57600000012        13.9659040497460     
   9464.71200000012        13.6598187114593     
   9464.84800000012        13.3549801405655     
   9464.98400000012        13.0520313361664     
   9465.12000000012        12.7515814475749     
   9465.25600000012        12.4542042292300     
   9465.39200000013        12.1604414131933     
   9465.52800000013        11.8707940760589     
   9465.66400000013        11.5857296878109     
   9465.80000000013        11.3056772646477     
   9465.93600000013        11.0310251924688     
   9466.07200000013        10.7621252341796     
   9466.20800000013        10.4992922827306     
   9466.34400000013        10.2428044687985     
   9466.48000000013        9.99290240955130     
   9466.61600000013        9.74979287913152     
   9466.75200000013        9.51364559565884     
   9466.88800000013        9.28459473080713     
   9467.02400000013        9.06275144092728     
   9467.16000000013        8.84818637097866     
   9467.29600000013        8.64094325151046     
   9467.43200000013        8.44103998797441     
   9467.56800000013        8.24846727586347     
   9467.70400000013        8.06319111852647     
   9467.84000000013        7.88515659046978     
   9467.97600000013        7.71428445129464     
   9468.11200000013        7.55047507818168     
   9468.24800000013        7.39361984912127     
   9468.38400000013        7.24358535186150     
   9468.52000000014        7.10022385088488     
   9468.65600000014        6.96338419505782     
   9468.79200000014        6.83289544798823     
   9468.92800000014        6.70857956944016     
   9469.06400000014        6.59025303154442     
   9469.20000000014        6.47772349641300     
   9469.33600000014        6.37079547151596     
   9469.47200000014        6.26926735457164     
   9469.60800000014        6.17293724046309     
   9469.74400000014        6.08160259733482     
   9469.88000000014        5.99505439200895     
   9470.01600000014        5.91309341136775     
   9470.15200000014        5.83551562402810     
   9470.28800000014        5.76211766126894     
   9470.42400000014        5.69270825716915     
   9470.56000000014        5.62709023784517     
   9470.69600000014        5.56507173357512     
   9470.83200000014        5.50647355268775     
   9470.96800000014        5.45111358770370     
   9471.10400000014        5.39881458757663     
   9471.24000000014        5.34941365874691     
   9471.37600000014        5.30274257585572     
   9471.51200000014        5.25865069805274     
   9471.64800000014        5.21698540678783     
   9471.78400000015        5.17760007399258     
   9471.92000000015        5.14036281810901     
   9472.05600000015        5.10513852523506     
   9472.19200000015        5.07180293686742     
   9472.32800000015        5.04024032788545     
   9472.46400000015        5.01033419873904     
   9472.60000000015        4.98198339751190     
   9472.73600000015        4.95508176473469     
   9472.87200000015        4.92954033407158     
   9473.00800000015        4.90526729002283     
   9473.14400000015        4.88217661381945     
   9473.28000000015        4.86019471726555     
   9473.41600000015        4.83924185221999     
   9473.55200000015        4.81925480274754     
   9473.68800000015        4.80016398645463     
   9473.82400000015        4.78191444472751     
   9473.96000000015        4.76444720580096     
   9474.09600000015        4.74770728075152     
   9474.23200000015        4.73165094878415     
   9474.36800000015        4.71622803022712     
   9474.50400000015        4.70140197000468     
   9474.64000000015        4.68712776548695     
   9474.77600000015        4.67337492190826     
   9474.91200000015        4.66010426941235     
   9475.04800000016        4.64728829434127     
   9475.18400000016        4.63489419013922     
   9475.32000000016        4.62289436256773     
   9475.45600000016        4.61125334358296     
   9475.59200000016        4.59989221903476     
   9475.72800000016        4.58750168728634     
   9475.86400000016        4.57519657460923     
   9476.00000000016        4.56499405048432     
   9476.13600000016        4.55520692581793     
   9476.27200000016        4.54570848752925     
   9476.40800000016        4.53644951002876     
   9476.54400000016        4.52740611229785     
   9476.68000000016        4.51856988597993     
   9476.81600000016        4.50991778137900     
   9476.95200000016        4.50145365951765     
   9477.08800000016        4.49316299732963     
   9477.22400000016        4.48503809937817     
   9477.36000000016        4.47706812635488     
   9477.49600000016        4.46925591909023     
   9477.63200000016        4.46158430528068     
   9477.76800000016        4.45405853357239     
   9477.90400000016        4.44666977066638     
   9478.04000000016        4.43941726189591     
   9478.17600000017        4.43228689779442     
   9478.31200000017        4.42528413267588     
   9478.44800000017        4.41840422836229     
   9478.58400000017        4.41163789671391     
   9478.72000000017        4.40498761127924     
   9478.85600000017        4.39844459199047     
   9478.99200000017        4.39200968732653     
   9479.12800000017        4.38568261814839     
   9479.26400000017        4.37945100047491     
   9479.40000000017        4.37332414225892     
   9479.53600000017        4.36728627376180     
   9479.67200000017        4.36134796486744     
   9479.80800000017        4.35549752543704     
   9479.94400000017        4.34973832164953     
   9480.08000000017        4.34406251130747     
   9480.21600000017        4.33847331435640     
   9480.35200000017        4.33296478470082     
   9480.48800000017        4.32753677210951     
   9480.62400000017        4.32218699105098     
   9480.76000000017        4.31691236785887     
   9480.89600000017        4.31171502148638     
   9481.03200000017        4.30658974743915     
   9481.16800000017        4.30153338075213     
   9481.30400000017        4.29655160746118     
   9481.44000000018        4.29163243482285     
   9481.57600000018        4.28678309357614     
   9481.71200000018        4.28199784051057     
   9481.84800000018        4.27727612829287     
   9481.98400000018        4.27261357502339     
   9482.12000000018        4.26801756648329     
   9482.25600000018        4.26347912472519     
   9482.39200000018        4.25899579630412     
   9482.52800000018        4.25457377460300     
   9482.66400000018        4.25020586092881     
   9482.80000000018        4.24589532414962     
   9482.93600000018        4.24163549332693     
   9483.07200000018        4.23742862130335     
   9483.20800000018        4.23327072851609     
   9483.34400000018        4.22916707664089     
   9483.48000000018        4.22511130258619     
   9483.61600000018        4.22110679064635     
   9483.75200000018        4.21714672983766     
   9483.88800000018        4.21323355631152     
   9484.02400000018        4.20936719587790     
   9484.16000000018        4.20554916970925     
   9484.29600000018        4.20177039256411     
   9484.43200000018        4.19803752702578     
   9484.56800000018        4.19434418623804     
   9484.70400000019        4.19069309723200     
   9484.84000000019        4.18708446726960     
   9484.97600000019        4.18351772945989     
   9485.11200000019        4.17998697713184     
   9485.24800000019        4.17649784148313     
   9485.38400000019        4.17304376310358     
   9485.52000000019        4.16962935829158     
   9485.65600000019        4.16625134852713     
   9485.79200000019        4.16290851528601     
   9485.92800000019        4.15960239827379     
   9486.06400000019        4.15633171555724     
   9486.20000000019        4.15309464606677     
   9486.33600000019        4.14988894960822     
   9486.47200000019        4.14671794254136     
   9486.60800000019        4.14358178843229     
   9486.74400000019        4.14047401332324     
   9486.88000000019        4.13740019715275     
   9487.01600000019        4.13435728123687     
   9487.15200000019        4.13134542745267     
   9487.28800000019        4.12836173556753     
   9487.42400000019        4.12540870439542     
   9487.56000000019        4.12248430715981     
   9487.69600000019        4.11958827916914     
   9487.83200000019        4.11672071677326     
   9487.96800000020        4.11388146884073     
   9488.10400000020        4.11107044473261     
   9488.24000000020        4.10828247403891     
   9488.37600000020        4.10552399994305     
   9488.51200000020        4.10279269100229     
   9488.64800000020        4.10008433885267     
   9488.78400000020        4.09740214041409     
   9488.92000000020        4.09474416376145     
   9489.05600000020        4.09211182336626     
   9489.19200000020        4.08950296881252     
   9489.32800000020        4.08691894553423     
   9489.46400000020        4.08435436955691     
   9489.60000000020        4.08181905726987     
   9489.73600000020        4.07930296779504     
   9489.87200000020        4.07681134342757     
   9490.00800000020        4.07433778347871     
   9490.14400000020        4.07188975301760     
   9490.28000000020        4.06946193281629     
   9490.41600000020        4.06705671412477     
   9490.55200000020        4.06467025635835     
   9490.68800000020        4.06230559053436     
   9490.82400000020        4.05995992613453     
   9490.96000000020        4.05763479345695     
   9491.09600000021        4.05533119220990     
   9491.23200000021        4.05304642845788     
   9491.36800000021        4.05077940620324     
   9491.50400000021        4.04853123044737     
   9491.64000000021        4.04630185356186     
   9491.77600000021        4.04409261631563     
   9491.91200000021        4.04190147362276     
   9492.04800000021        4.03972615347019     
   9492.18400000021        4.03756948700172     
   9492.32000000021        4.03543098655590     
   9492.45600000021        4.03331152349452     
   9492.59200000021        4.03120581886599     
   9492.72800000021        4.02911686458071     
   9492.86400000021        4.02704728764488     
   9493.00000000021        4.02499150454919     
   9493.13600000021        4.02295360868471     
   9493.27200000021        4.02092945559578     
   9493.40800000021        4.01892459169999     
   9493.54400000021        4.01693227594660     
   9493.68000000021        4.01495502361090     
   9493.81600000021        4.01299537597295     
   9493.95200000021        4.01105010118901     
   9494.08800000021        4.00911846605424     
   9494.22400000021        4.00720052566854     
   9494.36000000022        4.00529916416206     
   9494.49600000022        4.00341211848972     
   9494.63200000022        4.00153915504938     
   9494.76800000022        3.99967800623940     
   9494.90400000022        3.99783126199245     
   9495.04000000022        3.99599943296206     
   9495.17600000022        3.99418110711317     
   9495.31200000022        3.99237640967495     
   9495.44800000022        3.99058300832349     
   9495.58400000022        3.98880401603720     
   9495.72000000022        3.98703534631671     
   9495.85600000022        3.98528114191224     
   9495.99200000022        3.98353998104439     
   9496.12800000022        3.98181039931312     
   9496.26400000022        3.98009158908944     
   9496.40000000022        3.97838779112881     
   9496.53600000022        3.97669546648887     
   9496.67200000022        3.97501303479162     
   9496.80800000022        3.97334496615448     
   9496.94400000022        3.97168486123571     
   9497.08000000022        3.97003756582557     
   9497.21600000022        3.96840370469578     
   9497.35200000022        3.96677762516780     
   9497.48800000022        3.96516496463213     
   9497.62400000023        3.96356308936194     
   9497.76000000023        3.96197132567469     
   9497.89600000023        3.96039051155255     
   9498.03200000023        3.95882046129400     
   9498.16800000023        3.95725885930953     
   9498.30400000023        3.95570709293884     
   9498.44000000023        3.95417132208911     
   9498.57600000023        3.95264117055450     
   9498.71200000023        3.95112156768403     
   9498.84800000023        3.94961164869089     
   9498.98400000023        3.94811209261995     
   9499.12000000023        3.94662175979592     
   9499.25600000023        3.94514026070450     
   9499.39200000023        3.94366961671397     
   9499.52800000023        3.94220969560486     
   9499.66400000023        3.94075723832480     
   9499.80000000023        3.93931235816788     
   9499.93600000023        3.93787741065782     
   9500.07200000023        3.93645363789614     
   9500.20800000023        3.93503514951168     
   9500.34400000023        3.93362925951099     
   9500.48000000023        3.93223056209067     
   9500.61600000023        3.93084179979717     
   9500.75200000024        3.92945984000250     
   9500.88800000024        3.92808635998266     
   9501.02400000024        3.92672187968820     
   9501.16000000024        3.92536411591715     
   9501.29600000024        3.92401747621116     
   9501.43200000024        3.92267702106632     
   9501.56800000024        3.92134286197695     
   9501.70400000024        3.92002184224684     
   9501.84000000024        3.91870531901163     
   9501.97600000024        3.91739613768342     
   9502.11200000024        3.91609645615109     
   9502.24800000024        3.91480294524764     
   9502.38400000024        3.91351584421430     
   9502.52000000024        3.91223909231866     
   9502.65600000024        3.91096958186213     
   9502.79200000024        3.90970759769631     
   9502.92800000024        3.90845021969249     
   9503.06400000024        3.90720078718953     
   9503.20000000024        3.90596235273331     
   9503.33600000024        3.90472684118727     
   9503.47200000024        3.90350063066254     
   9503.60800000024        3.90228099024669     
   9503.74400000024        3.90106567594407     
   9503.88000000024        3.89986062110432     
   9504.01600000025        3.89866062693807     
   9504.15200000025        3.89746861684367     
   9504.28800000025        3.89628149650175     
   9504.42400000025        3.89510289572019     
   9504.56000000025        3.89392764081812     
   9504.69600000025        3.89276251135334     
   9504.83200000025        3.89160349303509     
   9504.96800000025        3.89044918811902     
   9505.10400000025        3.88930237440271     
   9505.24000000025        3.88815977834054     
   9505.37600000025        3.88702540807766     
   9505.51200000025        3.88589508152727     
   9505.64800000025        3.88477396771874     
   9505.78400000025        3.88365659567694     
   9505.92000000025        3.88254346340516     
   9506.05600000025        3.88144064458672     
   9506.19200000025        3.88033999361873     
   9506.32800000025        3.87924688927801     
   9506.46400000025        3.87815960573369     
   9506.60000000025        3.87707831756542     
   9506.73600000025        3.87600166598907     
   9506.87200000025        3.87493028236602     
   9507.00800000025        3.87386595873481     
   9507.14400000025        3.87280650713529     
   9507.28000000026        3.87175055261360     
   9507.41600000026        3.87070305942188     
   9507.55200000026        3.86965729408542     
   9507.68800000026        3.86862180623110     
   9507.82400000026        3.86758724978532     
   9507.96000000026        3.86656023838333     
   9508.09600000026        3.86553770363544     
   9508.23200000026        3.86452077139165     
   9508.36800000026        3.86350767514864     
   9508.50400000026        3.86250022469446     
   9508.64000000026        3.86149758038785     
   9508.77600000026        3.86050044852102     
   9508.91200000026        3.85950839910340     
   9509.04800000026        3.85852069524922     
   9509.18400000026        3.85753864290111     
   9509.32000000026        3.85655913832588     
   9509.45600000026        3.85558739727440     
   9509.59200000026        3.85461650395336     
   9509.72800000026        3.85365425786631     
   9509.86400000026        3.85269351866039     
   9510.00000000026        3.85173784705109     
   9510.13600000026        3.85078959541250     
   9510.27200000026        3.84984211413676     
   9510.40800000027        3.84890127648315     
   9510.54400000027        3.84796282962114     
   9510.68000000027        3.84703079310176     
   9510.81600000027        3.84610370451481     
   9510.95200000027        3.84517857339987     
   9511.08800000027        3.84425796933670     
   9511.22400000027        3.84334440281257     
   9511.36000000027        3.84243145261894     
   9511.49600000027        3.84152389263237     
   9511.63200000027        3.84062143567585     
   9511.76800000027        3.83972305494894     
   9511.90400000027        3.83882720950770     
   9512.04000000027        3.83793721642738     
   9512.17600000027        3.83704855227474     
   9512.31200000027        3.83616762283580     
   9512.44800000027        3.83528767300312     
   9512.58400000027        3.83441157991930     
   9512.72000000027        3.83354211906059     
   9512.85600000027        3.83267521950899     
   9512.99200000027        3.83181001281850     
   9513.12800000027        3.83095150546106     
   9513.26400000027        3.83009565497394     
   9513.40000000027        3.82924332560775     
   9513.53600000027        3.82839475144728     
   9513.67200000028        3.82754955531137     
   9513.80800000028        3.82670886417104     
   9513.94400000028        3.82587223010471     
   9514.08000000028        3.82503671644191     
   9514.21600000028        3.82420614617454     
   9514.35200000028        3.82338085170233     
   9514.48800000028        3.82255570449631     
   9514.62400000028        3.82173631608764     
   9514.76000000028        3.82092251352636     
   9514.89600000028        3.82010743073247     
   9515.03200000028        3.81929846168042     
   9515.16800000028        3.81849269998050     
   9515.30400000028        3.81768821286062     
   9515.44000000028        3.81689074773002     
   9515.57600000028        3.81609534509725     
   9515.71200000028        3.81530027966506     
   9515.84800000028        3.81451337848967     
   9515.98400000028        3.81372674932377     
   9516.12000000028        3.81294270919014     
   9516.25600000028        3.81216412819260     
   9516.39200000028        3.81138802591482     
   9516.52800000028        3.81061351094886     
   9516.66400000028        3.80984374553886     
   9516.80000000028        3.80907587298274     
   9516.93600000029        3.80831307249384     
   9517.07200000029        3.80755197076680     
   9517.20800000029        3.80679462076953     
   9517.34400000029        3.80603756612028     
   9517.48000000029        3.80528716007617     
   9517.61600000029        3.80453724938632     
   9517.75200000029        3.80379307115764     
   9517.88800000029        3.80304869858363     
   9518.02400000029        3.80230904590015     
   9518.16000000029        3.80157299949811     
   9518.29600000029        3.80083838316287     
   9518.43200000029        3.80010599819419     
   9518.56800000029        3.79937944648279     
   9518.70400000029        3.79865203352868     
   9518.84000000029        3.79793056613101     
   9518.97600000029        3.79720916717318     
   9519.11200000029        3.79649209564643     
   9519.24800000029        3.79577769047655     
   9519.38400000029        3.79506655521859     
   9519.52000000029        3.79435735469576     
   9519.65600000029        3.79365226721854     
   9519.79200000029        3.79294637703800     
   9519.92800000029        3.79224636169868     
   9520.06400000029        3.79154864990696     
   9520.20000000030        3.79085109215035     
   9520.33600000030        3.79015941631228     
   9520.47200000030        3.78946854674228     
   9520.60800000030        3.78878111712910     
   9520.74400000030        3.78809635464365     
   9520.88000000030        3.78741299514914     
   9521.01600000030        3.78673137982605     
   9521.15200000030        3.78605464493722     
   9521.28800000030        3.78537926759937     
   9521.42400000030        3.78470718014114     
   9521.56000000030        3.78403600637623     
   9521.69600000030        3.78336787153723     
   9521.83200000030        3.78270277827154     
   9521.96800000030        3.78203960325590     
   9522.10400000030        3.78137918079227     
   9522.24000000030        3.78072074724085     
   9522.37600000030        3.78006615124996     
   9522.51200000030        3.77941086305923     
   9522.64800000030        3.77876190830146     
   9522.78400000030        3.77811137186418     
   9522.92000000030        3.77746543764256     
   9523.05600000030        3.77682190519764     
   9523.19200000030        3.77618076946587     
   9523.32800000031        3.77554104253362     
   9523.46400000031        3.77490461371736     
   9523.60000000031        3.77426990286110     
   9523.73600000031        3.77363587878691     
   9523.87200000031        3.77300571725766     
   9524.00800000031        3.77237604885296     
   9524.14400000031        3.77175286719714     
   9524.28000000031        3.77112845722116     
   9524.41600000031        3.77050538475427     
   9524.55200000031        3.76988401570990     
   9524.68800000031        3.76926773615739     
   9524.82400000031        3.76865224763075     
   9524.96000000031        3.76803836429743     
   9525.09600000031        3.76742620822438     
   9525.23200000031        3.76681640433668     
   9525.36800000031        3.76621211190809     
   9525.50400000031        3.76560522894626     
   9525.64000000031        3.76500234819377     
   9525.77600000031        3.76439966758796     
   9525.91200000031        3.76380079641433     
   9526.04800000031        3.76320406133212     
   9526.18400000031        3.76260850060653     
   9526.32000000031        3.76201529389164     
   9526.45600000031        3.76142180529149     
   9526.59200000032        3.76083437452673     
   9526.72800000032        3.76024478325661     
   9526.86400000032        3.75965963065805     
   9527.00000000032        3.75907724070642     
   9527.13600000032        3.75849469603178     
   9527.27200000032        3.75791358381561     
   9527.40800000032        3.75733595390781     
   9527.54400000032        3.75675984462120     
   9527.68000000032        3.75618561104650     
   9527.81600000032        3.75561363643872     
   9527.95200000032        3.75504305502151     
   9528.08800000032        3.75447469987004     
   9528.22400000032        3.75390645752822     
   9528.36000000032        3.75334136591456     
   9528.49600000032        3.75277891655819     
   9528.63200000032        3.75221578622022     
   9528.76800000032        3.75165638847817     
   9528.90400000032        3.75110057717612     
   9529.04000000032        3.75054315437000     
   9529.17600000032        3.74998816541790     
   9529.31200000032        3.74943773389193     
   9529.44800000032        3.74888733393112     
   9529.58400000032        3.74833672898710     
   9529.72000000032        3.74778940813194     
   9529.85600000033        3.74724458299080     
   9529.99200000033        3.74669894305997     
   9530.12800000033        3.74615797531363     
   9530.26400000033        3.74561751352996     
   9530.40000000033        3.74507900361663     
   9530.53600000033        3.74454240466580     
   9530.67200000033        3.74400730026030     
   9530.80800000033        3.74347395762731     
   9530.94400000033        3.74294054508392     
   9531.08000000033        3.74240948507813     
   9531.21600000033        3.74187968816667     
   9531.35200000033        3.74135391636584     
   9531.48800000033        3.74082635120792     
   9531.62400000033        3.74030209478624     
   9531.76000000033        3.73978209255596     
   9531.89600000033        3.73925912857137     
   9532.03200000033        3.73873879098786     
   9532.16800000033        3.73822097694665     
   9532.30400000033        3.73770439969577     
   9532.44000000033        3.73718847618276     
   9532.57600000033        3.73667429329408     
   9532.71200000033        3.73616211818263     
   9532.84800000033        3.73564894446670     
   9532.98400000034        3.73514248218646     
   9533.12000000034        3.73463417717831     
   9533.25600000034        3.73412654685637     
   9533.39200000034        3.73362102142350     
   9533.52800000034        3.73311715747671     
   9533.66400000034        3.73261564643056     
   9533.80000000034        3.73211190265662     
   9533.93600000034        3.73161277534726     
   9534.07200000034        3.73111419991051     
   9534.20800000034        3.73061921970748     
   9534.34400000034        3.73012406938775     
   9534.48000000034        3.72962907090280     
   9534.61600000034        3.72913718375820     
   9534.75200000034        3.72864350397334     
   9534.88800000034        3.72815465244980     
   9535.02400000034        3.72766574677752     
   9535.16000000034        3.72717798888949     
   9535.29600000034        3.72669245585093     
   9535.43200000034        3.72620971811480     
   9535.56800000034        3.72572680623576     
   9535.70400000034        3.72524555088774     
   9535.84000000034        3.72476496488565     
   9535.97600000034        3.72428654326291     
   9536.11200000034        3.72380681017691     
   9536.24800000035        3.72333180427964     
   9536.38400000035        3.72285700904911     
   9536.52000000035        3.72238349661540     
   9536.65600000035        3.72191390415857     
   9536.79200000035        3.72144136369538     
   9536.92800000035        3.72097251771524     
   9537.06400000035        3.72050680221443     
   9537.20000000035        3.72003857524849     
   9537.33600000035        3.71957372347943     
   9537.47200000035        3.71910980928459     
   9537.60800000035        3.71864747574181     
   9537.74400000035        3.71818622463413     
   9537.88000000035        3.71772595562352     
   9538.01600000035        3.71726676025873     
   9538.15200000035        3.71680731429984     
   9538.28800000035        3.71635078729157     
   9538.42400000035        3.71589779788182     
   9538.56000000035        3.71544339153038     
   9538.69600000035        3.71499112113335     
   9538.83200000035        3.71453841944426     
   9538.96800000035        3.71408788417533     
   9539.10400000035        3.71363980227534     
   9539.24000000035        3.71318901832125     
   9539.37600000035        3.71274214811385     
   9539.51200000036        3.71229557386957     
   9539.64800000036        3.71185258912723     
   9539.78400000036        3.71140876357447     
   9539.92000000036        3.71096461865259     
   9540.05600000036        3.71052348545046     
   9540.19200000036        3.71008252973517     
   9540.32800000036        3.70963995738334     
   9540.46400000036        3.70920147955861     
   9540.60000000036        3.70876293497105     
   9540.73600000036        3.70832616580757     
   9540.87200000036        3.70789178892528     
   9541.00800000036        3.70745696569970     
   9541.14400000036        3.70702343639278     
   9541.28000000036        3.70658771672189     
   9541.41600000036        3.70615732596369     
   9541.55200000036        3.70572638088168     
   9541.68800000036        3.70529647238951     
   9541.82400000036        3.70486819951934     
   9541.96000000036        3.70443944390100     
   9542.09600000036        3.70401210033950     
   9542.23200000036        3.70358943191770     
   9542.36800000036        3.70316256078676     
   9542.50400000036        3.70273949026176     
   9542.64000000037        3.70231845410095     
   9542.77600000037        3.70189597806855     
   9542.91200000037        3.70147668825630     
   9543.04800000037        3.70105649222647     
   9543.18400000037        3.70063856169685     
   9543.32000000037        3.70022163153983     
   9543.45600000037        3.69980603575243     
   9543.59200000037        3.69939166593218     
   9543.72800000037        3.69897821838619     
   9543.86400000037        3.69856393113931     
   9544.00000000037        3.69815463797683     
   9544.13600000037        3.69774386882583     
   9544.27200000037        3.69733498628939     
   9544.40800000037        3.69692748539164     
   9544.54400000037        3.69651847863562     
   9544.68000000037        3.69611470119622     
   9544.81600000037        3.69570964560843     
   9544.95200000037        3.69530430929639     
   9545.08800000037        3.69490188109924     
   9545.22400000037        3.69450185917433     
   9545.36000000037        3.69410083632281     
   9545.49600000037        3.69370174409273     
   9545.63200000037        3.69330100523683     
   9545.76800000037        3.69290386176736     
   9545.90400000038        3.69250697923773     
   9546.04000000038        3.69211080622420     
   9546.17600000038        3.69171617929634     
   9546.31200000038        3.69132177512177     
   9546.44800000038        3.69092749909566     
   9546.58400000038        3.69053773068367     
   9546.72000000038        3.69014474696867     
   9546.85600000038        3.68975429449679     
   9546.99200000038        3.68936496324953     
   9547.12800000038        3.68897345281036     
   9547.26400000038        3.68858475580269     
   9547.40000000038        3.68819816746920     
   9547.53600000038        3.68781052951357     
   9547.67200000038        3.68742426927166     
   9547.80800000038        3.68704005602593     
   9547.94400000038        3.68665481002208     
   9548.08000000038        3.68627064839389     
   9548.21600000038        3.68588497788146     
   9548.35200000038        3.68550318407516     
   9548.48800000038        3.68512082642313     
   9548.62400000038        3.68473946273836     
   9548.76000000038        3.68435847906233     
   9548.89600000038        3.68397753649085     
   9549.03200000038        3.68359784740134     
   9549.16800000039        3.68322202418298     
   9549.30400000039        3.68284170859561     
   9549.44000000039        3.68246493000206     
   9549.57600000039        3.68208805063298     
   9549.71200000039        3.68171230264346     
   9549.84800000039        3.68133753806244     
   9549.98400000039        3.68096347007516     
   9550.12000000039        3.68059013868215     
   9550.25600000039        3.68021730205542     
   9550.39200000039        3.67984308886282     
   9550.52800000039        3.67947528997402     
   9550.66400000039        3.67910546135295     
   9550.80000000039        3.67873517150054     
   9550.93600000039        3.67836856513007     
   9551.07200000039        3.67800051419617     
   9551.20800000039        3.67763390394383     
   9551.34400000039        3.67726934601538     
   9551.48000000039        3.67690300785537     
   9551.61600000039        3.67653962786165     
   9551.75200000039        3.67617667172259     
   9551.88800000039        3.67581591263254     
   9552.02400000039        3.67545571794447     
   9552.16000000039        3.67509576776643     
   9552.29600000039        3.67473927521539     
   9552.43200000040        3.67438089532695     
   9552.56800000040        3.67402418034790     
   9552.70400000040        3.67366707649640     
   9552.84000000040        3.67331255186227     
   9552.97600000040        3.67295840795488     
   9553.11200000040        3.67260277235731     
   9553.24800000040        3.67225287806395     
   9553.38400000040        3.67190118100131     
   9553.52000000040        3.67155002482409     
   9553.65600000040        3.67120224424550     
   9553.79200000040        3.67085166421884     
   9553.92800000040        3.67050303030613     
   9554.06400000040        3.67015585737470     
   9554.20000000040        3.66980703347971     
   9554.33600000040        3.66946093826091     
   9554.47200000040        3.66911669066135     
   9554.60800000040        3.66877067637028     
   9554.74400000040        3.66842648248079     
   9554.88000000040        3.66808122893066     
   9555.01600000040        3.66774014215674     
   9555.15200000040        3.66739789216940     
   9555.28800000040        3.66705524600063     
   9555.42400000040        3.66671127302426     
   9555.56000000041        3.66637066495014     
   9555.69600000041        3.66602945872237     
   9555.83200000041        3.66568929396987     
   9555.96800000041        3.66534898325286     
   9556.10400000041        3.66500831513718     
   9556.24000000041        3.66466873713416     
   9556.37600000041        3.66433243889806     
   9556.51200000041        3.66399105729801     
   9556.64800000041        3.66365320723270     
   9556.78400000041        3.66331569809651     
   9556.92000000041        3.66297806420173     
   9557.05600000041        3.66264137605615     
   9557.19200000041        3.66230505466784     
   9557.32800000041        3.66196939389317     
   9557.46400000041        3.66163379689740     
   9557.60000000041        3.66129871345921     
   9557.73600000041        3.66096456434509     
   9557.87200000041        3.66063060641815     
   9558.00800000041        3.66029728710353     
   9558.14400000041        3.65996338106422     
   9558.28000000041        3.65963244122289     
   9558.41600000041        3.65930033344781     
   9558.55200000041        3.65896887074454     
   9558.68800000041        3.65863967072771     
   9558.82400000042        3.65830811884711     
   9558.96000000042        3.65797952410286     
   9559.09600000042        3.65765169698630     
   9559.23200000042        3.65732751002354     
   9559.36800000042        3.65699972455609     
   9559.50400000042        3.65667465020925     
   9559.64000000042        3.65635085522473     
   9559.77600000042        3.65602651487153     
   9559.91200000042        3.65570374218495     
   9560.04800000042        3.65538050607845     
   9560.18400000042        3.65505979441240     
   9560.32000000042        3.65473956342296     
   9560.45600000042        3.65441773777259     
   9560.59200000042        3.65410219095268     
   9560.72800000042        3.65378535932606     
   9560.86400000042        3.65346852540477     
   9561.00000000042        3.65315191083524     
   9561.13600000042        3.65283874298371     
   9561.27200000042        3.65252309571316     
   9561.40800000042        3.65221033773902     
   9561.54400000042        3.65189820057337     
   9561.68000000042        3.65158374070289     
   9561.81600000042        3.65127285130078     
   9561.95200000042        3.65096439194366     
   9562.08800000043        3.65065534013717     
   9562.22400000043        3.65034535513578     
   9562.36000000043        3.65003700824862     
   9562.49600000043        3.64972981891775     
   9562.63200000043        3.64942241475793     
   9562.76800000043        3.64911522999173     
   9562.90400000043        3.64880662001552     
   9563.04000000043        3.64850127872908     
   9563.17600000043        3.64819539997016     
   9563.31200000043        3.64789084003035     
   9563.44800000043        3.64758609320753     
   9563.58400000043        3.64728153539004     
   9563.72000000043        3.64697601684085     
   9563.85600000043        3.64667387517815     
   9563.99200000043        3.64636963281101     
   9564.12800000043        3.64606316441813     
   9564.26400000043        3.64576001955121     
   9564.40000000043        3.64545699354819     
   9564.53600000043        3.64515221962374     
   9564.67200000043        3.64484905548051     
   9564.80800000043        3.64454773612352     
   9564.94400000043        3.64424407216114     
   9565.08000000043        3.64394096007918     
   9565.21600000044        3.64363783708395     
   9565.35200000044        3.64333556003183     
   9565.48800000044        3.64303349469245     
   9565.62400000044        3.64273162040876     
   9565.76000000044        3.64242808037365     
   9565.89600000044        3.64212742540022     
   9566.03200000044        3.64182648026751     
   9566.16800000044        3.64152581351367     
   9566.30400000044        3.64122449342610     
   9566.44000000044        3.64092429050884     
   9566.57600000044        3.64062193173698     
   9566.71200000044        3.64032538557039     
   9566.84800000044        3.64002622171689     
   9566.98400000044        3.63972614941669     
