1 0.98780410636383
2 0.99403484301846
3 0.989500037968805
4 0.994121269329479
5 0.997946897912374
6 0.994871127461443
7 0.995189434846292
8 0.996702738563936
9 0.991099255386491
10 0.997643645696556
11 0.995899462865014
12 0.99575616227074
13 0.997734666410001
14 0.993934064563198
15 0.997583960044636
16 0.987762758393517
17 0.995281356742274
18 0.894464231623537
19 0.99949557778007
20 0.992466929515108
21 0.991993183016011
22 0.995973265076974
23 0.995615607271192
24 1.00127209320856
25 0.995881453592896
26 0.988133127702457
27 0.990949409214091
28 0.977981054764564
29 0.992058727897359
30 0.994800397465786
31 0.994063519206243
32 0.994108557095052
33 0.994046483554936
34 0.994143458632678
35 0.995361597097155
36 0.996408067582511
37 0.994774406840875
38 0.994681485322157
39 0.996546357140092
40 0.994623955936842
41 0.998428567777252
42 0.992443589416351
43 0.996596265408935
44 0.998178672236193
45 0.989961426744749
46 0.821337983703373
47 0.994829270942652
48 0.99391937016007
49 0.991224421937502
50 0.994478979432285
51 0.989482650993486
52 0.996788204241794
53 0.996429329206202
54 0.991075229900323
55 0.996208760039196
56 0.996631618577004
57 0.993948913716192
58 0.99439247010408
59 0.994502623112558
60 0.992894649275981
61 0.99359503241238
62 0.994767671299628
63 0.996117035649553
64 0.992006878779163
65 0.990582586775518
66 0.991755982634319
67 0.997423098551648
68 0.994176071791742
69 0.989451253475832
70 0.991974116344973
71 0.995282572214602
72 0.990251664712153
73 0.995565087146632
74 0.990275513951696
75 0.995640645579675
76 1.00187646594747
77 0.993755274662105
78 0.993789897292943
79 0.996876186841543
80 0.992643790361301
81 0.992090761641941
82 0.993859958969123
83 0.995867726175174
84 0.995416751614162
85 0.993588835069813
86 0.999476907699511
87 0.989871302141651
88 0.996874540957781
89 0.993097938960664
90 0.9926066902053
91 0.995347962561043
92 0.996841909837156
93 0.995943784057041
94 0.994253652476831
95 0.995940035486808
96 1.00119160830887
97 0.998093657353421
98 0.992859525925729
99 0.987469782499239
100 0.999047459728872
101 0.995895326849037
102 0.994509972541736
103 0.992900934792469
104 0.992253527244672
105 0.986778006155232
106 0.991667115321844
107 0.97944769282644
108 0.990754264440588
109 0.988334367437596
110 0.986244271621248
111 0.985581460499809
112 0.985060502035614
113 0.99880412624148
114 0.997012154259834
115 0.990411256836922
116 0.992093486591422
117 0.991164557598805
118 0.993716196569453
119 0.997852230907068
120 1.00984260525476
121 0.990734688730614
122 0.992970403138522
123 0.993144986524365
124 0.998986007346012
125 0.989184010447871
126 0.999972046831963
127 0.990027141744072
128 0.999787454358274
129 0.993142486878621
130 1.00192171268503
131 0.998287971787099
132 0.986865989829253
133 0.992359957627298
134 1.0000418275022
135 0.999468299437116
136 1.00034378594062
137 0.995204970004137
138 0.993645522902446
139 0.998478545344264
140 0.999761536809768
141 1.00000443996984
142 1.00285540637947
143 0.988868567547219
144 0.990741763164161
145 1.0018458306208
146 0.994998545107286
147 0.995428835648466
148 1.02444575053661
149 0.918507437919181
150 0.990891694561931
151 0.997061816020742
152 0.982145071131178
153 1.00573439909655
154 1.01173229665477
155 0.989703167529496
156 0.999503146008251
157 0.988066471400011
158 1.02465117614726
159 0.99303370731579
160 0.997147810349593
161 0.988257666103788
162 0.999022705983894
163 1.00195148095183
164 1.01460137675856
165 1.00446090345237
166 0.992499214016981
167 0.998349618394229
168 1.06259616981312
169 1.12559762492968
170 1.00561980746841
171 1.01222144181054
172 1.0003255311354
173 1.00325052579861
174 0.9920128918359
175 0.971827365155649
176 0.975228820690779
177 0.980903121134737
178 0.99935997956575
179 0.997399043141903
180 0.993155119186374
181 1.00991568255318
182 0.998120811495024
183 1.00248866957181
184 0.987354854008217
185 1.01041569782739
