1.01011
0.560561
0.792611
0.555405
0.545607
0.54677
0.791685
0.607008
0.810428
0.636459
0.488657
0.510671
0.813659
0.609148
0.385717
0.476862
0.406569
0.297076
0.782719
0.361404
0.55208
0.510344
0.519093
0.5365
0.47624
0.360818
0.616881
0.506746
0.248922
0.419843
0.563059
0.21945
0.459795
0.379644
0.754345
0.596203
0.425618
0.462247
0.26134
0.494146
0.334935
0.409048
0.414301
0.428661
0.406769
0.293563
0.642711
0.155997
0.826592
0.4995
0.714511
0.598162
0.429108
0.361304
0.393734
0.267589
0.506634
0.769812
0.683906
0.691267
1.2239
0.848847
0.528003
0.211461
0.327932
0.454937
0.486332
0.338521
0.663151
0.574124
0.305512
0.437717
0.204896
0.302016
0.386285
0.452526
0.508468
0.468732
0.482559
0.597723
0.468249
0.280214
0.500167
0.592332
0.485361
0.491273
0.586616
0.277292
0.455485
0.404215
0.370767
0.564805
0.624122
0.590784
0.601076
0.301229
0.332609
0.220959
0.34163
0.871368
0.754926
0.507881
0.889768
0.352597
0.393022
0.31335
0.262201
0.26455
0.394912
0.426675
0.319485
0.460712
0.417683
0.373612
0.341645
0.466556
0.445636
0.459691
0.576977
0.765683
0.401842
0.349921
0.448071
0.382705
0.261263
0.357638
0.312461
0.327044
0.434043
0.251737
0.343312
0.207989
0.302115
0.258084
0.367625
0.60623
0.391909
0.319874
0.370499
0.29758
0.162031
0.209051
0.246856
0.248838
0.302875
0.202384
0.227504
0.0520369
0.192092
0.270451
0.457937
0.29542
0.169986
0.287735
0.386742
0.368757
0.460021
0.389005
0.324476
0.0963789
0.222339
0.222483
0.110519
0.19203
0.0932613
0.125002
0.104449
0.191441
0.0777353
0.141692
0.222549
0.211806
0.175072
0.10165
0.0769035
0.220405
0.0926381
0.110296
0.127305
0.10938
0.186094
0.127823
0.128154
0.178294
0.322125
0.188643
0.143353
0.325119
0.267523
0.279791
0.184566
0.387634
0.145072
0.243506
0.336353
0.176512
0.171005
0.315526
0.299846
0.123755
0.19282
0.332529
0.0424522
0.282218
0.280672
0.288446
0.227944
0.0659069
0.256364
0.24798
0.270765
0.409113
0.238587
0.22887
0.275465
0.335055
0.0977186
0.293261
0
0.168607
0.235117
0.356095
0.061957
0.12218
0.0966589
0.145681
0.230355
0.155492
0.107093
0.158049
0.234155
0.10512
0.100678
0.115756
0.112549
0.11789
0.170726
0.174431
0.240576
0.0738178
0.120731
0.0463822
0.122675
0.137794
0.104087
0.0987983
0.140657
0.109133
0.125823
0.0911681
0.110322
0.115718
0.141304
0.216395
0.233259
0.120347
0.192307
0.255164
0.170117
0.101552
0.118051
0.250916
0.434981
0.228525
0.163759
0.248406
0.113134
0
0.457576
0.3302
0.547512
0.135501
0.381308
0.4152
0.352297
0.263036
0.265305
0.386771
0.394772
0.270192
0.356114
0.424683
0.227088
0.18292
0.283427
0.110271
0.362404
0.222514
0.157814
0.168973
0.166265
0.0276232
0.128456
0.107095
0.280424
0.123822
0.121583
0.0752011
0.0761354
0.156234
0.100873
0.111333
0.163267
0.0255428
0.131135
0.151292
0.157768
0.152578
0.16714
0.131868
0.146569
0.00295284
0.148518
0.142255
0.156819
0.13618
0.172674
0.536373
0.218562
0.348552
0.249975
0.246529
0.386267
0.483214
0.342364
0.20156
0.535762
1.01782
0.651769
0
0.160283
0.334899
0.435804
0.134399
0.135097
0.135831
0.183436
0.191555
0.0953382
0.19802
0.248067
0.329571
0.200131
0.310559
0.341678
0.153648
0.0580131
0.223959
0.211773
0.173708
0.134507
0.203944
0.235045
0.199696
0.190176
0.0879192
0.303864
0.402434
0.223047
0.11339
0.174756
0.177095
0.180416
0.236672
0.110065
0.261643
0.413115
0.300228
0.34391
0.0673244
0.45713
0.0463896
0.4212
0.266559
0.0734023
0.031211
0.100374
0.1454
0.0537115
0.106864
0.0962126
0.104807
0.198081
0.295231
0.361216
0.101483
0.243662
0.27927
0.641916
0.0921456
0.177651
0.139948
0.172937
0.120906
0.202708
0.347727
0.100803
0.225215
0.5824
0.284756
0.317747
0.155408
0.270595
0.0726629
0.103992
0.465544
0.0866297
0.0865163
0.0494825
0.0458444
0.139269
0.055957
0.0996282
0.0752488
0.0559244
0.0783531
0.0727959
0.0810656
0.0359397
0.0274188
0.130739
0.0772608
0.0368926
0.0619117
0.0835749
0.0553826
0.0596864
0.0958006
0.108213
0.113155
0.0649475
0.0574916
0.114708
0.0987919
0.0835107
0.0948109
0.100418
0.051044
0.0819571
0.0787513
0.0779675
0.0730137
0.112948
0.0562408
0
0.149749
0.400412
0.213227
0.15058
0.088932
0.348697
0.1602
0.369567
0.407893
0.324902
0.1458
0.139023
0.158108
0.0951292
0.0831452
0.696706
0.203175
0.320829
0.260682
0.317071
0.314132
0.305589
0.253149
0.361485
0.247809
0.234691
0.244659
0.272792
0.418625
0.326243
0.106826
0.0653179
0.0909159
0.056189
0.0646932
0.13959
0.0407778
0.0315297
0.0587112
0.10952
0.0611265
0.103278
0.063276
0.116719
0.100726
0.106624
0.0449609
0.0869879
0.0335679
0.102409
0.0497424
0.0714429
0.075685
0.11495
0.0761831
0.0891521
0.0805006
0.0633535
0.0796158
0.10692
0.0971132
0.0826838
0.0842947
0.0502885
0.0447613
0.0625208
0.29834
0.49281
0.247693
0.775545
0.388699
0.324756
0.479729
0.284032
0.347633
0.3301
0.223566
0.165127
0.382346
0.414957
0.124285
0.118455
0.0845633
0.106177
0.0546059
0.119276
0.0565919
0.0396981
0.20077
0.0406844
0.0898503
0.082728
0.111663
0.0555122
0.0745721
0.0802728
0.0643042
0.102003
0.0627086
0.0779266
0.183929
0.149537
0.0705677
0
0.0895481
0.0527672
0.123831
0.123115
0.127357
0.114527
0.0841466
0.0505467
0.0585638
0.0855246
0.108589
0.09234
0.13265
0.0757205
0.113101
0.470312
0.303151
0.571521
0.284493
0.249983
0.11836
0.134864
0.0662588
0.0740361
0.14553
0.452342
0.179777
0.157755
0.131538
0.154913
0.0906211
0.492489
0.255627
0.287976
0.0956896
0.545297
0.28484
0.359318
0.415062
0.322921
0.270358
0.404784
0.234303
0.24698
0.372266
0.339696
0.228092
0.431151
0.383754
0.185696
0.0881405
0.0687698
0.0551714
0.0897165
0.082599
0.0473966
0.0891498
0.0885197
0.103135
0.0535237
0.0788564
0.0918977
0.0950445
0.102713
0.0676143
0.103856
0.105516
0.11651
0.0822688
0.0609261
0.0880908
0.0842877
0.0249667
0.0774771
0.097987
0.0557784
0.0726599
0.102981
0.108075
0.0966323
0.0865053
0.109899
0.243863
0.359162
0.211373
0.200279
0.0759832
0.148259
0.0930856
0.0932902
0.407337
0.248157
0.385427
0.348026
0.410262
0.00552256
0.484171
0.432197
0.271799
0.39907
0.60636
0.261854
0.676918
0.386477
0.32975
0.203479
0.282713
0.0679368
0.0846301
0.0617036
0.102289
0.0279165
0.045071
0.0450058
0.0822819
0.0603315
0.0875507
0.0763878
0.0458776
0.0622971
0.0434344
0.0530493
0.0748492
0.12018
0.0564294
0.0656889
0.066239
0.0757748
0.0866934
0.066215
0.0554909
0.0958982
0.0532083
0.122276
0.0486924
0.0584944
0.111436
0.173914
0.298767
0.0808077
0.186157
0.301635
0.251963
0.0439945
0.205865
0.482785
0.154987
0.413385
0.419467
0.393925
0.256321
0.431235
0.517431
0.236387
0.307075
0.165333
0.400802
0.361795
0.0816416
0.0386002
0.0490255
0.0447183
0.110919
0.0322149
0.0982494
0.0203976
0.0790616
0.0974055
0.0734116
0.105193
0.0477869
0.0577313
0.0572854
0.0650415
0.0567017
0.0936526
0.0918062
0.0457375
0.0691873
0.150834
0.0439436
0.0781227
0.0394745
0.184822
0.129965
0.0525427
0.1135
0.0969377
0.101415
0.0612541
0.144892
0.0553787
0.0414427
0.310231
0.113974
0.196125
0.0648017
0.181719
0.113829
0.094849
0.123654
0.216806
0.255116
0.192965
0.252472
0.465589
0.352293
0.431679
0.50971
0.386505
0.285097
0.355849
0.532223
0.270338
0.416811
0.412246
0.263941
0.0222382
0.0471674
0.0336083
0.0581071
0.0248755
0.0659474
0.0565253
0.0957126
0.114328
0.0818463
0.0904977
0.0400938
0.0669324
0.0906323
0.055636
0.0907093
0.104553
0.0798012
0.0728324
0.0550546
0.0430236
0.0958223
0.102303
0.0748674
0.0822885
0.0520838
0.122441
0.0609584
0.0629271
0.0632131
0.0624018
0.135227
0.60047
0.215117
0.741846
0.476846
0.392981
0.328793
0.563068
0.149499
0.0684693
0.0977726
0.113685
0.0815194
0.0715613
0.0576952
0.0663298
0.048916
0.066957
0.0830945
0.134239
0.075679
0.0891904
0.0636673
0.118397
0.0893177
0.0379052
0.0650492
0.125549
0.0440247
0.0392847
0.0870998
0
0.0625659
0.4467
0.233542
0.35079
0.271455
0.138697
0.192755
0.314175
0.243597
0.168252
0.00192988
0.0984953
0.314197
0.315775
0.113031
0.0434724
0.0881256
0.291004
0.0560017
0.0752919
0.107435
0.0364948
0.0643871
0.361634
0.226304
0.17085
0.291909
0.221763
0.362647
0.345245
0.117312
0.186118
0.236819
0.195513
0.0400748
0
0.162253
0.0382188
0.0294754
0.0758406
0.0470806
0.076556
0.0442056
0.047569
0.0959204
0.0521486
0.0363398
0.0580057
0.0367808
0.0399898
0.0808747
0.041028
0.0285428
0.0895291
0.0211769
0.0549499
0.0499693
0.0486254
0.0700969
0.0292325
0.0412436
0.0487346
0
0.0506846
0.0803641
0.0307604
0.14395
0.258436
0.0959032
0.202453
0.129076
0.219514
0.0683703
0.124934
0.253675
0.30729
0.196863
0.0596377
0.0384088
0.0895851
0.0823032
0.241986
0.0321286
0.228471
0.0909013
0.171162
0.233205
0.204595
0.0782157
0.241377
0.0270119
0.0469588
0.064412
0.0159776
0.0604754
0.0872274
0.110382
0.0407783
0.0331376
0.0594496
0.07472
0.0618467
0.0110846
0.0153805
0.0476909
0.05567
0.0492154
0.0562451
0.0551956
0.0256873
0.0171398
0.0116797
0.0589875
0.0663643
0.0440836
0.0425513
0.0337142
0.0335672
0.05847
0.0855184
0.0393579
0.0629759
0.335939
0.559642
0.373024
0.423355
0.250028
0.321364
0.52435
0.193462
0.379452
0.673235
0.305651
0.423483
0.418361
0.326615
0.146564
0.23019
0.230227
0.221519
0.0575513
0.303381
0.344026
0.135825
0.283209
0.321305
0.359983
0.174413
0.285688
0.136146
0.0378622
0.0664053
0.0668673
0.163826
0.455232
0.2642
0.390976
0.594312
0.200951
0.213092
0.279819
0.336177
0.325456
0.399786
0.431783
0.355901
0.264239
0.317627
0.267264
0.817739
0.25288
0.209968
0.428889
0.254212
0.178189
0.145515
0.219879
0.128789
0.0304097
0.17193
0.451075
0.135597
0.0807318
0.17735
0.299855
0.171573
0.0771095
0.101738
0.159691
0.174709
0.364369
0.0698812
0.133624
0.100174
0.139467
0.112856
0.20389
0.127834
0.237574
0.140083
0.153812
0.141915
0.157049
0.164052
0.0654178
0.151081
0.183106
1.36084
0.356829
0.350773
0.260719
0.426267
0.520284
0.244118
0.224526
0.39645
0.362042
0.286976
0.419366
0.53413
0.316239
0.424645
0.204083
0.0753269
0.137855
0.0701472
0.325912
0.157241
0.209996
0.179935
0.271856
0.176315
0.399104
0.184021
0.226706
0.150448
0.384729
0.301995
0.296175
0.208998
0.562678
0.361267
0.272838
0.228169
0.281477
0.237158
0.449926
0.276102
0.378166
0.169871
0.204405
0.140968
0.107834
0.185559
0.132922
0.236809
0.152836
0.0618827
0.0629586
0.180863
0
0.173723
0.0787568
0.0918114
0.208592
0.179826
0.209296
0.108883
0.207946
0.2613
0.247853
0.170759
0.125112
0.0768367
0.225089
0.0891825
0.273227
0.147188
0.129708
0.580357
0.495165
0.238531
0.205083
0
0.0722394
0.19245
0.256926
0.154652
0.0236123
0.170389
0.071577
0.146176
0.0757081
0.11423
0.106915
0.244468
0.151912
0.0257576
0.0879245
0.0964494
0.205379
0.0899369
0.234549
0.169164
0.164853
0.116549
0.106488
0.0802252
0.120024
0.115814
0.144719
0.147082
0.112433
0.141483
0.236238
0.0730693
0.159581
0.0909729
0.100437
0.102181
0.131942
0.264801
0.100109
0.0710026
0.153115
0.0979967
0.143343
0.123809
0.416216
0
0.252933
0.171606
0.364638
0.331844
0.106372
0.102926
0.264242
0.295582
0.234859
0.193559
0.206996
0.217221
0.0787676
0.50863
0.288002
0.0613312
0.248577
0.225446
0.224975
0.0994647
0.119419
0.204931
0.178593
0.196679
0.205175
0.271995
0.301534
0.255675
0.247772
0.148719
0.26799
0.251774
0.328417
0.1709
0.160721
0.239989
0.347646
0.00378061
0.422319
0.236923
0.200484
0.26237
0.255984
0.340154
0.271476
0.207377
0.0902511
0.464982
0.177418
0.234497
0.253758
0.354154
0.235
0.299031
0.16993
0.282749
0.256485
0.189833
0.143168
0.318453
0.384535
0.172742
0.261406
0.165259
0.269335
0.140746
0.344189
0.155947
0.200722
0.187477
0.324365
0.193284
0.251158
0.234467
0.0887736
0.412271
0.227886
0.252414
0.119027
0.144438
0.127034
0.26817
0
0.237227
0.530633
0.249808
0.115226
0.171561
0.38252
0.802071
0.131625
0.0770106
0.0717178
0.0820105
0.127401
0.367848
0.138858
0.0465456
0.255243
0.173941
0.399634
0.14039
0.0651504
0.481757
0.303353
0.52379
0.453875
0.332717
0.27497
0.247274
0.586901
2.11161
0.30047
0.623744
0.499966
0.467268
0.588633
0.0898954
0.200823
0.187467
0.141564
0.160937
0
0.131975
0.249849
0.285824
0.153385
0.105826
0.167059
0.116312
0.0421551
0.083205
0.0409333
0.164104
0.0494032
0.102395
0.0600022
0.230844
0.132207
0.154368
0.0433832
0.111705
0.142436
0.0990669
0.041314
0.154923
0.110927
0.106265
0.109384
0.0526298
0.0603348
0.106989
0.121887
0.0536381
0.107855
0.0699365
0.0571933
0.0550084
0.074871
0.084065
0.0503927
0.111798
0
0.140504
0.116461
0.112527
0.105746
0.119396
0.366541
0.70801
0.507376
0.28419
0.498567
0
0.129992
0.12214
0.251773
0.209779
0.292297
0.594719
0.200904
0.594914
0.0935897
0.41109
0.551577
0.21767
0.342523
0.242705
0.232065
0.133719
0.250977
0.314815
0.325942
0
0.323778
0.33044
0.273225
0.233161
0.221005
0.410653
0.277626
0
0.270367
0.150926
0.170772
0.135171
0.250267
0.385521
0.254465
0.346272
0.202193
0.182099
0.0640322
0.261218
0.286183
0.185645
0.0863293
0.288621
0.0596442
0.570783
0.211918
0.304467
0.383744
0.33258
0.224251
0.27948
0.314494
0.194746
0.148386
0.129013
0.0945257
0.201207
0.148534
0.182431
0.265494
0.322307
0.267993
0.0714341
0.112441
0.128771
0.164128
0.0658625
0.0760781
0.123372
0.0871287
0.170746
0.134071
0.132795
0.195778
0.109712
0.228571
0.0276873
0
0.0403201
0.124235
0.0384095
0.0717875
0.0659833
0.174416
0.0483159
0.066975
0.138103
0.129923
0.0795545
0.0302535
0.163434
0.119062
0.235878
0.0886038
0.369251
0.270339
0.240504
0.231825
0.23215
0.16832
0.257572
0.353142
0.189625
0.265639
0.259611
0.195851
0.320407
0.30834
0.136227
0.099818
0.116274
0.200816
0.221677
0.113055
0.1563
0.164371
0.0971408
0.106492
0.114869
0.150254
0.0886984
0.144915
0.147305
0.075931
0.14492
0.106987
0.0864625
0.213903
0.117719
0.140066
0.0641251
0.0864083
0.0788428
0.117181
0.0771452
0.161038
0.0989416
0.105725
0.154159
0.136051
0.166751
0.144399
0.0417545
0.24374
0.368855
0.229146
0.0802936
0.183551
