   10322.0000000000        3.19587891052462     
   10322.0780000000        3.19583134641892     
   10322.1560000000        3.19578378733947     
   10322.2340000000        3.19573623530363     
   10322.3120000000        3.19568868945464     
   10322.3900000000        3.19564114892306     
   10322.4680000000        3.19559361559744     
   10322.5460000000        3.19554608860513     
   10322.6240000000        3.19549856705868     
   10322.7020000000        3.19545105288763     
   10322.7800000000        3.19540354520184     
   10322.8580000000        3.19535604405329     
   10322.9360000000        3.19530854853853     
   10323.0140000000        3.19526106079763     
   10323.0920000000        3.19521357958323     
   10323.1700000000        3.19516610414004     
   10323.2480000000        3.19511863648635     
   10323.3260000000        3.19507117569521     
   10323.4040000000        3.19502372182332     
   10323.4820000000        3.19497627392343     
   10323.5600000000        3.19492883406473     
   10323.6380000000        3.19488140129954     
   10323.7160000000        3.19483397465364     
   10323.7940000000        3.19478655625626     
   10323.8720000000        3.19473914513341     
   10323.9500000000        3.19469174134707     
   10324.0280000000        3.19464434407090     
   10324.1060000000        3.19459695514823     
   10324.1840000000        3.19454957375264     
   10324.2620000000        3.19450219994942     
   10324.3400000000        3.19445483380469     
   10324.4180000000        3.19440747428435     
   10324.4960000000        3.19436012365753     
   10324.5740000000        3.19431278089263     
   10324.6520000000        3.19426544605934     
   10324.7300000000        3.19421811922829     
   10324.8080000000        3.19417079932704     
   10324.8860000000        3.19412348871391     
   10324.9640000000        3.19407618632038     
   10325.0420000000        3.19402889222096     
   10325.1200000000        3.19398160649116     
   10325.1980000000        3.19393432819421     
   10325.2760000000        3.19388705943180     
   10325.3540000000        3.19383979927151     
   10325.4320000000        3.19379254779307     
   10325.5100000000        3.19374530507731     
   10325.5880000000        3.19369807120618     
   10325.6660000000        3.19365084626279     
   10325.7440000000        3.19360362906708     
   10325.8220000000        3.19355642222713     
   10325.9000000000        3.19350922457087     
   10325.9780000000        3.19346203618616     
   10326.0560000000        3.19341485716207     
   10326.1340000000        3.19336768758896     
   10326.2120000000        3.19332052755846     
   10326.2900000000        3.19327337716352     
   10326.3680000000        3.19322623649841     
   10326.4460000000        3.19317910565878     
   10326.5240000000        3.19313198336275     
   10326.6020000000        3.19308487245680     
   10326.6800000000        3.19303777186004     
   10326.7580000000        3.19299068129713     
   10326.8360000000        3.19294360105868     
   10326.9140000000        3.19289653124899     
   10326.9920000000        3.19284947197389     
   10327.0700000000        3.19280242334082     
   10327.1480000000        3.19275538545877     
   10327.2260000000        3.19270835843839     
   10327.3040000000        3.19266134239197     
   10327.3820000000        3.19261433743351     
   10327.4600000000        3.19256734367872     
   10327.5380000000        3.19252036124505     
   10327.6160000000        3.19247339025177     
   10327.6940000000        3.19242643081995     
   10327.7720000000        3.19237948307252     
   10327.8500000000        3.19233254713431     
   10327.9280000000        3.19228562313207     
   10328.0060000000        3.19223871119454     
   10328.0840000000        3.19219181145244     
   10328.1620000000        3.19214492403856     
   10328.2400000000        3.19209805079266     
   10328.3180000000        3.19205118846341     
   10328.3960000000        3.19200433887410     
   10328.4740000000        3.19195750216612     
   10328.5520000000        3.19191067848314     
   10328.6300000000        3.19186386797110     
   10328.7080000000        3.19181707077831     
   10328.7860000000        3.19177028725565     
   10328.8640000000        3.19172351715675     
   10328.9420000000        3.19167676271512     
   10329.0200000000        3.19163002036021     
   10329.0980000000        3.19158329210400     
   10329.1760000000        3.19153657810996     
   10329.2540000000        3.19148987854430     
   10329.3320000000        3.19144319357599     
   10329.4100000000        3.19139652539029     
   10329.4880000000        3.19134987016868     
   10329.5660000000        3.19130323006965     
   10329.6440000000        3.19125660527389     
   10329.7220000000        3.19120999807012     
   10329.8000000000        3.19116340447307     
   10329.8780000000        3.19111682674133     
   10329.9560000000        3.19107026506836     
   10330.0340000000        3.19102372186311     
   10330.1120000000        3.19097719294382     
   10330.1899999999        3.19093068068551     
   10330.2679999999        3.19088418758668     
   10330.3459999999        3.19083770932207     
   10330.4239999999        3.19079124835325     
   10330.5019999999        3.19074480489890     
   10330.5799999999        3.19069838161203     
   10330.6579999999        3.19065197391012     
   10330.7359999999        3.19060558688572     
   10330.8139999999        3.19055921586565     
   10330.8919999999        3.19051286351802     
   10330.9699999999        3.19046653268128     
   10331.0479999999        3.19042021847366     
   10331.1259999999        3.19037392634501     
   10331.2039999999        3.19032765129666     
   10331.2819999999        3.19028139892068     
   10331.3599999999        3.19023516408993     
   10331.4379999999        3.19018894974377     
   10331.5159999999        3.19014275903798     
   10331.5939999999        3.19009658657263     
   10331.6719999999        3.19005043841097     
   10331.7499999999        3.19000431197579     
   10331.8279999999        3.18995820456921     
   10331.9059999999        3.18991212249121     
   10331.9839999999        3.18986605996785     
   10332.0619999999        3.18982002351607     
   10332.1399999999        3.18977400716188     
   10332.2179999999        3.18972801765764     
   10332.2959999999        3.18968205215599     
   10332.3739999999        3.18963610763126     
   10332.4519999999        3.18959019116586     
   10332.5299999999        3.18954429978403     
   10332.6079999999        3.18949843030223     
   10332.6859999999        3.18945259018054     
   10332.7639999999        3.18940677629433     
   10332.8419999999        3.18936098904541     
   10332.9199999999        3.18931522502277     
   10332.9979999999        3.18926949223224     
   10333.0759999999        3.18922378733554     
   10333.1539999999        3.18917811077159     
   10333.2319999999        3.18913246298936     
   10333.3099999999        3.18908684023908     
   10333.3879999999        3.18904125133298     
   10333.4659999999        3.18899569261474     
   10333.5439999999        3.18895016457654     
   10333.6219999999        3.18890466772228     
   10333.6999999999        3.18885920256798     
   10333.7779999999        3.18881376940930     
   10333.8559999999        3.18876836925324     
   10333.9339999999        3.18872300242194     
   10334.0119999999        3.18867766948402     
   10334.0899999999        3.18863237102239     
   10334.1679999999        3.18858710763478     
   10334.2459999999        3.18854187993420     
   10334.3239999999        3.18849669413481     
   10334.4019999999        3.18845153986061     
   10334.4799999999        3.18840642321788     
   10334.5579999999        3.18836134488705     
   10334.6359999999        3.18831631172490     
   10334.7139999999        3.18827131231632     
   10334.7919999999        3.18822635338363     
   10334.8699999999        3.18818144234854     
   10334.9479999999        3.18813656687887     
   10335.0259999999        3.18809173423775     
   10335.1039999999        3.18804695251649     
   10335.1819999999        3.18800220828545     
   10335.2599999999        3.18795751715346     
   10335.3379999999        3.18791286489196     
   10335.4159999999        3.18786826807549     
   10335.4939999999        3.18782372000729     
   10335.5719999999        3.18777921303721     
   10335.6499999999        3.18773476535641     
   10335.7279999999        3.18769036939298     
   10335.8059999999        3.18764602679951     
   10335.8839999999        3.18760173852528     
   10335.9619999999        3.18755750581293     
   10336.0399999999        3.18751332995244     
   10336.1179999999        3.18746921228402     
   10336.1959999999        3.18742515420110     
   10336.2739999999        3.18738115715375     
   10336.3519999999        3.18733722265221     
   10336.4299999999        3.18729335227090     
   10336.5079999999        3.18724956143628     
   10336.5859999999        3.18720582496921     
   10336.6639999999        3.18716217295885     
   10336.7419999999        3.18711857782387     
   10336.8199999999        3.18707507267336     
   10336.8979999999        3.18703164468698     
   10336.9759999999        3.18698827769470     
   10337.0539999999        3.18694501017680     
   10337.1319999999        3.18690182778322     
   10337.2099999999        3.18685873319740     
   10337.2879999999        3.18681575333744     
   10337.3659999999        3.18677284571392     
   10337.4439999999        3.18673006359433     
   10337.5219999999        3.18668735836315     
   10337.5999999999        3.18664479167137     
   10337.6779999999        3.18660234181041     
   10337.7559999999        3.18656001504220     
   10337.8339999999        3.18651786018157     
   10337.9119999999        3.18647580586483     
   10337.9899999999        3.18643395078410     
   10338.0679999999        3.18639232446631     
   10338.1459999999        3.18635083380902     
   10338.2239999999        3.18630962620215     
   10338.3019999999        3.18626867267509     
   10338.3799999999        3.18622811866980     
   10338.4579999999        3.18618808413847     
   10338.5359999999        3.18614858994141     
   10338.6139999999        3.18611025502712     
   10338.6919999999        3.18607355151233     
   10338.7699999999        3.18604085379347     
   10338.8479999999        3.18602097127541     
   10338.9259999999        3.18617689324105     
   10339.0039999999        3.18675882624654     
   10339.0819999999        3.18685956513211     
   10339.1599999999        3.18692935830659     
   10339.2379999999        3.18699410230407     
   10339.3159999999        3.18705760497547     
   10339.3939999999        3.18712192839979     
   10339.4719999999        3.18719148844359     
   10339.5499999999        3.18726528130041     
   10339.6279999999        3.18734532505717     
   10339.7059999999        3.18743078959528     
   10339.7839999999        3.18752212269105     
   10339.8619999999        3.18762112375359     
   10339.9399999999        3.18772821058141     
   10340.0179999999        3.18784381865365     
   10340.0959999999        3.18796840602961     
   10340.1739999999        3.18810150601989     
   10340.2519999999        3.18824454020018     
   10340.3299999999        3.18839803579334     
   10340.4079999999        3.18856172749619     
   10340.4859999999        3.18873809679937     
   10340.5639999999        3.18892568858972     
   10340.6419999999        3.18912727168085     
   10340.7199999999        3.18934133135781     
   10340.7979999999        3.18956965217861     
   10340.8759999999        3.18981311666445     
   10340.9539999999        3.19007216743649     
   10341.0319999999        3.19034679762286     
   10341.1099999999        3.19063964076619     
   10341.1879999999        3.19095047913604     
   10341.2659999999        3.19127970716359     
   10341.3439999999        3.19162947635171     
   10341.4219999999        3.19199954469067     
   10341.4999999999        3.19239129695105     
   10341.5779999999        3.19280594111555     
   10341.6559999999        3.19324558124087     
   10341.7339999999        3.19370934689927     
   10341.8119999999        3.19419962617422     
   10341.8899999999        3.19471734447070     
   10341.9679999999        3.19526376200610     
   10342.0459999999        3.19583995497531     
   10342.1239999999        3.19644737430736     
   10342.2019999999        3.19708781044732     
   10342.2799999999        3.19776264545862     
   10342.3579999999        3.19847341635748     
   10342.4359999999        3.19922057091192     
   10342.5139999999        3.20000766809675     
   10342.5919999999        3.20083526740132     
   10342.6699999999        3.20170444727860     
   10342.7479999999        3.20261865316604     
   10342.8259999999        3.20357797469565     
   10342.9039999999        3.20458576885197     
   10342.9819999999        3.20564350848452     
   10343.0599999999        3.20675314758265     
   10343.1379999999        3.20791717532629     
   10343.2159999999        3.20913696111455     
   10343.2939999999        3.21041523592119     
   10343.3719999999        3.21175457848352     
   10343.4499999999        3.21315751927515     
   10343.5279999999        3.21462617173780     
   10343.6059999999        3.21616260271311     
   10343.6839999999        3.21776998285971     
   10343.7619999999        3.21945151485424     
   10343.8399999999        3.22120892393612     
   10343.9179999999        3.22304562353672     
   10343.9959999999        3.22496503342058     
   10344.0739999999        3.22696913049420     
   10344.1519999999        3.22906157328679     
   10344.2299999999        3.23124599829877     
   10344.3079999999        3.23352465599958     
   10344.3859999999        3.23590144899896     
   10344.4639999999        3.23838023058470     
   10344.5419999999        3.24096354119736     
   10344.6199999999        3.24365552537366     
   10344.6979999999        3.24646025176063     
   10344.7759999999        3.24938056538729     
   10344.8539999999        3.25242053544118     
   10344.9319999999        3.25558472579115     
   10345.0099999999        3.25887674527173     
   10345.0879999999        3.26230098416786     
   10345.1659999999        3.26586081296754     
   10345.2439999999        3.26956121726725     
   10345.3219999999        3.27340635130793     
   10345.3999999999        3.27740137484750     
   10345.4779999999        3.28154899450419     
   10345.5559999999        3.28585536270694     
   10345.6339999999        3.29032474266272     
   10345.7119999999        3.29496152640775     
   10345.7899999999        3.29977099572822     
   10345.8679999999        3.30475737445818     
   10345.9459999999        3.30992721232271     
   10346.0239999999        3.31528367014083     
   10346.1019999999        3.32083229970070     
   10346.1799999999        3.32657901013328     
   10346.2579999999        3.33252823957048     
   10346.3359999999        3.33868571664125     
   10346.4139999998        3.34505622710054     
   10346.4919999998        3.35164662646903     
   10346.5699999998        3.35846010537101     
   10346.6479999998        3.36550382700991     
   10346.7259999998        3.37278259117721     
   10346.8039999998        3.38030199279307     
   10346.8819999998        3.38806786381227     
   10346.9599999998        3.39608546377248     
   10347.0379999998        3.40436111093154     
   10347.1159999998        3.41289962295329     
   10347.1939999998        3.42170682570760     
   10347.2719999998        3.43078890936094     
   10347.3499999998        3.44015118570996     
   10347.4279999998        3.44979920614141     
   10347.5059999998        3.45973886632433     
   10347.5839999998        3.46997544509149     
   10347.6619999998        3.48051508548923     
   10347.7399999998        3.49136334556507     
   10347.8179999998        3.50252477234618     
   10347.8959999998        3.51400581389921     
   10347.9739999998        3.52581267897199     
   10348.0519999998        3.53794863599640     
   10348.1299999998        3.55042014839277     
   10348.2079999998        3.56323270978880     
   10348.2859999998        3.57639220008387     
   10348.3639999998        3.58990161508513     
   10348.4419999998        3.60376707748215     
   10348.5199999998        3.61799370573693     
   10348.5979999998        3.63258628245058     
   10348.6759999998        3.64754930902348     
   10348.7539999998        3.66288652699762     
   10348.8319999998        3.67860317313996     
   10348.9099999998        3.69470345057944     
   10348.9879999998        3.71119090282947     
   10349.0659999998        3.72806952781938     
   10349.1439999998        3.74534334651853     
   10349.2219999998        3.76301606812548     
   10349.2999999998        3.78109013711211     
   10349.3779999998        3.79956900887995     
   10349.4559999998        3.81845589131505     
   10349.5339999998        3.83775340160671     
   10349.6119999998        3.85746346784671     
   10349.6899999998        3.87758839917397     
   10349.7679999998        3.89813034608864     
   10349.8459999998        3.91909122533237     
   10349.9239999998        3.94047231132411     
   10350.0019999998        3.96227420244260     
   10350.0799999998        3.98449791653023     
   10350.1579999998        4.00714429111253     
   10350.2359999998        4.03021359696634     
   10350.3139999998        4.05370489150789     
   10350.3919999998        4.07761813762451     
   10350.4699999998        4.10195287090298     
   10350.5479999998        4.12670780076603     
   10350.6259999998        4.15188098774790     
   10350.7039999998        4.17747077724552     
   10350.7819999998        4.20347518041379     
   10350.8599999998        4.22989187144242     
   10350.9379999998        4.25671746385349     
   10351.0159999998        4.28394848268458     
   10351.0939999998        4.31158121366940     
   10351.1719999998        4.33961173362134     
   10351.2499999998        4.36803575814717     
   10351.3279999998        4.39684803884262     
   10351.4059999998        4.42604277558908     
   10351.4839999998        4.45561446109337     
   10351.5619999998        4.48555719949996     
   10351.6399999998        4.51586404078411     
   10351.7179999998        4.54652752340162     
   10351.7959999998        4.57754036644990     
   10351.8739999998        4.60889484484875     
   10351.9519999998        4.64058268292926     
   10352.0299999998        4.67259500414395     
   10352.1079999998        4.70492202052194     
   10352.1859999998        4.73755428893536     
   10352.2639999998        4.77048190996923     
   10352.3419999998        4.80369459744355     
   10352.4199999998        4.83718094354807     
   10352.4979999998        4.87092922784451     
   10352.5759999998        4.90492749245885     
   10352.6539999998        4.93916426728041     
   10352.7319999998        4.97362689522071     
   10352.8099999998        5.00830181159336     
   10352.8879999998        5.04317525410430     
   10352.9659999998        5.07823365833569     
   10353.0439999998        5.11346218673874     
   10353.1219999998        5.14884753090353     
   10353.1999999998        5.18437366468701     
   10353.2779999998        5.22002494867458     
   10353.3559999998        5.25578594368158     
   10353.4339999998        5.29163995632718     
   10353.5119999998        5.32757190792504     
   10353.5899999998        5.36356397930194     
   10353.6679999998        5.39959889304884     
   10353.7459999998        5.43565912480125     
   10353.8239999998        5.47172778097560     
   10353.9019999998        5.50778690576781     
   10353.9799999998        5.54381765402535     
   10354.0579999998        5.57980142598253     
   10354.1359999998        5.61571939536358     
   10354.2139999998        5.65155344199740     
   10354.2919999998        5.68728445499273     
   10354.3699999998        5.72289231730051     
   10354.4479999998        5.75835774629146     
   10354.5259999998        5.79366124536212     
   10354.6039999998        5.82878330538559     
   10354.6819999998        5.86370418632849     
   10354.7599999998        5.89840352633317     
   10354.8379999998        5.93286112206402     
   10354.9159999998        5.96705698266917     
   10354.9939999998        6.00097165754965     
   10355.0719999998        6.03458501371852     
   10355.1499999998        6.06787626625807     
   10355.2279999998        6.10082506180233     
   10355.3059999998        6.13341232770743     
   10355.3839999998        6.16561787513044     
   10355.4619999998        6.19742119310202     
   10355.5399999998        6.22880403075594     
   10355.6179999998        6.25974553353970     
   10355.6959999998        6.29022608484018     
   10355.7739999998        6.32022703123539     
   10355.8519999998        6.34972939260373     
   10355.9299999998        6.37871441012805     
   10356.0079999998        6.40716295791498     
   10356.0859999998        6.43505665050090     
   10356.1639999998        6.46237751667445     
   10356.2419999998        6.48910841459194     
   10356.3199999998        6.51523093906508     
   10356.3979999998        6.54072953450419     
   10356.4759999998        6.56558615180385     
   10356.5539999998        6.58978436847273     
   10356.6319999998        6.61330885571319     
   10356.7099999998        6.63614420346677     
   10356.7879999998        6.65827539013020     
   10356.8659999998        6.67968723795312     
   10356.9439999998        6.70036539723979     
   10357.0219999998        6.72029704756675     
   10357.0999999998        6.73946890057177     
   10357.1779999998        6.75786759118367     
   10357.2559999998        6.77548257188969     
   10357.3339999998        6.79230079709028     
   10357.4119999998        6.80831175944652     
   10357.4899999998        6.82350519312283     
   10357.5679999998        6.83787145386559     
   10357.6459999998        6.85140171611354     
   10357.7239999998        6.86408599601401     
   10357.8019999998        6.87591776887364     
   10357.8799999998        6.88688878846015     
   10357.9579999998        6.89699297054800     
   10358.0359999998        6.90622440702398     
   10358.1139999998        6.91457770051470     
   10358.1919999998        6.92204755569682     
   10358.2699999998        6.92862985187807     
   10358.3479999998        6.93432195634377     
   10358.4259999998        6.93912051725257     
   10358.5039999998        6.94302443742370     
   10358.5819999998        6.94603205245217     
   10358.6599999998        6.94814212052075     
   10358.7379999998        6.94935461760657     
   10358.8159999998        6.94967096619808     
   10358.8939999998        6.94909189133406     
   10358.9719999998        6.94762039120669     
   10359.0499999998        6.94525894304052     
   10359.1279999998        6.94201000852111     
   10359.2059999998        6.93787818744069     
   10359.2839999998        6.93286816486485     
   10359.3619999998        6.92698587621149     
   10359.4399999998        6.92023624163932     
   10359.5179999998        6.91262744484572     
   10359.5959999998        6.90416522492289     
   10359.6739999998        6.89485801402668     
   10359.7519999998        6.88471426845162     
   10359.8299999998        6.87374363259206     
   10359.9079999998        6.86195465059266     
   10359.9859999998        6.84935908857244     
   10360.0639999998        6.83596621034129     
   10360.1419999998        6.82178771109889     
   10360.2199999998        6.80683596846300     
   10360.2979999998        6.79112269321845     
   10360.3759999998        6.77466172389984     
   10360.4539999998        6.75746587028853     
   10360.5319999998        6.73954841317731     
   10360.6099999998        6.72092363478936     
   10360.6879999998        6.70160681453537     
   10360.7659999998        6.68161238259089     
   10360.8439999998        6.66095679415871     
   10360.9219999998        6.63965530441313     
   10360.9999999998        6.61772362614676     
   10361.0779999998        6.59517833289580     
   10361.1559999998        6.57203655992337     
   10361.2339999998        6.54831562851004     
   10361.3119999998        6.52403299549502     
   10361.3899999998        6.49920626043386     
   10361.4679999998        6.47385223706957     
   10361.5459999998        6.44799017241722     
   10361.6239999998        6.42163763443591     
   10361.7019999998        6.39481349221522     
   10361.7799999998        6.36753675880466     
   10361.8579999998        6.33982491195979     
   10361.9359999998        6.31169831574294     
   10362.0139999998        6.28317444713272     
   10362.0919999998        6.25427286762277     
   10362.1699999998        6.22501258167518     
   10362.2479999998        6.19541249222811     
   10362.3259999998        6.16549257322305     
   10362.4039999998        6.13527111900141     
   10362.4819999998        6.10476681950597     
   10362.5599999998        6.07399873744255     
   10362.6379999997        6.04298603301427     
   10362.7159999997        6.01174776984295     
   10362.7939999997        5.98030276909165     
   10362.8719999997        5.94866939487757     
   10362.9499999997        5.91686526022987     
   10363.0279999997        5.88490956482439     
   10363.1059999997        5.85282026119139     
   10363.1839999997        5.82061527101684     
   10363.2619999997        5.78831291268670     
   10363.3399999997        5.75592940570001     
   10363.4179999997        5.72348343126911     
   10363.4959999997        5.69099105697415     
   10363.5739999997        5.65846917517820     
   10363.6519999997        5.62593453007962     
   10363.7299999997        5.59340363547303     
   10363.8079999997        5.56089256856783     
   10363.8859999997        5.52841591340397     
   10363.9639999997        5.49599042422459     
   10364.0419999997        5.46362981335477     
   10364.1199999997        5.43134932325616     
   10364.1979999997        5.39916327494756     
   10364.2759999997        5.36708543789350     
   10364.3539999997        5.33513046359125     
   10364.4319999997        5.30331060027352     
   10364.5099999997        5.27163838294677     
   10364.5879999997        5.24012720223079     
   10364.6659999997        5.20878861240447     
   10364.7439999997        5.17763482351777     
   10364.8219999997        5.14667764202185     
   10364.8999999997        5.11592664134853     
   10364.9779999997        5.08539378175045     
   10365.0559999997        5.05508838002883     
   10365.1339999997        5.02502032983103     
   10365.2119999997        4.99519919625549     
   10365.2899999997        4.96563428597148     
   10365.3679999997        4.93633435256747     
   10365.4459999997        4.90730642774805     
   10365.5239999997        4.87855971015201     
   10365.6019999997        4.85010045068015     
   10365.6799999997        4.82193607264158     
   10365.7579999997        4.79407357650824     
   10365.8359999997        4.76651855576409     
   10365.9139999997        4.73927799468189     
   10365.9919999997        4.71235642520142     
   10366.0699999997        4.68575853449385     
   10366.1479999997        4.65948972771895     
   10366.2259999997        4.63355415966050     
   10366.3039999997        4.60795619192466     
   10366.3819999997        4.58269880399397     
   10366.4599999997        4.55778644287206     
   10366.5379999997        4.53322103677525     
   10366.6159999997        4.50900484370416     
   10366.6939999997        4.48514078400234     
   10366.7719999997        4.46163073676789     
   10366.8499999997        4.43847632885956     
   10366.9279999997        4.41567856752489     
   10367.0059999997        4.39323953438817     
   10367.0839999997        4.37115886155286     
   10367.1619999997        4.34943670104046     
   10367.2399999997        4.32807381801778     
   10367.3179999997        4.30706991867077     
   10367.3959999997        4.28642496521198     
   10367.4739999997        4.26613764025359     
   10367.5519999997        4.24620826091669     
   10367.6299999997        4.22663455257256     
   10367.7079999997        4.20741494319204     
   10367.7859999997        4.18854843215181     
   10367.8639999997        4.17003306896908     
   10367.9419999997        4.15186719310808     
   10368.0199999997        4.13404792586318     
   10368.0979999997        4.11657410261553     
   10368.1759999997        4.09944145898642     
   10368.2539999997        4.08264861392280     
   10368.3319999997        4.06619170884782     
   10368.4099999997        4.05006805014453     
   10368.4879999997        4.03427441128656     
   10368.5659999997        4.01880783284254     
   10368.6439999997        4.00366500534358     
   10368.7219999997        3.98884098024024     
   10368.7999999997        3.97433328285501     
   10368.8779999997        3.96013747438454     
   10368.9559999997        3.94624970100514     
   10369.0339999997        3.93266601232626     
   10369.1119999997        3.91938262267671     
   10369.1899999997        3.90639575576541     
   10369.2679999997        3.89369957517901     
   10369.3459999997        3.88129105663177     
   10369.4239999997        3.86916508638143     
   10369.5019999997        3.85731782978808     
   10369.5799999997        3.84574433687311     
   10369.6579999997        3.83444061092580     
   10369.7359999997        3.82340153345590     
   10369.8139999997        3.81262375017884     
   10369.8919999997        3.80210131155766     
   10369.9699999997        3.79182963938802     
   10370.0479999997        3.78180458748788     
   10370.1259999997        3.77202144917085     
   10370.2039999997        3.76247592885897     
   10370.2819999997        3.75316268690720     
   10370.3599999997        3.74407840336005     
   10370.4379999997        3.73521671435181     
   10370.5159999997        3.72657424192652     
   10370.5939999997        3.71814591752127     
   10370.6719999997        3.70992724611257     
   10370.7499999997        3.70191375479303     
   10370.8279999997        3.69410132489305     
   10370.9059999997        3.68648488412433     
   10370.9839999997        3.67906136332577     
   10371.0619999997        3.67182472108864     
   10371.1399999997        3.66477098042442     
   10371.2179999997        3.65789621715690     
   10371.2959999997        3.65119612863612     
   10371.3739999997        3.64466686944902     
   10371.4519999997        3.63830354951745     
   10371.5299999997        3.63210342224426     
   10371.6079999997        3.62606067333867     
   10371.6859999997        3.62017252384764     
   10371.7639999997        3.61443461805493     
   10371.8419999997        3.60884315159873     
   10371.9199999997        3.60339435413860     
   10371.9979999997        3.59808489848580     
   10372.0759999997        3.59291044992393     
   10372.1539999997        3.58786876500131     
   10372.2319999997        3.58295462829449     
   10372.3099999997        3.57816498427659     
   10372.3879999997        3.57349673930565     
   10372.4659999997        3.56894652336182     
   10372.5439999997        3.56451097104909     
   10372.6219999997        3.56018738779448     
   10372.6999999997        3.55597267093679     
   10372.7779999997        3.55186244005314     
   10372.8559999997        3.54785481748784     
   10372.9339999997        3.54394634074243     
   10373.0119999997        3.54013442801245     
   10373.0899999997        3.53641635184028     
   10373.1679999997        3.53278944601052     
   10373.2459999997        3.52925048418106     
   10373.3239999997        3.52579811407291     
   10373.4019999997        3.52242804747494     
   10373.4799999997        3.51913891791178     
   10373.5579999997        3.51592793485538     
   10373.6359999997        3.51279278768416     
   10373.7139999997        3.50973114795426     
   10373.7919999997        3.50674125755398     
   10373.8699999997        3.50382016627708     
   10373.9479999997        3.50096705619628     
   10374.0259999997        3.49817809793576     
   10374.1039999997        3.49545251153141     
   10374.1819999997        3.49278770371315     
   10374.2599999997        3.49018211008195     
   10374.3379999997        3.48763376925216     
   10374.4159999997        3.48514139714127     
   10374.4939999997        3.48270244404813     
   10374.5719999997        3.48031660713860     
   10374.6499999997        3.47798060680840     
   10374.7279999997        3.47569334988712     
   10374.8059999997        3.47345353506566     
   10374.8839999997        3.47125968979024     
   10374.9619999997        3.46911022602875     
   10375.0399999997        3.46700428856948     
   10375.1179999997        3.46493967599295     
   10375.1959999997        3.46291645244455     
   10375.2739999997        3.46093170412553     
   10375.3519999997        3.45898471650886     
   10375.4299999997        3.45707453564989     
   10375.5079999997        3.45520000629216     
   10375.5859999997        3.45335988794074     
   10375.6639999997        3.45155364703706     
   10375.7419999997        3.44977937089561     
   10375.8199999997        3.44803742545020     
   10375.8979999997        3.44632523920997     
   10375.9759999997        3.44464237798578     
   10376.0539999997        3.44298811019451     
   10376.1319999997        3.44136164868698     
   10376.2099999997        3.43976193788358     
   10376.2879999997        3.43818875144263     
   10376.3659999997        3.43664039250364     
   10376.4439999997        3.43511745874428     
   10376.5219999997        3.43361761255583     
   10376.5999999997        3.43214068135444     
   10376.6779999997        3.43068616335241     
   10376.7559999997        3.42925344223087     
   10376.8339999997        3.42784164137314     
   10376.9119999997        3.42645077723703     
   10376.9899999997        3.42507920475939     
   10377.0679999997        3.42372754660472     
   10377.1459999997        3.42239372929284     
   10377.2239999997        3.42107798280377     
   10377.3019999997        3.41977894871396     
   10377.3799999997        3.41849489137243     
   10377.4579999997        3.41722067600730     
   10377.5359999997        3.41592040393453     
   10377.6139999997        3.41405912124252     
   10377.6919999997        3.41277048300409     
   10377.7699999997        3.41157014823189     
   10377.8479999997        3.41040398884314     
   10377.9259999997        3.40925725744432     
   10378.0039999997        3.40812923705696     
   10378.0819999997        3.40701650060803     
   10378.1599999997        3.40591813266094     
   10378.2379999997        3.40483117212564     
   10378.3159999997        3.40375775536157     
   10378.3939999997        3.40269465701629     
   10378.4719999997        3.40164365556511     
   10378.5499999997        3.40060286140743     
   10378.6279999997        3.39957217155894     
   10378.7059999997        3.39855244944358     
   10378.7839999997        3.39754123923766     
   10378.8619999996        3.39654099095617     
   10378.9399999996        3.39554962390464     
   10379.0179999996        3.39456886927881     
   10379.0959999996        3.39359554912229     
   10379.1739999996        3.39263171407223     
   10379.2519999996        3.39167543898367     
   10379.3299999996        3.39072869798380     
   10379.4079999996        3.38978995694955     
   10379.4859999996        3.38885982783525     
   10379.5639999996        3.38793732668414     
   10379.6419999996        3.38702335015387     
   10379.7199999996        3.38611717737472     
   10379.7979999996        3.38521805032222     
   10379.8759999996        3.38432634182638     
   10379.9539999996        3.38344262959573     
   10380.0319999996        3.38256630588404     
   10380.1099999996        3.38169635729471     
   10380.1879999996        3.38083478423817     
   10380.2659999996        3.37998016161285     
   10380.3439999996        3.37913207857377     
   10380.4219999996        3.37829059949955     
   10380.4999999996        3.37745570140002     
   10380.5779999996        3.37662730048762     
   10380.6559999996        3.37580580158804     
   10380.7339999996        3.37499047153472     
   10380.8119999996        3.37418188470842     
   10380.8899999996        3.37337896027558     
   10380.9679999996        3.37258369532964     
   10381.0459999996        3.37179309660095     
   10381.1239999996        3.37100850477147     
   10381.2019999996        3.37023071941603     
   10381.2799999996        3.36945782559145     
   10381.3579999996        3.36869170451942     
   10381.4359999996        3.36793034998606     
   10381.5139999996        3.36717604502842     
   10381.5919999996        3.36642585250619     
   10381.6699999996        3.36568263334053     
   10381.7479999996        3.36494394109160     
   10381.8259999996        3.36421048675269     
   10381.9039999996        3.36348234708006     
   10381.9819999996        3.36275997787437     
   10382.0599999996        3.36204186650337     
   10382.1379999996        3.36133022994771     
   10382.2159999996        3.36062287074597     
   10382.2939999996        3.35992107919229     
   10382.3719999996        3.35922380321454     
   10382.4499999996        3.35853140821575     
   10382.5279999996        3.35784373030513     
   10382.6059999996        3.35716092169082     
   10382.6839999996        3.35648286730341     
   10382.7619999996        3.35580924946441     
   10382.8399999996        3.35514106595421     
   10382.9179999996        3.35447671843791     
   10382.9959999996        3.35381727678257     
   10383.0739999996        3.35316194570600     
   10383.1519999996        3.35251110043673     
   10383.2299999996        3.35186435144296     
   10383.3079999996        3.35122207438258     
   10383.3859999996        3.35058418305703     
   10383.4639999996        3.34995094689010     
   10383.5419999996        3.34932146787214     
   10383.6199999996        3.34869605091399     
   10383.6979999996        3.34807521317780     
   10383.7759999996        3.34745721803366     
   10383.8539999996        3.34684439392247     
   10383.9319999996        3.34623494499983     
   10384.0099999996        3.34562928288684     
   10384.0879999996        3.34502787583481     
   10384.1659999996        3.34442987495680     
   10384.2439999996        3.34383600823966     
   10384.3219999996        3.34324574305212     
   10384.3999999996        3.34265948489491     
   10384.4779999996        3.34207667763366     
   10384.5559999996        3.34149707425562     
   10384.6339999996        3.34092070238151     
   10384.7119999996        3.34034873563672     
   10384.7899999996        3.33977934410159     
   10384.8679999996        3.33921389801281     
   10384.9459999996        3.33865250010695     
   10385.0239999996        3.33809391917353     
   10385.1019999996        3.33753863016902     
   10385.1799999996        3.33698651452506     
   10385.2579999996        3.33643756766886     
   10385.3359999996        3.33589208982368     
   10385.4139999996        3.33534868920765     
   10385.4919999996        3.33480973334887     
   10385.5699999996        3.33427371602293     
   10385.6479999996        3.33374048337110     
   10385.7259999996        3.33321026589025     
   10385.8039999996        3.33268331705685     
   10385.8819999996        3.33215907368461     
   10385.9599999996        3.33163759328441     
   10386.0379999996        3.33111884989809     
   10386.1159999996        3.33060332235767     
   10386.1939999996        3.33009063157339     
   10386.2719999996        3.32958007392684     
   10386.3499999996        3.32907351432540     
   10386.4279999996        3.32856899825660     
   10386.5059999996        3.32806741871865     
   10386.5839999996        3.32756765298533     
   10386.6619999996        3.32707099498303     
   10386.7399999996        3.32657701113584     
   10386.8179999996        3.32608538091260     
   10386.8959999996        3.32559600085959     
   10386.9739999996        3.32510935284997     
   10387.0519999996        3.32462615855452     
   10387.1299999996        3.32414437492450     
   10387.2079999996        3.32366494803975     
   10387.2859999996        3.32318797899895     
   10387.3639999996        3.32271353201170     
   10387.4419999996        3.32224115417226     
   10387.5199999996        3.32177082862174     
   10387.5979999996        3.32130322924165     
   10387.6759999996        3.32083744912645     
   10387.7539999996        3.32037479076394     
   10387.8319999996        3.31991327395781     
   10387.9099999996        3.31945457681516     
   10387.9879999996        3.31899783844617     
   10388.0659999996        3.31854318812910     
   10388.1439999996        3.31809027300860     
   10388.2219999996        3.31763916177155     
   10388.2999999996        3.31719051518203     
   10388.3779999996        3.31674350234872     
   10388.4559999996        3.31629934904877     
   10388.5339999996        3.31585610156661     
   10388.6119999996        3.31541538867527     
   10388.6899999996        3.31497631047478     
   10388.7679999996        3.31453888730751     
   10388.8459999996        3.31410316006514     
   10388.9239999996        3.31366950518245     
   10389.0019999996        3.31323785160452     
   10389.0799999996        3.31280807089036     
   10389.1579999996        3.31237949391535     
   10389.2359999996        3.31195347009636     
   10389.3139999996        3.31152855558977     
   10389.3919999996        3.31110567800468     
   10389.4699999996        3.31068386759860     
   10389.5479999996        3.31026369893667     
   10389.6259999996        3.30984550804264     
   10389.7039999996        3.30942900530975     
   10389.7819999996        3.30901417686853     
   10389.8599999996        3.30860034452940     
   10389.9379999996        3.30818894027596     
   10390.0159999996        3.30777873819396     
   10390.0939999996        3.30737027166080     
   10390.1719999996        3.30696290666577     
   10390.2499999996        3.30655671603102     
   10390.3279999996        3.30615194246543     
   10390.4059999996        3.30574888617333     
   10390.4839999996        3.30534744975112     
   10390.5619999996        3.30494687855630     
   10390.6399999996        3.30454769103758     
   10390.7179999996        3.30415130676344     
   10390.7959999996        3.30375568516466     
   10390.8739999996        3.30336127030611     
   10390.9519999996        3.30296759157312     
   10391.0299999996        3.30257537009070     
   10391.1079999996        3.30218482455320     
   10391.1859999996        3.30179562278174     
   10391.2639999996        3.30140778985640     
   10391.3419999996        3.30102077032379     
   10391.4199999996        3.30063593188481     
   10391.4979999996        3.30025179699626     
   10391.5759999996        3.29986924969866     
   10391.6539999996        3.29948754492923     
   10391.7319999996        3.29910671798206     
   10391.8099999996        3.29872739535137     
   10391.8879999996        3.29834943942064     
   10391.9659999996        3.29797268268014     
   10392.0439999996        3.29759725892419     
   10392.1219999996        3.29722237087090     
   10392.1999999996        3.29684998303323     
   10392.2779999996        3.29647801748977     
   10392.3559999996        3.29610752842068     
   10392.4339999996        3.29573779184313     
   10392.5119999996        3.29536898666446     
   10392.5899999996        3.29500139649912     
   10392.6679999996        3.29463523425687     
   10392.7459999996        3.29427049394119     
   10392.8239999996        3.29390660612442     
   10392.9019999996        3.29354422627986     
   10392.9799999996        3.29318232571900     
   10393.0579999996        3.29282181935892     
   10393.1359999996        3.29246295294533     
   10393.2139999996        3.29210454491446     
   10393.2919999996        3.29174689916707     
   10393.3699999996        3.29139130374671     
   10393.4479999996        3.29103610670925     
   10393.5259999996        3.29068250903694     
   10393.6039999996        3.29032962124586     
   10393.6819999996        3.28997933298737     
   10393.7599999996        3.28962833576569     
   10393.8379999996        3.28927894272737     
   10393.9159999996        3.28893092905362     
   10393.9939999996        3.28858390378325     
   10394.0719999996        3.28823766356795     
   10394.1499999996        3.28789234993110     
   10394.2279999996        3.28754829459608     
   10394.3059999996        3.28720589179599     
   10394.3839999996        3.28686449474523     
   10394.4619999996        3.28652473171136     
   10394.5399999996        3.28618476502170     
   10394.6179999996        3.28584707437499     
   10394.6959999996        3.28550970542459     
   10394.7739999996        3.28517367171758     
   10394.8519999996        3.28483910433077     
   10394.9299999996        3.28450505205625     
   10395.0079999996        3.28417176305718     
   10395.0859999996        3.28384040758086     
   10395.1639999995        3.28351000416036     
   10395.2419999995        3.28318183787898     
   10395.3199999995        3.28285343981650     
   10395.3979999995        3.28252599251641     
   10395.4759999995        3.28220046198613     
   10395.5539999995        3.28187553946635     
   10395.6319999995        3.28155219179256     
   10395.7099999995        3.28122975495490     
   10395.7879999995        3.28090814072128     
   10395.8659999995        3.28058776983504     
   10395.9439999995        3.28026857073479     
   10396.0219999995        3.27995193872250     
   10396.0999999995        3.27963522153911     
   10396.1779999995        3.27931962928695     
   10396.2559999995        3.27900562413047     
   10396.3339999995        3.27869189467648     
   10396.4119999995        3.27837994192144     
   10396.4899999995        3.27806919334503     
   10396.5679999995        3.27775968033719     
   10396.6459999995        3.27745125990797     
   10396.7239999995        3.27714337617389     
   10396.8019999995        3.27683856806545     
   10396.8799999995        3.27653358334689     
   10396.9579999995        3.27623036159953     
   10397.0359999995        3.27592799280835     
   10397.1139999995        3.27562666925203     
   10397.1919999995        3.27532613300887     
   10397.2699999995        3.27502763484026     
   10397.3479999995        3.27472992921221     
   10397.4259999995        3.27443414349121     
   10397.5039999995        3.27413905807841     
   10397.5819999995        3.27384589642442     
   10397.6599999995        3.27355270379372     
   10397.7379999995        3.27326183523646     
   10397.8159999995        3.27297160351985     
   10397.8939999995        3.27268272340905     
   10397.9719999995        3.27239533029382     
   10398.0499999995        3.27210871120429     
   10398.1279999995        3.27182310855218     
   10398.2059999995        3.27153949565786     
   10398.2839999995        3.27125716143352     
   10398.3619999995        3.27097661748947     
   10398.4399999995        3.27069685283483     
   10398.5179999995        3.27041800797617     
   10398.5959999995        3.27013993742066     
   10398.6739999995        3.26986395933503     
   10398.7519999995        3.26958890678744     
   10398.8299999995        3.26931549313139     
   10398.9079999995        3.26904306504201     
   10398.9859999995        3.26877201480976     
   10399.0639999995        3.26850156754370     
   10399.1419999995        3.26823408599448     
   10399.2199999995        3.26796670002313     
   10399.2979999995        3.26770086683430     
   10399.3759999995        3.26743628650025     
   10399.4539999995        3.26717257898844     
   10399.5319999995        3.26690987805479     
   10399.6099999995        3.26664935784671     
   10399.6879999995        3.26638979172838     
   10399.7659999995        3.26613188066194     
   10399.8439999995        3.26587492145796     
   10399.9219999995        3.26561866106918     
   10399.9999999995        3.26536523966537     
   10400.0779999995        3.26511149878758     
   10400.1559999995        3.26485976597293     
   10400.2339999995        3.26460918185511     
   10400.3119999995        3.26435990260619     
   10400.3899999995        3.26411208323632     
   10400.4679999995        3.26386473214471     
   10400.5459999995        3.26361868434118     
   10400.6239999995        3.26337466810995     
   10400.7019999995        3.26313178051658     
   10400.7799999995        3.26289087883434     
   10400.8579999995        3.26265025780430     
   10400.9359999995        3.26241068836400     
   10401.0139999995        3.26217208599601     
   10401.0919999995        3.26193543672452     
   10401.1699999995        3.26169972429186     
   10401.2479999995        3.26146557226387     
   10401.3259999995        3.26123241229412     
   10401.4039999995        3.26100030792044     
   10401.4819999995        3.26076977371066     
   10401.5599999995        3.26054039084452     
   10401.6379999995        3.26031205204491     
   10401.7159999995        3.26008507278032     
   10401.7939999995        3.25985909475328     
   10401.8719999995        3.25963451316228     
   10401.9499999995        3.25941046066788     
   10402.0279999995        3.25918755500570     
   10402.1059999995        3.25896645163946     
   10402.1839999995        3.25874610075387     
   10402.2619999995        3.25852765351790     
   10402.3399999995        3.25830973558433     
   10402.4179999995        3.25809304335616     
   10402.4959999995        3.25787761173485     
   10402.5739999995        3.25766279063031     
   10402.6519999995        3.25744929143318     
   10402.7299999995        3.25723702262837     
   10402.8079999995        3.25702589081542     
   10402.8859999995        3.25681561223343     
   10402.9639999995        3.25660591081460     
   10403.0419999995        3.25639773673110     
   10403.1199999995        3.25619084218135     
   10403.1979999995        3.25598544007336     
   10403.2759999995        3.25578036155088     
   10403.3539999995        3.25557629334946     
   10403.4319999995        3.25537353164865     
   10403.5099999995        3.25517086189431     
   10403.5879999995        3.25496941916902     
   10403.6659999995        3.25476954741153     
   10403.7439999995        3.25457018013013     
   10403.8219999995        3.25437204158502     
   10403.8999999995        3.25417511688780     
   10403.9779999995        3.25397799760630     
   10404.0559999995        3.25378326802685     
   10404.1339999995        3.25358829483892     
   10404.2119999995        3.25339481635175     
   10404.2899999995        3.25320175209072     
   10404.3679999995        3.25300983927908     
   10404.4459999995        3.25281855688344     
   10404.5239999995        3.25262752312214     
   10404.6019999995        3.25243808816151     
   10404.6799999995        3.25224942066449     
   10404.7579999995        3.25206128316599     
   10404.8359999995        3.25187410835518     
   10404.9139999995        3.25168829372297     
   10404.9919999995        3.25150235081065     
   10405.0699999995        3.25131676945004     
   10405.1479999995        3.25113262335996     
   10405.2259999995        3.25094861590792     
   10405.3039999995        3.25076559756353     
   10405.3819999995        3.25058346704963     
   10405.4599999995        3.25040190888124     
   10405.5379999995        3.25022120182535     
   10405.6159999995        3.25004013936753     
   10405.6939999995        3.24986046511987     
   10405.7719999995        3.24968152718072     
   10405.8499999995        3.24950285803148     
   10405.9279999995        3.24932498717795     
