122536	5308.44 74.1205 50.4
122537	5666.7 76.9271 68.25
122538	7450.68 87.5614 58.8
122539	5069.3 72.587 54.25
122540	5286.08 74.0913 55.3
122541	5133.86 73.0833 56.35
122542	7534.64 88.0103 57.4
122545	4753.28 70.5866 62.3
122548	5035.36 72.1836 47.6
122549	7986.06 90.6593 63.35
122550	5215.82 73.6069 54.95
122551	5799.64 77.5294 57.4
122555	3566.22 60.7546 33.95
122556	5999.48 78.2666 34.3
122557	3587.12 61.0846 39.2
122559	5029.58 72.1168 46.55
122560	6512.26 81.8944 52.85
122562	4873.52 71.1986 53.2
122563	4461.58 68.0649 46.55
122564	8382.3 92.6384 54.25
122568	4139.34 65.9095 55.65
122569	3377 59.2095 35
122570	6708.28 83.6771 79.8
122571	6602.12 82.9162 74.2
122572	6895.18 84.9003 85.05
122573	7064.88 85.8564 83.3
122574	5135.84 73.2991 64.4
122575	4774.34 70.5625 55.65
122576	2825.08 53.8494 20.3
122577	10082.1 101.563 63.35
122579	3410.5 59.2205 26.25
122585	6585.8 82.9575 80.5
122586	6512.16 82.4032 75.6
122587	6434.62 82.0962 82.95
122590	5414.88 75.2127 65.8
122593	2704.88 53.0866 30.8
122594	2905.48 55.0606 34.3
122596	5085.14 72.9966 66.15
122599	1561.86 40.5019 21.35
122602	6673.2 83.4055 77
122603	7020.22 85.287 68.95
122604	7021.7 85.2806 68.25
122605	7026.76 85.5439 79.1
122606	2205.06 48.0558 28.35
122608	13659.6 118.151 81.55
122610	14594.9 121.95 75.25
122613	4919.2 70.7766 24.5
122614	17978.4 135.597 110.95
122615	17968.7 135.457 103.25
122616	17956.6 135.226 89.6
122618	17235.6 132.796 108.5
122619	18158.6 136.227 108.5
122620	18179.7 136.214 101.85
122623	7706.16 88.6314 40.6
122625	12903.6 114.801 74.9
122626	16787.6 130.833 89.6
122628	4026.28 64.2395 27.3
122629	17535.8 133.758 96.6
122631	4298.54 66.3345 27.65
122632	5118.14 72.3377 31.15
122634	6679.26 82.5185 35.35
122640	9956.56 100.784 54.6
122641	16544.9 130.08 102.2
122642	18275.9 136.426 91.35
122643	15358.3 125.226 87.85
122646	8478.88 93.0407 48.3
122647	6873.76 83.8809 44.1
122648	9149.02 96.5015 44.45
122649	18056.4 135.756 101.5
122650	16589.9 130.12 92.75
122653	18516.9 137.559 110.25
122654	15830.1 127.151 91.7
122657	9755.96 99.7194 51.1
122658	6958.5 84.3768 43.75
122661	5754.26 76.7092 35.35
122665	12735.8 114.028 72.45
122667	9025.48 96.0002 51.8
122672	17169.7 132.343 93.8
122673	17769 134.632 96.95
