   9991.00000000000        3.29620294274237     
   9991.09400000000        3.29614380380914     
   9991.18800000000        3.29608469285972     
   9991.28200000000        3.29602560519569     
   9991.37600000000        3.29596654903776     
   9991.47000000000        3.29590751742797     
   9991.56399999999        3.29584851806617     
   9991.65799999999        3.29578954757741     
   9991.75199999999        3.29573060257859     
   9991.84599999999        3.29567169089815     
   9991.93999999999        3.29561280529324     
   9992.03399999999        3.29555395381646     
   9992.12799999999        3.29549513370650     
   9992.22199999999        3.29543633993966     
   9992.31599999999        3.29537758147617     
   9992.40999999999        3.29531885072026     
   9992.50399999999        3.29526015615284     
   9992.59799999999        3.29520149410034     
   9992.69199999998        3.29514286082884     
   9992.78599999998        3.29508426503718     
   9992.87999999998        3.29502570297439     
   9992.97399999998        3.29496717081109     
   9993.06799999998        3.29490867749432     
   9993.16199999998        3.29485021995311     
   9993.25599999998        3.29479179709569     
   9993.34999999998        3.29473340577233     
   9993.44399999998        3.29467505517596     
   9993.53799999998        3.29461674139039     
   9993.63199999998        3.29455846037480     
   9993.72599999998        3.29450022164731     
   9993.81999999997        3.29444202116789     
   9993.91399999997        3.29438385474922     
   9994.00799999997        3.29432573227326     
   9994.10199999997        3.29426764955939     
   9994.19599999997        3.29420960713097     
   9994.28999999997        3.29415160144430     
   9994.38399999997        3.29409364120380     
   9994.47799999997        3.29403572287322     
   9994.57199999997        3.29397784701438     
   9994.66599999997        3.29392001419930     
   9994.75999999997        3.29386221990649     
   9994.85399999996        3.29380447492762     
   9994.94799999996        3.29374677476954     
   9995.04199999996        3.29368912004732     
   9995.13599999996        3.29363151138742     
   9995.22999999996        3.29357394403138     
   9995.32399999996        3.29351642940142     
   9995.41799999996        3.29345896278163     
   9995.51199999996        3.29340154484673     
   9995.60599999996        3.29334417711192     
   9995.69999999996        3.29328685863004     
   9995.79399999996        3.29322958514094     
   9995.88799999996        3.29317236892362     
   9995.98199999995        3.29311520496007     
   9996.07599999995        3.29305809400651     
   9996.16999999995        3.29300103683392     
   9996.26399999995        3.29294403422841     
   9996.35799999995        3.29288708699158     
   9996.45199999995        3.29283019594092     
   9996.54599999995        3.29277336191021     
   9996.63999999995        3.29271658574992     
   9996.73399999995        3.29265986832761     
   9996.82799999995        3.29260321052842     
   9996.92199999995        3.29254660654831     
   9997.01599999995        3.29249007064334     
   9997.10999999994        3.29243359712246     
   9997.20399999994        3.29237718781130     
   9997.29799999994        3.29232084196440     
   9997.39199999994        3.29226456144120     
   9997.48599999994        3.29220834726281     
   9997.57999999994        3.29215220047189     
   9997.67399999994        3.29209612960440     
   9997.76799999994        3.29204012092302     
   9997.86199999994        3.29198418289761     
   9997.95599999994        3.29192831666311     
   9998.04999999994        3.29187252337906     
   9998.14399999993        3.29181680423026     
   9998.23799999993        3.29176116042752     
   9998.33199999993        3.29170559320833     
   9998.42599999993        3.29165010383763     
   9998.51999999993        3.29159469360859     
   9998.61399999993        3.29153937247074     
   9998.70799999993        3.29148412470148     
   9998.80199999993        3.29142896013887     
   9998.89599999993        3.29137388019758     
   9998.98999999993        3.29131888632478     
   9999.08399999993        3.29126398000109     
   9999.17799999993        3.29120917226615     
   9999.27199999992        3.29115444585091     
   9999.36599999992        3.29109981164786     
   9999.45999999992        3.29104527128216     
   9999.55399999992        3.29099083660242     
   9999.64799999992        3.29093648921165     
   9999.74199999992        3.29088224078346     
   9999.83599999992        3.29082810380445     
   9999.92999999992        3.29077405901058     
   10000.0239999999        3.29072011869043     
   10000.1179999999        3.29066629607484     
   10000.2119999999        3.29061257086167     
   10000.3059999999        3.29055895605723     
   10000.3999999999        3.29050546672045     
   10000.4939999999        3.29045207939436     
   10000.5879999999        3.29039882132890     
   10000.6819999999        3.29034567027355     
   10000.7759999999        3.29029265352023     
   10000.8699999999        3.29023974800254     
   10000.9639999999        3.29018698213543     
   10001.0579999999        3.29013433192575     
   10001.1519999999        3.29008182704611     
   10001.2459999999        3.29002944245426     
   10001.3399999999        3.28997720922916     
   10001.4339999999        3.28992510114383     
   10001.5279999999        3.28987315084837     
   10001.6219999999        3.28982134656214     
   10001.7159999999        3.28976967534375     
   10001.8099999999        3.28971817216495     
   10001.9039999999        3.28966682451923     
   10001.9979999999        3.28961563578111     
   10002.0919999999        3.28956459176610     
   10002.1859999999        3.28951373100517     
   10002.2799999999        3.28946303885384     
   10002.3739999999        3.28941252117647     
   10002.4679999999        3.28936218088157     
   10002.5619999999        3.28931202202959     
   10002.6559999999        3.28926202797608     
   10002.7499999999        3.28921224413515     
   10002.8439999999        3.28916265469458     
   10002.9379999999        3.28911326427962     
   10003.0319999999        3.28906410115858     
   10003.1259999999        3.28901512410006     
   10003.2199999999        3.28896636098249     
   10003.3139999999        3.28891781711672     
   10003.4079999999        3.28886949800575     
   10003.5019999999        3.28882140935448     
   10003.5959999999        3.28877358579450     
   10003.6899999999        3.28872597724165     
   10003.7839999999        3.28867861767329     
   10003.8779999999        3.28863154586039     
   10003.9719999999        3.28858470591314     
   10004.0659999999        3.28853817053899     
   10004.1599999999        3.28849187939397     
   10004.2539999999        3.28844591135010     
   10004.3479999999        3.28840024019306     
   10004.4419999999        3.28835483372784     
   10004.5359999999        3.28830978179400     
   10004.6299999999        3.28826505479858     
   10004.7239999999        3.28822066310634     
   10004.8179999999        3.28817661762931     
   10004.9119999999        3.28813292987258     
   10005.0059999999        3.28808961198540     
   10005.0999999999        3.28804667681850     
   10005.1939999999        3.28800420027004     
   10005.2879999999        3.28796207657088     
   10005.3819999999        3.28792045183416     
   10005.4759999999        3.28787920337543     
   10005.5699999999        3.28783849990087     
   10005.6639999999        3.28779829038123     
   10005.7579999999        3.28775859798865     
   10005.8519999999        3.28771944809181     
   10005.9459999999        3.28768098621685     
   10006.0399999999        3.28764302021654     
   10006.1339999999        3.28760583653661     
   10006.2279999999        3.28756936421564     
   10006.3219999999        3.28753365731039     
   10006.4159999999        3.28749899129750     
   10006.5099999999        3.28746529764021     
   10006.6039999999        3.28743269321698     
   10006.6979999999        3.28740168237555     
   10006.7919999999        3.28737272153637     
   10006.8859999999        3.28734656731966     
   10006.9799999999        3.28732373324039     
   10007.0739999999        3.28730953775260     
   10007.1679999999        3.28731510169093     
   10007.2619999999        3.28743115092460     
   10007.3559999999        3.28854978252144     
   10007.4499999998        3.28890402231519     
   10007.5439999998        3.28913707492345     
   10007.6379999998        3.28936135205413     
   10007.7319999998        3.28958458658856     
   10007.8259999998        3.28982497382590     
   10007.9199999998        3.29007791372989     
   10008.0139999998        3.29035296165656     
   10008.1079999998        3.29065184718355     
   10008.2019999998        3.29097370799587     
   10008.2959999998        3.29132091021704     
   10008.3899999998        3.29170086169495     
   10008.4839999998        3.29211060035149     
   10008.5779999998        3.29255267538782     
   10008.6719999998        3.29303426138663     
   10008.7659999998        3.29355342728730     
   10008.8599999998        3.29411521548608     
   10008.9539999998        3.29472455513338     
   10009.0479999998        3.29537846802361     
   10009.1419999998        3.29608633571253     
   10009.2359999998        3.29684963558508     
   10009.3299999998        3.29767021639434     
   10009.4239999998        3.29855568302183     
   10009.5179999998        3.29950657567600     
   10009.6119999998        3.30052894778751     
   10009.7059999998        3.30162933976820     
   10009.7999999998        3.30280884296882     
   10009.8939999998        3.30407460507291     
   10009.9879999998        3.30543020263068     
   10010.0819999998        3.30688476570804     
   10010.1759999998        3.30844259625529     
   10010.2699999998        3.31010974661728     
   10010.3639999998        3.31189292063423     
   10010.4579999998        3.31379767566546     
   10010.5519999998        3.31583409150211     
   10010.6459999998        3.31800698567369     
   10010.7399999998        3.32032708232963     
   10010.8339999998        3.32279999789398     
   10010.9279999998        3.32543583070342     
   10011.0219999998        3.32824496967584     
   10011.1159999998        3.33123436642305     
   10011.2099999998        3.33441501753392     
   10011.3039999998        3.33779752122150     
   10011.3979999998        3.34139419908513     
   10011.4919999998        3.34521312414458     
   10011.5859999998        3.34926782966560     
   10011.6799999998        3.35356997587349     
   10011.7739999998        3.35813226850602     
   10011.8679999998        3.36296804231365     
   10011.9619999998        3.36809083719287     
   10012.0559999998        3.37351426795875     
   10012.1499999998        3.37925314793443     
   10012.2439999998        3.38532281380157     
   10012.3379999998        3.39173687111024     
   10012.4319999998        3.39851459020060     
   10012.5259999998        3.40567051594206     
   10012.6199999998        3.41322198108047     
   10012.7139999998        3.42118548129357     
   10012.8079999998        3.42958120684925     
   10012.9019999998        3.43842680663418     
   10012.9959999998        3.44774060936022     
   10013.0899999998        3.45754144409779     
   10013.1839999998        3.46785123120569     
   10013.2779999998        3.47868838076549     
   10013.3719999998        3.49007571115669     
   10013.4659999998        3.50203376356794     
   10013.5599999998        3.51458250521964     
   10013.6539999998        3.52774706164306     
   10013.7479999998        3.54154668298729     
   10013.8419999998        3.55600724460832     
   10013.9359999998        3.57114912356364     
   10014.0299999998        3.58699810797724     
   10014.1239999998        3.60357593179387     
   10014.2179999998        3.62090737542479     
   10014.3119999998        3.63901780993705     
   10014.4059999998        3.65792957273930     
   10014.4999999998        3.67766893143486     
   10014.5939999998        3.69825876658353     
   10014.6879999998        3.71972463400407     
   10014.7819999998        3.74209196177503     
   10014.8759999998        3.76538371263080     
   10014.9699999998        3.78962529150719     
   10015.0639999998        3.81484185716658     
   10015.1579999998        3.84105601002465     
   10015.2519999998        3.86829253438054     
   10015.3459999998        3.89657484431129     
   10015.4399999998        3.92592763938900     
   10015.5339999998        3.95637158506686     
   10015.6279999998        3.98792979722790     
   10015.7219999998        4.02062423497083     
   10015.8159999998        4.05447635653664     
   10015.9099999998        4.08950762827065     
   10016.0039999998        4.12573512930163     
   10016.0979999998        4.16317937155778     
   10016.1919999998        4.20185815458031     
   10016.2859999998        4.24178825904094     
   10016.3799999998        4.28298574152120     
   10016.4739999998        4.32546516149063     
   10016.5679999998        4.36923989935999     
   10016.6619999998        4.41432247469133     
   10016.7559999998        4.46072525958242     
   10016.8499999998        4.50845449958448     
   10016.9439999998        4.55751976522226     
   10017.0379999998        4.60792752729857     
   10017.1319999998        4.65968208399975     
   10017.2259999998        4.71278626741257     
   10017.3199999998        4.76724124735674     
   10017.4139999998        4.82304583102193     
   10017.5079999998        4.88019720835309     
   10017.6019999998        4.93869087394398     
   10017.6959999998        4.99851995239588     
   10017.7899999998        5.05967496562403     
   10017.8839999998        5.12214470052413     
   10017.9779999998        5.18591559593512     
   10018.0719999998        5.25097137606772     
   10018.1659999998        5.31729315453172     
   10018.2599999998        5.38486219762029     
   10018.3539999998        5.45365425554986     
   10018.4479999997        5.52364332519510     
   10018.5419999997        5.59480146413486     
   10018.6359999997        5.66709832107859     
   10018.7299999997        5.74050046582134     
   10018.8239999997        5.81497175189899     
   10018.9179999997        5.89047399930791     
   10019.0119999997        5.96696471077340     
   10019.1059999997        6.04440300083528     
   10019.1999999997        6.12274116100810     
   10019.2939999997        6.20193073767852     
   10019.3879999997        6.28192018987109     
   10019.4819999997        6.36265556521605     
   10019.5759999997        6.44408037618340     
   10019.6699999997        6.52613751805312     
   10019.7639999997        6.60876476458182     
   10019.8579999997        6.69189867924618     
   10019.9519999997        6.77547407869161     
   10020.0459999997        6.85942285863917     
   10020.1399999997        6.94367571894652     
   10020.2339999997        7.02816019260810     
   10020.3279999997        7.11280291115474     
   10020.4219999997        7.19752786747538     
   10020.5159999997        7.28225822614897     
   10020.6099999997        7.36691457921375     
   10020.7039999997        7.45141695734945     
   10020.7979999997        7.53568309800710     
   10020.8919999997        7.61963046022890     
   10020.9859999997        7.70317457291692     
   10021.0799999997        7.78623081744589     
   10021.1739999997        7.86871274919239     
   10021.2679999997        7.95053429165637     
   10021.3619999997        8.03160814386140     
   10021.4559999997        8.11184683774939     
   10021.5499999997        8.19116363181499     
   10021.6439999997        8.26946989079680     
   10021.7379999997        8.34667789136123     
   10021.8319999997        8.42270214458239     
   10021.9259999997        8.49745489983058     
   10022.0199999997        8.57084900356967     
   10022.1139999997        8.64280147991716     
   10022.2079999997        8.71322724596233     
   10022.3019999997        8.78204176474711     
   10022.3959999997        8.84916593337630     
   10022.4899999997        8.91451807757231     
   10022.5839999997        8.97801877406583     
   10022.6779999997        9.03959370443355     
   10022.7719999997        9.09916625470503     
   10022.8659999997        9.15666471910058     
   10022.9599999997        9.21201887224453     
   10023.0539999997        9.26516082351202     
   10023.1479999997        9.31602575070366     
   10023.2419999997        9.36455016843687     
   10023.3359999997        9.41067658087186     
   10023.4299999997        9.45434779930891     
   10023.5239999997        9.49550903980701     
   10023.6179999997        9.53411277260366     
   10023.7119999997        9.57011025862455     
   10023.8059999997        9.60346026568139     
   10023.8999999997        9.63412227567063     
   10023.9939999997        9.66206059109028     
   10024.0879999997        9.68724283786018     
   10024.1819999997        9.70964075150363     
   10024.2759999997        9.72923073489605     
   10024.3699999997        9.74599030997795     
   10024.4639999997        9.75990521832974     
   10024.5579999997        9.77096088887559     
   10024.6519999997        9.77915081974030     
   10024.7459999997        9.78446921520116     
   10024.8399999997        9.78691587660872     
   10024.9339999997        9.78649383635108     
   10025.0279999997        9.78321223995621     
   10025.1219999997        9.77708045646951     
   10025.2159999997        9.76811660994071     
   10025.3099999997        9.75633785607707     
   10025.4039999997        9.74176903628215     
   10025.4979999997        9.72443683144275     
   10025.5919999997        9.70437244454222     
   10025.6859999997        9.68160899420798     
   10025.7799999997        9.65618659850818     
   10025.8739999997        9.62814489796941     
   10025.9679999997        9.59753111403900     
   10026.0619999997        9.56439158355047     
   10026.1559999997        9.52877832268321     
   10026.2499999997        9.49074538115915     
   10026.3439999997        9.45035125406803     
   10026.4379999997        9.40765376803403     
   10026.5319999997        9.36271747839067     
   10026.6259999997        9.31560704110859     
   10026.7199999997        9.26638960641914     
   10026.8139999997        9.21513590572267     
   10026.9079999997        9.16191542395599     
   10027.0019999997        9.10680405137037     
   10027.0959999997        9.04987501407010     
   10027.1899999997        8.99120641884296     
   10027.2839999997        8.93087677166283     
   10027.3779999997        8.86896330563444     
   10027.4719999997        8.80554870730836     
   10027.5659999997        8.74071226515797     
   10027.6599999997        8.67453777557282     
   10027.7539999997        8.60710672416641     
   10027.8479999997        8.53850118069880     
   10027.9419999997        8.46880606742679     
   10028.0359999997        8.39810263843416     
   10028.1299999997        8.32647586756327     
   10028.2239999997        8.25400731495793     
   10028.3179999997        8.18077874784449     
   10028.4119999997        8.10687373845691     
   10028.5059999997        8.03237158492371     
   10028.5999999997        7.95735424516774     
   10028.6939999997        7.88190073186534     
   10028.7879999997        7.80608778960466     
   10028.8819999997        7.72999445221971     
   10028.9759999997        7.65369463316847     
   10029.0699999997        7.57726433285605     
   10029.1639999997        7.50077569661479     
   10029.2579999997        7.42429855201794     
   10029.3519999996        7.34790337470982     
   10029.4459999996        7.27165805593334     
   10029.5399999996        7.19562784689421     
   10029.6339999996        7.11987528359124     
   10029.7279999996        7.04446398637213     
   10029.8219999996        6.96945134347239     
   10029.9159999996        6.89489583536258     
   10030.0099999996        6.82085322206279     
   10030.1039999996        6.74737412998188     
   10030.1979999996        6.67451098550167     
   10030.2919999996        6.60231149051774     
   10030.3859999996        6.53082137251451     
   10030.4799999996        6.46008381678353     
   10030.5739999996        6.39014187653710     
   10030.6679999996        6.32103213222172     
   10030.7619999996        6.25279153075272     
   10030.8559999996        6.18545538717544     
   10030.9499999996        6.11905354595213     
   10031.0439999996        6.05361742280774     
   10031.1379999996        5.98917217180107     
   10031.2319999996        5.92574450747056     
   10031.3259999996        5.86335519003738     
   10031.4199999996        5.80202600893125     
   10031.5139999996        5.74177520199146     
   10031.6079999996        5.68261697336001     
   10031.7019999996        5.62456681041626     
   10031.7959999996        5.56763657485102     
   10031.8899999996        5.51183606333628     
   10031.9839999996        5.45717243985598     
   10032.0779999996        5.40365347012801     
   10032.1719999996        5.35128237068973     
   10032.2659999996        5.30006151761871     
   10032.3599999996        5.24999198660420     
   10032.4539999996        5.20107406575400     
   10032.5479999996        5.15330497293814     
   10032.6419999996        5.10667958786946     
   10032.7359999996        5.06119393155428     
   10032.8299999996        5.01684134193485     
   10032.9239999996        4.97361487155667     
   10033.0179999996        4.93150330048597     
   10033.1119999996        4.89049839150193     
   10033.2059999996        4.85058750011567     
   10033.2999999996        4.81175979936551     
   10033.3939999996        4.77400038060017     
   10033.4879999996        4.73729699566417     
   10033.5819999996        4.70163278400991     
   10033.6759999996        4.66699411937803     
   10033.7699999996        4.63336269641083     
   10033.8639999996        4.60072272777609     
   10033.9579999996        4.56905597808207     
   10034.0519999996        4.53834620946542     
   10034.1459999996        4.50857280078562     
   10034.2399999996        4.47971726504025     
   10034.3339999996        4.45176079586042     
   10034.4279999996        4.42468432665309     
   10034.5219999996        4.39846857221037     
   10034.6159999996        4.37309149917703     
   10034.7099999996        4.34853481152185     
   10034.8039999996        4.32477759404621     
   10034.8979999996        4.30180082096715     
   10034.9919999996        4.27958245541983     
   10035.0859999996        4.25810431719088     
   10035.1799999996        4.23734428544013     
   10035.2739999996        4.21728367538937     
   10035.3679999996        4.19790235997095     
   10035.4619999996        4.17918056921118     
   10035.5559999996        4.16109791408920     
   10035.6499999996        4.14363668513359     
   10035.7439999996        4.12677589243783     
   10035.8379999996        4.11049782466926     
   10035.9319999996        4.09478386437367     
   10036.0259999996        4.07961567827415     
   10036.1199999996        4.06497426252433     
   10036.2139999996        4.05084362537512     
   10036.3079999996        4.03720471513913     
   10036.4019999996        4.02404216386384     
   10036.4959999996        4.01133776630048     
   10036.5899999996        3.99907690454571     
   10036.6839999996        3.98724200355289     
   10036.7779999996        3.97581923255562     
   10036.8719999996        3.96479197222608     
   10036.9659999996        3.95414698408117     
   10037.0599999996        3.94386841145430     
   10037.1539999996        3.93394406341854     
   10037.2479999996        3.92435853489148     
   10037.3419999996        3.91510033109074     
   10037.4359999996        3.90615542998007     
   10037.5299999996        3.89751284048093     
   10037.6239999996        3.88915906189429     
   10037.7179999996        3.88108432588859     
   10037.8119999996        3.87327550015742     
   10037.9059999996        3.86572333049695     
   10037.9999999996        3.85841629637460     
   10038.0939999996        3.85134490158447     
   10038.1879999996        3.84449996560737     
   10038.2819999996        3.83787191599391     
   10038.3759999996        3.83145034750653     
   10038.4699999996        3.82522815191558     
   10038.5639999996        3.81919608361483     
   10038.6579999996        3.81334650050491     
   10038.7519999996        3.80767217491980     
   10038.8459999996        3.80216606547065     
   10038.9399999996        3.79681904500550     
   10039.0339999996        3.79162594582346     
   10039.1279999996        3.78657962234852     
   10039.2219999996        3.78167399743779     
   10039.3159999996        3.77690372521131     
   10039.4099999996        3.77226183575766     
   10039.5039999996        3.76774466775162     
   10039.5979999996        3.76334539942739     
   10039.6919999996        3.75905913358246     
   10039.7859999996        3.75488122946506     
   10039.8799999996        3.75080798822741     
   10039.9739999996        3.74683367207436     
   10040.0679999996        3.74295567043420     
   10040.1619999996        3.73916839233208     
   10040.2559999996        3.73546892786093     
   10040.3499999995        3.73185348445920     
   10040.4439999995        3.72831846456565     
   10040.5379999995        3.72486187172961     
   10040.6319999995        3.72147898360080     
   10040.7259999995        3.71816649135141     
   10040.8199999995        3.71492211977692     
   10040.9139999995        3.71174320208597     
   10041.0079999995        3.70862626001994     
   10041.1019999995        3.70556942945456     
   10041.1959999995        3.70256737123520     
   10041.2899999995        3.69961388722652     
   10041.3839999995        3.69668313391254     
   10041.4779999995        3.69334956999363     
   10041.5719999995        3.68986131802647     
   10041.6659999995        3.68709484771974     
   10041.7599999995        3.68444569232199     
   10041.8539999995        3.68186189952697     
   10041.9479999995        3.67933107295970     
   10042.0419999995        3.67684413534200     
   10042.1359999995        3.67439810151034     
   10042.2299999995        3.67198691574381     
   10042.3239999995        3.66961355443565     
   10042.4179999995        3.66727148981604     
   10042.5119999995        3.66496389384260     
   10042.6059999995        3.66268601537240     
   10042.6999999995        3.66043750577951     
   10042.7939999995        3.65821818099860     
   10042.8879999995        3.65602926971115     
   10042.9819999995        3.65386407956207     
   10043.0759999995        3.65172793332362     
   10043.1699999995        3.64961722082333     
   10043.2639999995        3.64753351693728     
   10043.3579999995        3.64547287414709     
   10043.4519999995        3.64343570249106     
   10043.5459999995        3.64142490894109     
   10043.6399999995        3.63943426778151     
   10043.7339999995        3.63746823039467     
   10043.8279999995        3.63552411730211     
   10043.9219999995        3.63360135650028     
   10044.0159999995        3.63170026917925     
   10044.1099999995        3.62981933009867     
   10044.2039999995        3.62795977552584     
   10044.2979999995        3.62611901693228     
   10044.3919999995        3.62429808911558     
   10044.4859999995        3.62249794191497     
   10044.5799999995        3.62071575323338     
   10044.6739999995        3.61895120008469     
   10044.7679999995        3.61720692581079     
   10044.8619999995        3.61547839853919     
   10044.9559999995        3.61376876046872     
   10045.0499999995        3.61207647915905     
   10045.1439999995        3.61039929259573     
   10045.2379999995        3.60874111683820     
   10045.3319999995        3.60709843258223     
   10045.4259999995        3.60547087260183     
   10045.5199999995        3.60386005279415     
   10045.6139999995        3.60226466482975     
   10045.7079999995        3.60068452711174     
   10045.8019999995        3.59911934874244     
   10045.8959999995        3.59756988410800     
   10045.9899999995        3.59603365826459     
   10046.0839999995        3.59451256111438     
   10046.1779999995        3.59300505255058     
   10046.2719999995        3.59151129596898     
   10046.3659999995        3.59003117052057     
   10046.4599999995        3.58856441186829     
   10046.5539999995        3.58711194801299     
   10046.6479999995        3.58567248898735     
   10046.7419999995        3.58424518559798     
   10046.8359999995        3.58282977605393     
   10046.9299999995        3.58142714784987     
   10047.0239999995        3.58003808773161     
   10047.1179999995        3.57865963471809     
   10047.2119999995        3.57729413252990     
   10047.3059999995        3.57594037620578     
   10047.3999999995        3.57459723127474     
   10047.4939999995        3.57326515269051     
   10047.5879999995        3.57194551037995     
   10047.6819999995        3.57063628319301     
   10047.7759999995        3.56933839234917     
   10047.8699999995        3.56805145229824     
   10047.9639999995        3.56677496075506     
   10048.0579999995        3.56550831034817     
   10048.1519999995        3.56425263093429     
   10048.2459999995        3.56300611582032     
   10048.3399999995        3.56177109216978     
   10048.4339999995        3.56054422547640     
   10048.5279999995        3.55932944970399     
   10048.6219999995        3.55812308747418     
   10048.7159999995        3.55692544997900     
   10048.8099999995        3.55573824832482     
   10048.9039999995        3.55455995783200     
   10048.9979999995        3.55339050761191     
   10049.0919999995        3.55223046782364     
   10049.1859999995        3.55108007146935     
   10049.2799999995        3.54993666675929     
   10049.3739999995        3.54880317529769     
   10049.4679999995        3.54767802436768     
   10049.5619999995        3.54656118746822     
   10049.6559999995        3.54545268160775     
   10049.7499999995        3.54435233154941     
   10049.8439999995        3.54326098326249     
   10049.9379999995        3.54217686312729     
   10050.0319999995        3.54110083859095     
   10050.1259999995        3.54003294338048     
   10050.2199999995        3.53897123582914     
   10050.3139999995        3.53791919440132     
   10050.4079999995        3.53687402951794     
   10050.5019999995        3.53583696763733     
   10050.5959999995        3.53480616332895     
   10050.6899999995        3.53378283933374     
   10050.7839999995        3.53276686027628     
   10050.8779999995        3.53175804661851     
   10050.9719999995        3.53075609458308     
   10051.0659999995        3.52976134585188     
   10051.1599999995        3.52877307032306     
   10051.2539999994        3.52779235825480     
   10051.3479999994        3.52681806980304     
   10051.4419999994        3.52585030318654     
   10051.5359999994        3.52488908268701     
   10051.6299999994        3.52393403268405     
   10051.7239999994        3.52298654162822     
   10051.8179999994        3.52204418528109     
   10051.9119999994        3.52110882281360     
   10052.0059999994        3.52017944078852     
   10052.0999999994        3.51925659332011     
   10052.1939999994        3.51833931230178     
   10052.2879999994        3.51742786765919     
   10052.3819999994        3.51652358349991     
   10052.4759999994        3.51562383878124     
   10052.5699999994        3.51472948745961     
   10052.6639999994        3.51384159042811     
   10052.7579999994        3.51295898581793     
   10052.8519999994        3.51208195136857     
   10052.9459999994        3.51121129961365     
   10053.0399999994        3.51034558636755     
   10053.1339999994        3.50948671135469     
   10053.2279999994        3.50863155568653     
   10053.3219999994        3.50778231953108     
   10053.4159999994        3.50693815451699     
   10053.5099999994        3.50609876009383     
   10053.6039999994        3.50526512126958     
   10053.6979999994        3.50443698731970     
   10053.7919999994        3.50361412815145     
   10053.8859999994        3.50279502277785     
   10053.9799999994        3.50198110905562     
   10054.0739999994        3.50117171599861     
   10054.1679999994        3.50036871513929     
   10054.2619999994        3.49956903170209     
   10054.3559999994        3.49877498764926     
   10054.4499999994        3.49798485208899     
   10054.5439999994        3.49720144179278     
   10054.6379999994        3.49642049739216     
   10054.7319999994        3.49564440596215     
   10054.8259999994        3.49487282174151     
   10054.9199999994        3.49410672496737     
   10055.0139999994        3.49334460897257     
   10055.1079999994        3.49258616110225     
   10055.2019999994        3.49183176172739     
   10055.2959999994        3.49108386748778     
   10055.3899999994        3.49033819264126     
   10055.4839999994        3.48959702675792     
   10055.5779999994        3.48886119998784     
   10055.6719999994        3.48812817238552     
   10055.7659999994        3.48740013813613     
   10055.8599999994        3.48667610849140     
   10055.9539999994        3.48595617349486     
   10056.0479999994        3.48523934836028     
   10056.1419999994        3.48452698002133     
   10056.2359999994        3.48381860772311     
   10056.3299999994        3.48311357312787     
   10056.4239999994        3.48241264615320     
   10056.5179999994        3.48171629549713     
   10056.6119999994        3.48102292966697     
   10056.7059999994        3.48033422930192     
   10056.7999999994        3.47964783597487     
   10056.8939999994        3.47896532328129     
   10056.9879999994        3.47828780019692     
   10057.0819999994        3.47761242515523     
   10057.1759999994        3.47694284691573     
   10057.2699999994        3.47627423524808     
   10057.3639999994        3.47560943046633     
   10057.4579999994        3.47494948566016     
   10057.5519999994        3.47429189118091     
   10057.6459999994        3.47363774877448     
   10057.7399999994        3.47298729880911     
   10057.8339999994        3.47234053474347     
   10057.9279999994        3.47169720960188     
   10058.0219999994        3.47105589860651     
   10058.1159999994        3.47041900600294     
   10058.2099999994        3.46978473764634     
   10058.3039999994        3.46915445300567     
   10058.3979999994        3.46852631217234     
   10058.4919999994        3.46790208591590     
   10058.5859999994        3.46728035827379     
   10058.6799999994        3.46666341096061     
   10058.7739999994        3.46604755866827     
   10058.8679999994        3.46543617660135     
   10058.9619999994        3.46482608901684     
   10059.0559999994        3.46422027156335     
   10059.1499999994        3.46361685853489     
   10059.2439999994        3.46301712930995     
   10059.3379999994        3.46241910073209     
   10059.4319999994        3.46182603362795     
   10059.5259999994        3.46123401873118     
   10059.6199999994        3.46064595554979     
   10059.7139999994        3.46005918155643     
   10059.8079999994        3.45947606636125     
   10059.9019999994        3.45889552569463     
   10059.9959999994        3.45831899669761     
   10060.0899999994        3.45774333795817     
   10060.1839999994        3.45717247951364     
   10060.2779999994        3.45660244917116     
   10060.3719999994        3.45603613294188     
   10060.4659999994        3.45547146805750     
   10060.5599999994        3.45490978066106     
   10060.6539999994        3.45435035832539     
   10060.7479999994        3.45379545735768     
   10060.8419999994        3.45324201488555     
   10060.9359999994        3.45269099858171     
   10061.0299999994        3.45214192137847     
   10061.1239999994        3.45159540456984     
   10061.2179999994        3.45105184391343     
   10061.3119999994        3.45051025415347     
   10061.4059999994        3.44997188138337     
   10061.4999999994        3.44943616394506     
   10061.5939999994        3.44890181126212     
   10061.6879999994        3.44837099702010     
   10061.7819999994        3.44784117327216     
   10061.8759999994        3.44731457431957     
   10061.9699999994        3.44678923746800     
   10062.0639999994        3.44626742670084     
   10062.1579999994        3.44574768912014     
   10062.2519999993        3.44523046009854     
   10062.3459999993        3.44471552983528     
   10062.4399999993        3.44420192564640     
   10062.5339999993        3.44369095665001     
   10062.6279999993        3.44318249531946     
   10062.7219999993        3.44267520951133     
   10062.8159999993        3.44217173352173     
   10062.9099999993        3.44166913605581     
   10063.0039999993        3.44116995000858     
   10063.0979999993        3.44067200236555     
   10063.1919999993        3.44017655962301     
   10063.2859999993        3.43968238131786     
   10063.3799999993        3.43919054061007     
   10063.4739999993        3.43870076128963     
   10063.5679999993        3.43821382987446     
   10063.6619999993        3.43772868985488     
   10063.7559999993        3.43724415714522     
   10063.8499999993        3.43676354978058     
   10063.9439999993        3.43628443101595     
   10064.0379999993        3.43580662221565     
   10064.1319999993        3.43533160276406     
   10064.2259999993        3.43485747746579     
   10064.3199999993        3.43438509323770     
   10064.4139999993        3.43391635193098     
   10064.5079999993        3.43344873895962     
   10064.6019999993        3.43298327594501     
   10064.6959999993        3.43251866047214     
   10064.7899999993        3.43205706922001     
   10064.8839999993        3.43159597166664     
   10064.9779999993        3.43113790669050     
   10065.0719999993        3.43068104329085     
   10065.1659999993        3.43022737375916     
   10065.2599999993        3.42977337883283     
   10065.3539999993        3.42932284086417     
   10065.4479999993        3.42887341124676     
   10065.5419999993        3.42842499984138     
   10065.6359999993        3.42797955489976     
   10065.7299999993        3.42753495605982     
   10065.8239999993        3.42709278992302     
   10065.9179999993        3.42665242320614     
   10066.0119999993        3.42621347505432     
   10066.1059999993        3.42577569448752     
   10066.1999999993        3.42533976805774     
   10066.2939999993        3.42490612745343     
   10066.3879999993        3.42447392420929     
   10066.4819999993        3.42404352855321     
   10066.5759999993        3.42361337976679     
   10066.6699999993        3.42318624088222     
   10066.7639999993        3.42276106095822     
   10066.8579999993        3.42233711498799     
   10066.9519999993        3.42191443049080     
   10067.0459999993        3.42149371975133     
   10067.1399999993        3.42107348891385     
   10067.2339999993        3.42065492338795     
   10067.3279999993        3.42023913628625     
   10067.4219999993        3.41982439574243     
   10067.5159999993        3.41941220151543     
   10067.6099999993        3.41900055606375     
   10067.7039999993        3.41858934619518     
   10067.7979999993        3.41818068988792     
   10067.8919999993        3.41777372514735     
   10067.9859999993        3.41736813093889     
   10068.0799999993        3.41696374074642     
   10068.1739999993        3.41655999501495     
   10068.2679999993        3.41615887500917     
   10068.3619999993        3.41575989096647     
   10068.4559999993        3.41536114644725     
   10068.5499999993        3.41496416142280     
   10068.6439999993        3.41456862515490     
   10068.7379999993        3.41417372760577     
   10068.8319999993        3.41378118999963     
   10068.9259999993        3.41338960409283     
   10069.0199999993        3.41299967722571     
   10069.1139999993        3.41261045104783     
   10069.2079999993        3.41222450766149     
   10069.3019999993        3.41183783635721     
   10069.3959999993        3.41145303785021     
   10069.4899999993        3.41106996222162     
   10069.5839999993        3.41068801078295     
   10069.6779999993        3.41030695680114     
   10069.7719999993        3.40992850438254     
   10069.8659999993        3.40954947668001     
   10069.9599999993        3.40917365018786     
   10070.0539999993        3.40879813373218     
   10070.1479999993        3.40842419393787     
   10070.2419999993        3.40805099465382     
   10070.3359999993        3.40767861456078     
   10070.4299999993        3.40730851242833     
   10070.5239999993        3.40693921549676     
   10070.6179999993        3.40657213160200     
   10070.7119999993        3.40620567833251     
   10070.8059999993        3.40584046268907     
   10070.8999999993        3.40547551684820     
   10070.9939999993        3.40511262165578     
   10071.0879999993        3.40475105223774     
   10071.1819999993        3.40439059370413     
   10071.2759999993        3.40403140803081     
   10071.3699999993        3.40367341825708     
   10071.4639999993        3.40331555886817     
   10071.5579999993        3.40295989958619     
   10071.6519999993        3.40260595048766     
   10071.7459999993        3.40225233200584     
   10071.8399999993        3.40190027568689     
   10071.9339999993        3.40154810161807     
   10072.0279999993        3.40119846389864     
   10072.1219999993        3.40084877635313     
   10072.2159999993        3.40050209089968     
   10072.3099999993        3.40015500153841     
   10072.4039999993        3.39980958133075     
   10072.4979999993        3.39946476668423     
   10072.5919999993        3.39912163194185     
   10072.6859999993        3.39877913411043     
   10072.7799999993        3.39843743387692     
   10072.8739999993        3.39809721390069     
   10072.9679999993        3.39775828279081     
   10073.0619999993        3.39742057959332     
   10073.1559999992        3.39708384003225     
   10073.2499999992        3.39674758461305     
   10073.3439999992        3.39641318180886     
   10073.4379999992        3.39607861539195     
   10073.5319999992        3.39574607457357     
   10073.6259999992        3.39541329937754     
   10073.7199999992        3.39508309958216     
   10073.8139999992        3.39475318567661     
   10073.9079999992        3.39442566076455     
   10074.0019999992        3.39409806727538     
   10074.0959999992        3.39377065769868     
   10074.1899999992        3.39344542480472     
   10074.2839999992        3.39311974197342     
   10074.3779999992        3.39279592281679     
   10074.4719999992        3.39247290216038     
   10074.5659999992        3.39215164467563     
   10074.6599999992        3.39183007187094     
   10074.7539999992        3.39151146616464     
   10074.8479999992        3.39119189382250     
   10074.9419999992        3.39087388534700     
   10075.0359999992        3.39055701685355     
   10075.1299999992        3.39024086891017     
   10075.2239999992        3.38992459380650     
   10075.3179999992        3.38961032325820     
   10075.4119999992        3.38929697687296     
   10075.5059999992        3.38898462041222     
   10075.5999999992        3.38867403672492     
   10075.6939999992        3.38836309877442     
   10075.7879999992        3.38805349724531     
   10075.8819999992        3.38774398174928     
   10075.9759999992        3.38743631201808     
   10076.0699999992        3.38712862617997     
   10076.1639999992        3.38682249463356     
   10076.2579999992        3.38651787897265     
   10076.3519999992        3.38621288164511     
   10076.4459999992        3.38590912746849     
   10076.5399999992        3.38560644344189     
   10076.6339999992        3.38530422332227     
   10076.7279999992        3.38500339189068     
   10076.8219999992        3.38470337400043     
   10076.9159999992        3.38440350834589     
   10077.0099999992        3.38410508200701     
   10077.1039999992        3.38380730920337     
   10077.1979999992        3.38351058037003     
   10077.2919999992        3.38321409163859     
   10077.3859999992        3.38291955135299     
   10077.4799999992        3.38262519257924     
   10077.5739999992        3.38233124670921     
   10077.6679999992        3.38203837784759     
   10077.7619999992        3.38174564819657     
   10077.8559999992        3.38145392442557     
   10077.9499999992        3.38116449484570     
   10078.0439999992        3.38087477240358     
   10078.1379999992        3.38058532889892     
   10078.2319999992        3.38029789687823     
   10078.3259999992        3.38000975108890     
   10078.4199999992        3.37972317509278     
   10078.5139999992        3.37943730232342     
   10078.6079999992        3.37915244152432     
   10078.7019999992        3.37886818963528     
   10078.7959999992        3.37858379442996     
   10078.8899999992        3.37830235834738     
   10078.9839999992        3.37801957792172     
   10079.0779999992        3.37773880196002     
   10079.1719999992        3.37745800628427     
   10079.2659999992        3.37717811137623     
   10079.3599999992        3.37689912857983     
   10079.4539999992        3.37662028637561     
   10079.5479999992        3.37634259276696     
   10079.6419999992        3.37606498293056     
   10079.7359999992        3.37579007852081     
   10079.8299999992        3.37551451902728     
   10079.9239999992        3.37523940522273     
   10080.0179999992        3.37496571059465     
   10080.1119999992        3.37469151520086     
   10080.2059999992        3.37441897353828     
   10080.2999999992        3.37414628894590     
   10080.3939999992        3.37387543440336     
   10080.4879999992        3.37360472308918     
   10080.5819999992        3.37333567371526     
   10080.6759999992        3.37306636980514     
   10080.7699999992        3.37279685595581     
   10080.8639999992        3.37252931709747     
   10080.9579999992        3.37226175870454     
   10081.0519999992        3.37199506511884     
   10081.1459999992        3.37172849494198     
   10081.2399999992        3.37146384987289     
   10081.3339999992        3.37119805346014     
   10081.4279999992        3.37093421215032     
   10081.5219999992        3.37067163780849     
   10081.6159999992        3.37040904133608     
   10081.7099999992        3.37014692659335     
   10081.8039999992        3.36988534697357     
   10081.8979999992        3.36962484102859     
   10081.9919999992        3.36936373013572     
   10082.0859999992        3.36910423861979     
   10082.1799999992        3.36884584047958     
   10082.2739999992        3.36858795625982     
   10082.3679999992        3.36833118240600     
   10082.4619999992        3.36807412937968     
   10082.5559999992        3.36781731047009     
   10082.6499999992        3.36756181871351     
   10082.7439999992        3.36730565765916     
   10082.8379999992        3.36705138398848     
   10082.9319999992        3.36679728194010     
   10083.0259999992        3.36654472705129     
   10083.1199999992        3.36629192366890     
   10083.2139999992        3.36603917957710     
   10083.3079999992        3.36578844980699     
   10083.4019999992        3.36553676300436     
   10083.4959999992        3.36528638513489     
   10083.5899999992        3.36503661538488     
   10083.6839999992        3.36478751190763     
   10083.7779999992        3.36453880669422     
   10083.8719999992        3.36429001803067     
   10083.9659999992        3.36404370680754     
   10084.0599999992        3.36379615680692     
   10084.1539999991        3.36354979995966     
   10084.2479999991        3.36330454199555     
   10084.3419999991        3.36305926424349     
   10084.4359999991        3.36281480155572     
   10084.5299999991        3.36256973654805     
   10084.6239999991        3.36232658830872     
   10084.7179999991        3.36208305601582     
   10084.8119999991        3.36184055567897     
   10084.9059999991        3.36159988203408     
   10084.9999999991        3.36135839170197     
   10085.0939999991        3.36111814578207     
   10085.1879999991        3.36087684397704     
   10085.2819999991        3.36063737165840     
   10085.3759999991        3.36039785593233     
   10085.4699999991        3.36015916938787     
   10085.5639999991        3.35992139185578     
   10085.6579999991        3.35968354453131     
   10085.7519999991        3.35944807042612     
   10085.8459999991        3.35921157414945     
   10085.9399999991        3.35897464653582     
   10086.0339999991        3.35873968146647     
   10086.1279999991        3.35850432581799     
   10086.2219999991        3.35827002875967     
   10086.3159999991        3.35803619916866     
   10086.4099999991        3.35780284243376     
   10086.5039999991        3.35756993546991     
   10086.5979999991        3.35733652757664     
   10086.6919999991        3.35710602157751     
   10086.7859999991        3.35687434308912     
   10086.8799999991        3.35664353924418     
   10086.9739999991        3.35641350902603     
   10087.0679999991        3.35618330186927     
   10087.1619999991        3.35595394137250     
   10087.2559999991        3.35572411812711     
   10087.3499999991        3.35549637095489     
   10087.4439999991        3.35526868684217     
   10087.5379999991        3.35504109054946     
   10087.6319999991        3.35481523372949     
   10087.7259999991        3.35458889115082     
   10087.8199999991        3.35436228360229     
   10087.9139999991        3.35413713733634     
   10088.0079999991        3.35391140593271     
   10088.1019999991        3.35368687356432     
   10088.1959999991        3.35346271338528     
   10088.2899999991        3.35323968554317     
   10088.3839999991        3.35301650895790     
   10088.4779999991        3.35279313100308     
   10088.5719999991        3.35257197700418     
   10088.6659999991        3.35234954368594     
   10088.7599999991        3.35212850831492     
   10088.8539999991        3.35190795179965     
   10088.9479999991        3.35168764939259     
   10089.0419999991        3.35146749501411     
   10089.1359999991        3.35124809584840     
   10089.2299999991        3.35102905601202     
   10089.3239999991        3.35081062249862     
   10089.4179999991        3.35059178448031     
   10089.5119999991        3.35037492203594     
   10089.6059999991        3.35015769324128     
   10089.6999999991        3.34994061529659     
   10089.7939999991        3.34972446168139     
   10089.8879999991        3.34950897039757     
   10089.9819999991        3.34929242603223     
   10090.0759999991        3.34907746954429     
   10090.1699999991        3.34886335789439     
   10090.2639999991        3.34864911471236     
   10090.3579999991        3.34843532336761     
   10090.4519999991        3.34822230363269     
   10090.5459999991        3.34800950957218     
   10090.6399999991        3.34779583610315     
   10090.7339999991        3.34758398113970     
   10090.8279999991        3.34737215514769     
   10090.9219999991        3.34716108297349     
