   9425.00000000000        3.67060064516540     
   9425.13600000000        3.67050457811336     
   9425.27200000000        3.67040863225826     
   9425.40800000000        3.67031281440813     
   9425.54400000000        3.67021712413809     
   9425.68000000000        3.67012156350692     
   9425.81600000000        3.67002613461744     
   9425.95200000000        3.66993083716751     
   9426.08800000000        3.66983567830139     
   9426.22400000000        3.66974065776087     
   9426.36000000000        3.66964576764739     
   9426.49600000000        3.66955103059044     
   9426.63200000001        3.66945643638115     
   9426.76800000001        3.66936199250908     
   9426.90400000001        3.66926769892523     
   9427.04000000001        3.66917355818536     
   9427.17600000001        3.66907957031662     
   9427.31200000001        3.66898574321910     
   9427.44800000001        3.66889208810401     
   9427.58400000001        3.66879858567663     
   9427.72000000001        3.66870524977379     
   9427.85600000001        3.66861208070981     
   9427.99200000001        3.66851908675852     
   9428.12800000001        3.66842626831230     
   9428.26400000001        3.66833362850569     
   9428.40000000001        3.66824117054700     
   9428.53600000001        3.66814889509675     
   9428.67200000001        3.66805681082545     
   9428.80800000001        3.66796491849020     
   9428.94400000001        3.66787322161641     
   9429.08000000001        3.66778172112694     
   9429.21600000001        3.66769043924418     
   9429.35200000001        3.66759935112113     
   9429.48800000001        3.66750847345204     
   9429.62400000001        3.66741780747102     
   9429.76000000001        3.66732736281069     
   9429.89600000002        3.66723714083736     
   9430.03200000002        3.66714716001160     
   9430.16800000002        3.66705739394646     
   9430.30400000002        3.66696786662894     
   9430.44000000002        3.66687857981477     
   9430.57600000002        3.66678955312274     
   9430.71200000002        3.66670075924741     
   9430.84800000002        3.66661222338877     
   9430.98400000002        3.66652394775919     
   9431.12000000002        3.66643595342323     
   9431.25600000002        3.66634821178642     
   9431.39200000002        3.66626074952540     
   9431.52800000002        3.66617358583938     
   9431.66400000002        3.66608669125136     
   9431.80000000002        3.66600009369529     
   9431.93600000002        3.66591381353800     
   9432.07200000002        3.66582782323218     
   9432.20800000002        3.66574214297117     
   9432.34400000002        3.66565680370269     
   9432.48000000002        3.66557177349793     
   9432.61600000002        3.66548709257186     
   9432.75200000002        3.66540273786514     
   9432.88800000002        3.66531875081405     
   9433.02400000002        3.66523510158710     
   9433.16000000003        3.66515181345730     
   9433.29600000003        3.66506892140833     
   9433.43200000003        3.66498641081915     
   9433.56800000003        3.66490426694061     
   9433.70400000003        3.66482254592929     
   9433.84000000003        3.66474121216323     
   9433.97600000003        3.66466031763344     
   9434.11200000003        3.66457982563325     
   9434.24800000003        3.66449979698098     
   9434.38400000003        3.66442021674021     
   9434.52000000003        3.66434106919480     
   9434.65600000003        3.66426241853103     
   9434.79200000003        3.66418424969267     
   9434.92800000003        3.66410654650095     
   9435.06400000003        3.66402937722708     
   9435.20000000003        3.66395272653391     
   9435.33600000003        3.66387657756330     
   9435.47200000003        3.66380100350528     
   9435.60800000003        3.66372598855400     
   9435.74400000003        3.66365154381431     
   9435.88000000003        3.66357769101813     
   9436.01600000003        3.66350444217289     
   9436.15200000003        3.66343177950348     
   9436.28800000004        3.66335978662839     
   9436.42400000004        3.66328844735719     
   9436.56000000004        3.66321777604039     
   9436.69600000004        3.66314779802809     
   9436.83200000004        3.66307852531333     
   9436.96800000004        3.66300998492104     
   9437.10400000004        3.66294219369634     
   9437.24000000004        3.66287520638507     
   9437.37600000004        3.66280897950442     
   9437.51200000004        3.66274356825820     
   9437.64800000004        3.66267899291513     
   9437.78400000004        3.66261528558910     
   9437.92000000004        3.66255246834545     
   9438.05600000004        3.66249060852122     
   9438.19200000004        3.66242965495636     
   9438.32800000004        3.66236967168327     
   9438.46400000004        3.66231074502126     
   9438.60000000004        3.66225280802827     
   9438.73600000004        3.66219598775424     
   9438.87200000004        3.66214022569401     
   9439.00800000004        3.66208565431183     
   9439.14400000004        3.66203221143238     
   9439.28000000004        3.66198004434391     
   9439.41600000004        3.66192913558649     
   9439.55200000005        3.66187947320390     
   9439.68800000005        3.66183121935241     
   9439.82400000005        3.66178436852390     
   9439.96000000005        3.66173896683756     
   9440.09600000005        3.66169506313235     
   9440.23200000005        3.66165272081669     
   9440.36800000005        3.66161199016687     
   9440.50400000005        3.66157294081338     
   9440.64000000005        3.66153562924970     
   9440.77600000005        3.66150022703965     
   9440.91200000005        3.66146661832371     
   9441.04800000005        3.66143507011162     
   9441.18400000005        3.66140546879578     
   9441.32000000005        3.66137810864924     
   9441.45600000005        3.66135298705672     
   9441.59200000005        3.66133006279742     
   9441.72800000005        3.66130970826435     
   9441.86400000005        3.66129190427533     
   9442.00000000005        3.66127694713346     
   9442.13600000005        3.66126464959697     
   9442.27200000005        3.66125549553176     
   9442.40800000005        3.66124928203833     
   9442.54400000005        3.66124657694282     
   9442.68000000005        3.66124739113678     
   9442.81600000006        3.66125221387572     
   9442.95200000006        3.66126076225760     
   9443.08800000006        3.66127391050884     
   9443.22400000006        3.66129171649939     
   9443.36000000006        3.66131503682684     
   9443.49600000006        3.66134402744786     
   9443.63200000006        3.66137930044826     
   9443.76800000006        3.66142337096592     
   9443.90400000006        3.66147648516023     
   9444.04000000006        3.66154222723557     
   9444.17600000006        3.66162815827452     
   9444.31200000006        3.66175880467061     
   9444.44800000006        3.66204230492700     
   9444.58400000006        3.66508323369073     
   9444.72000000006        3.66670934060090     
   9444.85600000006        3.66785610498563     
   9444.99200000006        3.66901773602216     
   9445.12800000006        3.67028780809197     
   9445.26400000006        3.67169451032511     
   9445.40000000006        3.67327855074277     
   9445.53600000006        3.67505433119999     
   9445.67200000006        3.67704713964018     
   9445.80800000006        3.67929074095105     
   9445.94400000006        3.68180772023759     
   9446.08000000007        3.68463655455798     
   9446.21600000007        3.68781212026316     
   9446.35200000007        3.69136700875001     
   9446.48800000007        3.69534907696069     
   9446.62400000007        3.69980428452046     
   9446.76000000007        3.70478252411175     
   9446.89600000007        3.71033817357143     
   9447.03200000007        3.71652613384881     
   9447.16800000007        3.72341560969860     
   9447.30400000007        3.73108080973277     
   9447.44000000007        3.73958841415374     
   9447.57600000007        3.74902438808344     
   9447.71200000007        3.75947207514025     
   9447.84800000007        3.77103506699250     
   9447.98400000007        3.78381029887493     
   9448.12000000007        3.79790239858531     
   9448.25600000007        3.81343536734521     
   9448.39200000007        3.83052564266164     
   9448.52800000007        3.84930868449479     
   9448.66400000007        3.86992513853086     
   9448.80000000007        3.89252305872488     
   9448.93600000007        3.91726009782032     
   9449.07200000007        3.94430144940914     
   9449.20800000008        3.97382223555481     
   9449.34400000008        4.00600502553158     
   9449.48000000008        4.04104249134088     
   9449.61600000008        4.07913439312777     
   9449.75200000008        4.12049052752363     
   9449.88800000008        4.16532393181323     
   9450.02400000008        4.21386703320161     
   9450.16000000008        4.26634542346712     
   9450.29600000008        4.32300471460134     
   9450.43200000008        4.38408500548551     
   9450.56800000008        4.44984484692629     
   9450.70400000008        4.52053308718172     
   9450.84000000008        4.59641726024047     
   9450.97600000008        4.67775554157349     
   9451.11200000008        4.76481634896761     
   9451.24800000008        4.85786877138233     
   9451.38400000008        4.95717354328906     
   9451.52000000008        5.06299783235949     
   9451.65600000008        5.17560237834586     
   9451.79200000008        5.29524270616878     
   9451.92800000008        5.42216751687362     
   9452.06400000008        5.55661705190330     
   9452.20000000008        5.69882126528809     
   9452.33600000008        5.84900054280475     
   9452.47200000009        6.00735224765753     
   9452.60800000009        6.17406154432174     
   9452.74400000009        6.34930322001602     
   9452.88000000009        6.53322038782263     
   9453.01600000009        6.72593637690673     
   9453.15200000009        6.92754932020826     
   9453.28800000009        7.13813015672035     
   9453.42400000009        7.35772025501484     
   9453.56000000009        7.58632911585127     
   9453.69600000009        7.82393049168848     
   9453.83200000009        8.07046900009796     
   9453.96800000009        8.32584526488175     
   9454.10400000009        8.58992316311801     
   9454.24000000009        8.86252368302222     
   9454.37600000009        9.14343236590907     
   9454.51200000009        9.43238525206179     
   9454.64800000009        9.72907442302788     
   9454.78400000009        10.0331534246907     
   9454.92000000009        10.3442244236244     
   9455.05600000009        10.6618443746413     
   9455.19200000009        10.9855308479701     
   9455.32800000009        11.3147486274047     
   9455.46400000009        11.6489262037331     
   9455.60000000009        11.9874410334303     
   9455.73600000010        12.3296364605120     
   9455.87200000010        12.6748097547724     
   9456.00800000010        13.0222200967437     
   9456.14400000010        13.3710933135939     
   9456.28000000010        13.7206253178495     
   9456.41600000010        14.0699702325683     
   9456.55200000010        14.4182687221537     
   9456.68800000010        14.7646242524498     
   9456.82400000010        15.1081319981407     
   9456.96000000010        15.4478610709463     
   9457.09600000010        15.7828749997069     
   9457.23200000010        16.1122294666332     
   9457.36800000010        16.4349719891275     
   9457.50400000010        16.7501558299245     
   9457.64000000010        17.0568446082524     
   9457.77600000010        17.3541018585832     
   9457.91200000010        17.6410185885770     
   9458.04800000010        17.9167029843032     
   9458.18400000010        18.1802852825738     
   9458.32000000010        18.4309313790637     
   9458.45600000010        18.6678429910607     
   9458.59200000010        18.8902550442011     
   9458.72800000010        19.0974537914194     
   9458.86400000011        19.2887724647968     
   9459.00000000011        19.4635942400977     
   9459.13600000011        19.6213605078829     
   9459.27200000011        19.7615669312979     
   9459.40800000011        19.8837750201214     
   9459.54400000011        19.9876119802525     
   9459.68000000011        20.0727684368826     
   9459.81600000011        20.1390057819644     
   9459.95200000011        20.1861504421770     
   9460.08800000011        20.2141026740492     
   9460.22400000011        20.2228347412452     
   9460.36000000011        20.2123887914709     
   9460.49600000011        20.1828763050765     
   9460.63200000011        20.1344777445033     
   9460.76800000011        20.0674448795835     
   9460.90400000011        19.9820944732606     
   9461.04000000011        19.8788069596221     
   9461.17600000011        19.7580267277004     
   9461.31200000011        19.6202523109453     
   9461.44800000011        19.4660432881955     
   9461.58400000011        19.2960118972241     
   9461.72000000011        19.1108158496717     
   9461.85600000011        18.9111581919556     
   9461.99200000011        18.6977833679957     
   9462.12800000012        18.4714732253452     
   9462.26400000012        18.2330380154537     
   9462.40000000012        17.9833154117137     
   9462.53600000012        17.7231667229296     
   9462.67200000012        17.4534714336731     
   9462.80800000012        17.1751189993950     
   9462.94400000012        16.8890072570473     
   9463.08000000012        16.5960392717599     
   9463.21600000012        16.2971173027402     
   9463.35200000012        15.9931327208820     
   9463.48800000012        15.6849774228822     
   9463.62400000012        15.3735206935015     
   9463.76000000012        15.0596171084566     
   9463.89600000012        14.7440994680687     
   9464.03200000012        14.4277795960159     
   9464.16800000012        14.1114379469899     
   9464.30400000012        13.7958261902137     
   9464.44000000012        13.4816628083752     
   9464.57600000012        13.1696346523558     
   9464.71200000012        12.8603878035925     
   9464.84800000012        12.5545289854220     
   9464.98400000012        12.2526343884255     
   9465.12000000012        11.9552305960822     
   9465.25600000012        11.6628044830118     
   9465.39200000013        11.3758050532308     
   9465.52800000013        11.0946373743006     
   9465.66400000013        10.8196616466176     
   9465.80000000013        10.5512067698976     
   9465.93600000013        10.2895511477092     
   9466.07200000013        10.0349365609653     
   9466.20800000013        9.78756688648622     
   9466.34400000013        9.54761011574302     
   9466.48000000013        9.31519182874840     
   9466.61600000013        9.09041255976020     
   9466.75200000013        8.87333224460623     
   9466.88800000013        8.66398169715348     
   9467.02400000013        8.46235933100124     
   9467.16000000013        8.26844453367963     
   9467.29600000013        8.08218109261960     
   9467.43200000013        7.90349411396162     
   9467.56800000013        7.73228575871014     
   9467.70400000013        7.56843818709698     
   9467.84000000013        7.41181741304478     
   9467.97600000013        7.26227007866327     
   9468.11200000013        7.11962750965938     
   9468.24800000013        6.98371763477150     
   9468.38400000013        6.85434837674703     
   9468.52000000014        6.73132051815936     
   9468.65600000014        6.61442967911612     
   9468.79200000014        6.50346741660992     
   9468.92800000014        6.39821602579485     
   9469.06400000014        6.29845905512608     
   9469.20000000014        6.20397610751498     
   9469.33600000014        6.11454791651733     
   9469.47200000014        6.02995521746175     
   9469.60800000014        5.94997649196737     
   9469.74400000014        5.87440246450063     
   9469.88000000014        5.80301752343535     
   9470.01600000014        5.73561100970485     
   9470.15200000014        5.67198529860344     
   9470.28800000014        5.61193952047310     
   9470.42400000014        5.55527795140946     
   9470.56000000014        5.50181958363970     
   9470.69600000014        5.45137853422403     
   9470.83200000014        5.40378699571995     
   9470.96800000014        5.35887544062562     
   9471.10400000014        5.31648095593070     
   9471.24000000014        5.27645621094926     
   9471.37600000014        5.23865138847730     
   9471.51200000014        5.20292719930012     
   9471.64800000014        5.16915528056134     
   9471.78400000015        5.13720523090975     
   9471.92000000015        5.10696429561924     
   9472.05600000015        5.07831655330169     
   9472.19200000015        5.05115645304734     
   9472.32800000015        5.02538775288954     
   9472.46400000015        5.00091239418087     
   9472.60000000015        4.97764856918817     
   9472.73600000015        4.95550976590763     
   9472.87200000015        4.93441972772258     
   9473.00800000015        4.91430936319840     
   9473.14400000015        4.89510780520795     
   9473.28000000015        4.87675796910493     
   9473.41600000015        4.85919590408655     
   9473.55200000015        4.84237320517634     
   9473.68800000015        4.82623723970711     
   9473.82400000015        4.81073934494025     
   9473.96000000015        4.79584221666893     
   9474.09600000015        4.78149858327500     
   9474.23200000015        4.76767806091250     
   9474.36800000015        4.75434008687141     
   9474.50400000015        4.74145902270435     
   9474.64000000015        4.72899381270635     
   9474.77600000015        4.71692000407710     
   9474.91200000015        4.70515859466087     
   9475.04800000016        4.69292227401731     
   9475.18400000016        4.67965644259648     
   9475.32000000016        4.66906773689107     
   9475.45600000016        4.65894750217842     
   9475.59200000016        4.64912320618373     
   9475.72800000016        4.63956227813292     
   9475.86400000016        4.63023005446478     
   9476.00000000016        4.62111358608910     
   9476.13600000016        4.61219421604352     
   9476.27200000016        4.60346819518441     
   9476.40800000016        4.59492791047278     
   9476.54400000016        4.58655882788522     
   9476.68000000016        4.57835354430426     
   9476.81600000016        4.57030633354259     
   9476.95200000016        4.56242082593766     
   9477.08800000016        4.55467992876638     
   9477.22400000016        4.54708457147512     
   9477.36000000016        4.53962518660922     
   9477.49600000016        4.53230513023159     
   9477.63200000016        4.52511453306561     
   9477.76800000016        4.51804418188290     
   9477.90400000016        4.51110095638443     
   9478.04000000016        4.50427513305048     
   9478.17600000017        4.49756767754032     
   9478.31200000017        4.49096889822118     
   9478.44800000017        4.48447623317740     
   9478.58400000017        4.47809229363376     
   9478.72000000017        4.47180998717183     
   9478.85600000017        4.46562900884422     
   9478.99200000017        4.45954573611123     
   9479.12800000017        4.45355300184259     
   9479.26400000017        4.44765589112227     
   9479.40000000017        4.44184918612832     
   9479.53600000017        4.43612791019293     
   9479.67200000017        4.43049407605088     
   9479.80800000017        4.42494099193726     
   9479.94400000017        4.41947516950640     
   9480.08000000017        4.41408185374631     
   9480.21600000017        4.40876978408501     
   9480.35200000017        4.40352956392702     
   9480.48800000017        4.39836795069192     
   9480.62400000017        4.39327579598779     
   9480.76000000017        4.38825538955555     
   9480.89600000017        4.38330272516541     
   9481.03200000017        4.37841816616138     
   9481.16800000017        4.37359597735616     
   9481.30400000017        4.36884337360671     
   9481.44000000018        4.36414958496014     
   9481.57600000018        4.35951984475741     
   9481.71200000018        4.35495243711406     
   9481.84800000018        4.35044109485908     
   9481.98400000018        4.34598726331100     
   9482.12000000018        4.34159042524532     
   9482.25600000018        4.33724969169603     
   9482.39200000018        4.33296365558243     
   9482.52800000018        4.32873108642478     
   9482.66400000018        4.32454873469129     
   9482.80000000018        4.32042031808026     
   9482.93600000018        4.31633922819994     
   9483.07200000018        4.31230789499500     
   9483.20800000018        4.30832555054279     
   9483.34400000018        4.30439061353082     
   9483.48000000018        4.30050108881148     
   9483.61600000018        4.29665782191334     
   9483.75200000018        4.29285683106387     
   9483.88800000018        4.28910188675266     
   9484.02400000018        4.28539097417149     
   9484.16000000018        4.28172022904948     
   9484.29600000018        4.27809035554822     
   9484.43200000018        4.27450254368419     
   9484.56800000018        4.27095251752577     
   9484.70400000019        4.26744615660942     
   9484.84000000019        4.26397341292270     
   9484.97600000019        4.26054005127663     
   9485.11200000019        4.25714494361420     
   9485.24800000019        4.25378662833117     
   9485.38400000019        4.25046135275506     
   9485.52000000019        4.24717374895670     
   9485.65600000019        4.24391999711364     
   9485.79200000019        4.24070242184249     
   9485.92800000019        4.23751422629772     
   9486.06400000019        4.23436503404906     
   9486.20000000019        4.23124184527522     
   9486.33600000019        4.22815366863392     
   9486.47200000019        4.22509602105300     
   9486.60800000019        4.22207005794508     
   9486.74400000019        4.21907194758605     
   9486.88000000019        4.21610474015811     
   9487.01600000019        4.21316828890737     
   9487.15200000019        4.21025957789893     
   9487.28800000019        4.20737908325977     
   9487.42400000019        4.20452800222682     
   9487.56000000019        4.20170458851551     
   9487.69600000019        4.19890413306348     
   9487.83200000019        4.19613595636824     
   9487.96800000020        4.19338964467866     
   9488.10400000020        4.19067283854232     
   9488.24000000020        4.18797901198312     
   9488.37600000020        4.18531243134833     
   9488.51200000020        4.18266644060588     
   9488.64800000020        4.18004933186812     
   9488.78400000020        4.17745470072788     
   9488.92000000020        4.17488343608973     
   9489.05600000020        4.17233489934025     
   9489.19200000020        4.16980952093545     
   9489.32800000020        4.16730716588446     
   9489.46400000020        4.16482635839860     
   9489.60000000020        4.16236837734572     
   9489.73600000020        4.15993171122224     
   9489.87200000020        4.15751780467210     
   9490.00800000020        4.15512365504579     
   9490.14400000020        4.15275121707481     
   9490.28000000020        4.15039491012578     
   9490.41600000020        4.14806373324443     
   9490.55200000020        4.14575074872760     
   9490.68800000020        4.14345876035449     
   9490.82400000020        4.14118416464811     
   9490.96000000020        4.13892971136711     
   9491.09600000021        4.13669438545477     
   9491.23200000021        4.13447698359080     
   9491.36800000021        4.13227558459242     
   9491.50400000021        4.13009311593938     
   9491.64000000021        4.12793240275893     
   9491.77600000021        4.12578709535741     
   9491.91200000021        4.12365906899808     
   9492.04800000021        4.12154656923515     
   9492.18400000021        4.11945340556828     
   9492.32000000021        4.11737611350697     
   9492.45600000021        4.11531615082150     
   9492.59200000021        4.11327019666105     
   9492.72800000021        4.11124168737902     
   9492.86400000021        4.10922957838848     
   9493.00000000021        4.10723258775378     
   9493.13600000021        4.10525010745497     
   9493.27200000021        4.10328353659930     
   9493.40800000021        4.10133321784317     
   9493.54400000021        4.09939553972880     
   9493.68000000021        4.09747513998819     
   9493.81600000021        4.09556785962073     
   9493.95200000021        4.09367433903234     
   9494.08800000021        4.09179489194286     
   9494.22400000021        4.08993167561531     
   9494.36000000022        4.08808205352159     
   9494.49600000022        4.08624323960454     
   9494.63200000022        4.08442125979186     
   9494.76800000022        4.08261016189156     
   9494.90400000022        4.08081193435548     
   9495.04000000022        4.07902676468187     
   9495.17600000022        4.07725738170754     
   9495.31200000022        4.07549812182380     
   9495.44800000022        4.07375215812014     
   9495.58400000022        4.07202058911560     
   9495.72000000022        4.07029753319251     
   9495.85600000022        4.06858876993083     
   9495.99200000022        4.06689048774467     
   9496.12800000022        4.06520625030150     
   9496.26400000022        4.06353101687329     
   9496.40000000022        4.06186987821658     
   9496.53600000022        4.06022063569119     
   9496.67200000022        4.05858081618719     
   9496.80800000022        4.05695208145186     
   9496.94400000022        4.05533478055680     
   9497.08000000022        4.05372977920657     
   9497.21600000022        4.05213405729391     
   9497.35200000022        4.05054890400899     
   9497.48800000022        4.04897571819784     
   9497.62400000023        4.04741423376267     
   9497.76000000023        4.04586104355470     
   9497.89600000023        4.04431665110655     
   9498.03200000023        4.04278336937547     
   9498.16800000023        4.04126083253909     
   9498.30400000023        4.03974741874968     
   9498.44000000023        4.03824711351984     
   9498.57600000023        4.03675341702969     
   9498.71200000023        4.03527096952117     
   9498.84800000023        4.03379657456262     
   9498.98400000023        4.03233102993535     
   9499.12000000023        4.03087455154046     
   9499.25600000023        4.02942954047829     
   9499.39200000023        4.02799315930395     
   9499.52800000023        4.02656396680694     
   9499.66400000023        4.02514797262424     
   9499.80000000023        4.02373617187577     
   9499.93600000023        4.02233417497175     
   9500.07200000023        4.02094161520873     
   9500.20800000023        4.01955638232475     
   9500.34400000023        4.01818242427970     
   9500.48000000023        4.01681476089982     
   9500.61600000023        4.01545771031658     
   9500.75200000024        4.01410658923436     
   9500.88800000024        4.01276368036454     
   9501.02400000024        4.01142956143514     
   9501.16000000024        4.01010164082010     
   9501.29600000024        4.00878489272502     
   9501.43200000024        4.00747380865683     
   9501.56800000024        4.00616877318520     
   9501.70400000024        4.00487730464043     
   9501.84000000024        4.00358869698532     
   9501.97600000024        4.00230789236441     
   9502.11200000024        4.00103630581154     
   9502.24800000024        3.99977063527617     
   9502.38400000024        3.99851379008206     
   9502.52000000024        3.99726150333857     
   9502.65600000024        3.99601908799107     
   9502.79200000024        3.99478393148929     
   9502.92800000024        3.99355473130444     
   9503.06400000024        3.99233333232187     
   9503.20000000024        3.99111754702764     
   9503.33600000024        3.98990781451081     
   9503.47200000024        3.98870722965353     
   9503.60800000024        3.98751301922586     
   9503.74400000024        3.98632577354485     
   9503.88000000024        3.98514254050944     
   9504.01600000025        3.98396920696721     
   9504.15200000025        3.98279964437629     
   9504.28800000025        3.98163678615735     
   9504.42400000025        3.98048280758486     
   9504.56000000025        3.97933375702658     
   9504.69600000025        3.97819123325409     
   9504.83200000025        3.97705341207982     
   9504.96800000025        3.97592367244942     
   9505.10400000025        3.97479850562175     
   9505.24000000025        3.97367948122676     
   9505.37600000025        3.97256678336490     
   9505.51200000025        3.97145944137087     
   9505.64800000025        3.97035979788102     
   9505.78400000025        3.96926523638898     
   9505.92000000025        3.96817379172023     
   9506.05600000025        3.96709289522190     
   9506.19200000025        3.96601426712225     
   9506.32800000025        3.96494341168703     
   9506.46400000025        3.96387491224985     
   9506.60000000025        3.96281655423781     
   9506.73600000025        3.96175870979284     
   9506.87200000025        3.96070897109879     
   9507.00800000025        3.95966431363599     
   9507.14400000025        3.95862454309374     
   9507.28000000026        3.95758997643201     
   9507.41600000026        3.95656022200718     
   9507.55200000026        3.95553565897277     
   9507.68800000026        3.95451757354082     
   9507.82400000026        3.95350309684233     
   9507.96000000026        3.95249429169556     
   9508.09600000026        3.95149094357869     
   9508.23200000026        3.95049274240868     
   9508.36800000026        3.94949692831122     
   9508.50400000026        3.94851003427702     
   9508.64000000026        3.94752562999744     
   9508.77600000026        3.94654721814879     
   9508.91200000026        3.94557154924295     
   9509.04800000026        3.94460351030659     
   9509.18400000026        3.94363679857050     
   9509.32000000026        3.94267583740871     
   9509.45600000026        3.94172028820169     
   9509.59200000026        3.94076698089635     
   9509.72800000026        3.93982159369967     
   9509.86400000026        3.93887972363691     
   9510.00000000026        3.93793906123388     
   9510.13600000026        3.93700809020827     
   9510.27200000026        3.93607732095616     
   9510.40800000027        3.93515175315164     
   9510.54400000027        3.93423142178824     
   9510.68000000027        3.93331299788093     
   9510.81600000027        3.93240227356778     
   9510.95200000027        3.93149224206175     
   9511.08800000027        3.93058864762091     
   9511.22400000027        3.92968943186824     
   9511.36000000027        3.92879409195225     
   9511.49600000027        3.92790068170923     
   9511.63200000027        3.92701365672977     
   9511.76800000027        3.92612854205015     
   9511.90400000027        3.92525002942573     
   9512.04000000027        3.92437247068541     
   9512.17600000027        3.92350057335592     
   9512.31200000027        3.92263285802009     
   9512.44800000027        3.92176880971783     
   9512.58400000027        3.92090839012658     
   9512.72000000027        3.92005040576964     
   9512.85600000027        3.91919769072207     
   9512.99200000027        3.91834909357183     
   9513.12800000027        3.91750079905122     
   9513.26400000027        3.91666106055184     
   9513.40000000027        3.91582041388302     
   9513.53600000027        3.91498539933669     
   9513.67200000028        3.91415560575054     
   9513.80800000028        3.91332572578491     
   9513.94400000028        3.91250236664626     
   9514.08000000028        3.91168250138904     
   9514.21600000028        3.91086273524745     
   9514.35200000028        3.91005071287859     
   9514.48800000028        3.90923996319883     
   9514.62400000028        3.90843113234057     
   9514.76000000028        3.90762997747487     
   9514.89600000028        3.90683013741656     
   9515.03200000028        3.90603119512603     
   9515.16800000028        3.90523837534572     
   9515.30400000028        3.90444733355113     
   9515.44000000028        3.90366022919538     
   9515.57600000028        3.90287677764450     
   9515.71200000028        3.90209655896566     
   9515.84800000028        3.90131900950769     
   9515.98400000028        3.90054502573734     
   9516.12000000028        3.89977349967640     
   9516.25600000028        3.89900502091976     
   9516.39200000028        3.89824022021925     
   9516.52800000028        3.89748017386659     
   9516.66400000028        3.89671983251360     
   9516.80000000028        3.89596354781377     
   9516.93600000029        3.89521236543414     
   9517.07200000029        3.89446332859942     
   9517.20800000029        3.89371514842383     
   9517.34400000029        3.89297290780271     
   9517.48000000029        3.89223023719373     
   9517.61600000029        3.89149281597354     
   9517.75200000029        3.89075669718183     
   9517.88800000029        3.89002451972739     
   9518.02400000029        3.88929457222259     
   9518.16000000029        3.88856996504361     
   9518.29600000029        3.88784455907273     
   9518.43200000029        3.88712414042554     
   9518.56800000029        3.88640753703797     
   9518.70400000029        3.88568987146204     
   9518.84000000029        3.88497776970903     
   9518.97600000029        3.88426772180704     
   9519.11200000029        3.88355799315833     
   9519.24800000029        3.88285626580395     
   9519.38400000029        3.88215462328605     
   9519.52000000029        3.88145366525246     
   9519.65600000029        3.88075778754349     
   9519.79200000029        3.88006318171934     
   9519.92800000029        3.87937282821135     
   9520.06400000029        3.87868302468718     
   9520.20000000030        3.87799594578674     
   9520.33600000030        3.87731245615412     
   9520.47200000030        3.87663180830793     
   9520.60800000030        3.87595308892572     
   9520.74400000030        3.87527751426295     
   9520.88000000030        3.87460271705682     
   9521.01600000030        3.87393218702754     
   9521.15200000030        3.87326422957412     
   9521.28800000030        3.87259517648688     
   9521.42400000030        3.87193327736139     
   9521.56000000030        3.87127114036859     
   9521.69600000030        3.87061259328420     
   9521.83200000030        3.86995721826549     
   9521.96800000030        3.86930235652682     
   9522.10400000030        3.86864794032564     
   9522.24000000030        3.86799928299735     
   9522.37600000030        3.86735281182251     
   9522.51200000030        3.86670614354416     
   9522.64800000030        3.86606454340880     
   9522.78400000030        3.86542426438994     
   9522.92000000030        3.86478643815386     
   9523.05600000030        3.86415119951316     
   9523.19200000030        3.86351710982338     
   9523.32800000031        3.86288477762800     
   9523.46400000031        3.86225687480989     
   9523.60000000031        3.86162925335505     
   9523.73600000031        3.86100550158848     
   9523.87200000031        3.86038038975222     
   9524.00800000031        3.85976005045950     
   9524.14400000031        3.85914430085517     
   9524.28000000031        3.85852644786318     
   9524.41600000031        3.85791281225838     
   9524.55200000031        3.85729839778315     
   9524.68800000031        3.85668956687762     
   9524.82400000031        3.85607954319539     
   9524.96000000031        3.85547466643025     
   9525.09600000031        3.85487079715062     
   9525.23200000031        3.85426610633189     
   9525.36800000031        3.85366838336095     
   9525.50400000031        3.85306970365482     
   9525.64000000031        3.85247390932796     
   9525.77600000031        3.85187932840347     
   9525.91200000031        3.85128625238346     
   9526.04800000031        3.85069449230920     
   9526.18400000031        3.85010660407549     
   9526.32000000031        3.84951964490066     
   9526.45600000031        3.84893665750929     
   9526.59200000032        3.84835371543492     
   9526.72800000032        3.84777067976969     
   9526.86400000032        3.84719188255061     
   9527.00000000032        3.84661397788654     
   9527.13600000032        3.84603892727071     
   9527.27200000032        3.84546601939675     
   9527.40800000032        3.84489387303477     
   9527.54400000032        3.84432230972564     
   9527.68000000032        3.84375663772857     
   9527.81600000032        3.84319083129896     
   9527.95200000032        3.84262436275294     
   9528.08800000032        3.84206400452019     
   9528.22400000032        3.84150336093228     
   9528.36000000032        3.84094305630615     
   9528.49600000032        3.84038520997055     
   9528.63200000032        3.83983032429833     
   9528.76800000032        3.83927693121021     
   9528.90400000032        3.83872507359290     
   9529.04000000032        3.83817553245745     
   9529.17600000032        3.83762738451051     
   9529.31200000032        3.83708182601936     
   9529.44800000032        3.83653598367349     
   9529.58400000032        3.83599322803240     
   9529.72000000032        3.83545276653299     
   9529.85600000033        3.83491100892247     
   9529.99200000033        3.83437276988721     
   9530.12800000033        3.83383825542687     
   9530.26400000033        3.83330216807902     
   9530.40000000033        3.83276805714380     
   9530.53600000033        3.83223879432826     
   9530.67200000033        3.83170925758014     
   9530.80800000033        3.83117946979682     
   9530.94400000033        3.83065369468645     
   9531.08000000033        3.83012854259474     
   9531.21600000033        3.82960438972688     
   9531.35200000033        3.82908215435695     
   9531.48800000033        3.82855997371282     
   9531.62400000033        3.82804096841025     
   9531.76000000033        3.82752438622235     
   9531.89600000033        3.82700832859656     
   9532.03200000033        3.82649393229149     
   9532.16800000033        3.82597945177609     
   9532.30400000033        3.82546778800848     
   9532.44000000033        3.82495807883572     
   9532.57600000033        3.82444853244467     
   9532.71200000033        3.82393840874448     
   9532.84800000033        3.82343198065120     
   9532.98400000034        3.82293006248666     
   9533.12000000034        3.82242427811166     
   9533.25600000034        3.82192267069883     
   9533.39200000034        3.82142294505984     
   9533.52800000034        3.82092270731361     
   9533.66400000034        3.82042578848041     
   9533.80000000034        3.81992831320249     
   9533.93600000034        3.81943250792004     
   9534.07200000034        3.81893539845442     
   9534.20800000034        3.81844602091574     
   9534.34400000034        3.81795496840910     
   9534.48000000034        3.81746436937544     
   9534.61600000034        3.81697781140756     
   9534.75200000034        3.81648998610187     
   9534.88800000034        3.81600500371565     
   9535.02400000034        3.81552134616899     
   9535.16000000034        3.81503587573241     
   9535.29600000034        3.81455460452927     
   9535.43200000034        3.81407709300674     
   9535.56800000034        3.81359741379317     
   9535.70400000034        3.81311914660845     
   9535.84000000034        3.81264492719693     
   9535.97600000034        3.81217076572998     
   9536.11200000034        3.81169606795473     
   9536.24800000035        3.81122428258079     
   9536.38400000035        3.81075449415901     
   9536.52000000035        3.81028390288227     
   9536.65600000035        3.80981871606908     
   9536.79200000035        3.80935205795042     
   9536.92800000035        3.80888683080824     
   9537.06400000035        3.80842544314792     
   9537.20000000035        3.80796126893422     
   9537.33600000035        3.80749999828046     
   9537.47200000035        3.80704069670781     
   9537.60800000035        3.80658051943938     
   9537.74400000035        3.80612272931497     
   9537.88000000035        3.80566786298640     
   9538.01600000035        3.80521330136385     
   9538.15200000035        3.80475778915680     
   9538.28800000035        3.80430765557010     
   9538.42400000035        3.80385603918435     
   9538.56000000035        3.80340363952991     
   9538.69600000035        3.80295508964111     
   9538.83200000035        3.80250740957998     
   9538.96800000035        3.80205966275162     
   9539.10400000035        3.80161516390363     
   9539.24000000035        3.80116890864984     
   9539.37600000035        3.80072451483952     
   9539.51200000036        3.80028150712606     
   9539.64800000036        3.79984014382694     
   9539.78400000036        3.79939954207746     
   9539.92000000036        3.79895970533695     
   9540.05600000036        3.79852088943693     
   9540.19200000036        3.79808119101744     
   9540.32800000036        3.79764372269372     
   9540.46400000036        3.79720895230542     
   9540.60000000036        3.79677152032799     
   9540.73600000036        3.79633765416224     
   9540.87200000036        3.79590731464840     
   9541.00800000036        3.79547435061507     
   9541.14400000036        3.79504377047311     
   9541.28000000036        3.79461233919683     
   9541.41600000036        3.79418431816998     
   9541.55200000036        3.79375632779469     
   9541.68800000036        3.79332770132553     
   9541.82400000036        3.79290221633140     
   9541.96000000036        3.79247715209018     
   9542.09600000036        3.79205465897128     
   9542.23200000036        3.79163187250648     
   9542.36800000036        3.79120949967922     
   9542.50400000036        3.79078880161989     
   9542.64000000037        3.79037080841009     
   9542.77600000037        3.78995010572252     
   9542.91200000037        3.78953369270793     
   9543.04800000037        3.78911713889744     
   9543.18400000037        3.78870092715226     
   9543.32000000037        3.78828710836103     
   9543.45600000037        3.78787624038137     
   9543.59200000037        3.78746436667489     
   9543.72800000037        3.78705406119548     
   9543.86400000037        3.78664427357367     
   9544.00000000037        3.78623586126219     
   9544.13600000037        3.78582869705771     
   9544.27200000037        3.78542145372683     
   9544.40800000037        3.78501713987197     
   9544.54400000037        3.78461272763489     
   9544.68000000037        3.78421145294422     
   9544.81600000037        3.78380949764828     
   9544.95200000037        3.78340706696732     
   9545.08800000037        3.78300739542661     
   9545.22400000037        3.78261075770319     
   9545.36000000037        3.78221100684312     
   9545.49600000037        3.78181487075133     
   9545.63200000037        3.78141830088986     
   9545.76800000037        3.78102326313945     
   9545.90400000038        3.78062915170142     
   9546.04000000038        3.78023610515097     
   9546.17600000038        3.77984376078683     
   9546.31200000038        3.77945213381362     
   9546.44800000038        3.77905851178962     
   9546.58400000038        3.77867124416435     
   9546.72000000038        3.77828174647380     
   9546.85600000038        3.77789277197165     
   9546.99200000038        3.77750569913697     
   9547.12800000038        3.77711721704682     
   9547.26400000038        3.77673015673043     
   9547.40000000038        3.77634573896571     
   9547.53600000038        3.77595818789111     
   9547.67200000038        3.77557378328802     
   9547.80800000038        3.77519241799871     
   9547.94400000038        3.77480834245052     
   9548.08000000038        3.77442560972658     
   9548.21600000038        3.77404292598641     
   9548.35200000038        3.77366231786546     
   9548.48800000038        3.77328164549702     
   9548.62400000038        3.77290016693561     
   9548.76000000038        3.77252123078665     
   9548.89600000038        3.77214211210184     
   9549.03200000038        3.77176285889114     
   9549.16800000039        3.77138873339374     
   9549.30400000039        3.77101155701695     
   9549.44000000039        3.77063582409603     
   9549.57600000039        3.77026057515967     
   9549.71200000039        3.76988505329144     
   9549.84800000039        3.76951183853687     
   9549.98400000039        3.76914013842089     
   9550.12000000039        3.76876719538269     
   9550.25600000039        3.76839653248310     
   9550.39200000039        3.76802548025752     
   9550.52800000039        3.76765902018660     
   9550.66400000039        3.76729113931059     
   9550.80000000039        3.76692186075558     
   9550.93600000039        3.76655713087344     
   9551.07200000039        3.76619166120794     
   9551.20800000039        3.76582789563656     
   9551.34400000039        3.76546363690628     
   9551.48000000039        3.76510182151956     
   9551.61600000039        3.76473996535998     
   9551.75200000039        3.76437871019281     
   9551.88800000039        3.76402209597518     
   9552.02400000039        3.76366201312086     
   9552.16000000039        3.76330479345445     
   9552.29600000039        3.76295002138891     
   9552.43200000040        3.76259258240609     
   9552.56800000040        3.76223798857964     
   9552.70400000040        3.76188462270798     
   9552.84000000040        3.76153175713707     
   9552.97600000040        3.76117995876657     
   9553.11200000040        3.76082938637458     
   9553.24800000040        3.76047897359504     
   9553.38400000040        3.76012972191387     
   9553.52000000040        3.75977870926088     
   9553.65600000040        3.75943312310665     
   9553.79200000040        3.75908582033379     
   9553.92800000040        3.75873831497673     
   9554.06400000040        3.75839308895171     
   9554.20000000040        3.75804882482420     
   9554.33600000040        3.75770282675849     
   9554.47200000040        3.75736023903460     
   9554.60800000040        3.75701633197152     
   9554.74400000040        3.75667080792914     
   9554.88000000040        3.75632832795635     
   9555.01600000040        3.75598835105802     
   9555.15200000040        3.75564576552275     
   9555.28800000040        3.75530425053478     
   9555.42400000040        3.75496255937419     
   9555.56000000041        3.75462242060643     
   9555.69600000041        3.75428211670247     
   9555.83200000041        3.75394078640707     
   9555.96800000041        3.75360114255494     
   9556.10400000041        3.75326195112010     
   9556.24000000041        3.75292182325360     
   9556.37600000041        3.75258658926360     
   9556.51200000041        3.75224867138666     
   9556.64800000041        3.75190982970462     
   9556.78400000041        3.75157247652211     
   9556.92000000041        3.75123632682706     
   9557.05600000041        3.75089725810436     
   9557.19200000041        3.75056233573981     
   9557.32800000041        3.75022634713192     
   9557.46400000041        3.74988994651858     
   9557.60000000041        3.74955543856682     
   9557.73600000041        3.74922356795772     
   9557.87200000041        3.74888962166672     
   9558.00800000041        3.74855696398443     
   9558.14400000041        3.74822541815607     
   9558.28000000041        3.74789281166471     
   9558.41600000041        3.74756213365353     
   9558.55200000041        3.74723172206970     
   9558.68800000041        3.74690168223846     
   9558.82400000042        3.74657363386610     
   9558.96000000042        3.74624545202233     
   9559.09600000042        3.74592097081877     
   9559.23200000042        3.74559500421079     
   9559.36800000042        3.74526812968607     
   9559.50400000042        3.74494432628843     
   9559.64000000042        3.74462248133287     
   9559.77600000042        3.74430048840652     
   9559.91200000042        3.74397727916240     
   9560.04800000042        3.74365783414400     
   9560.18400000042        3.74333840289163     
   9560.32000000042        3.74301937008229     
   9560.45600000042        3.74270148943203     
   9560.59200000042        3.74238591447453     
   9560.72800000042        3.74207034959661     
   9560.86400000042        3.74175568216355     
   9561.00000000042        3.74143893138574     
   9561.13600000042        3.74112780370710     
   9561.27200000042        3.74081608161947     
   9561.40800000042        3.74050485082334     
   9561.54400000042        3.74019377737409     
   9561.68000000042        3.73988344293255     
   9561.81600000042        3.73957258549962     
   9561.95200000042        3.73926583066943     
   9562.08800000043        3.73895771972379     
   9562.22400000043        3.73864705652092     
   9562.36000000043        3.73834012650736     
   9562.49600000043        3.73803528379370     
   9562.63200000043        3.73772950695794     
   9562.76800000043        3.73742316767305     
   9562.90400000043        3.73711734792133     
   9563.04000000043        3.73681145024267     
   9563.17600000043        3.73650612008923     
   9563.31200000043        3.73620290257947     
   9563.44800000043        3.73589523677092     
   9563.58400000043        3.73559102521481     
   9563.72000000043        3.73528654259380     
   9563.85600000043        3.73498350822932     
   9563.99200000043        3.73467970942645     
   9564.12800000043        3.73437579320799     
   9564.26400000043        3.73407132932224     
   9564.40000000043        3.73376776935784     
   9564.53600000043        3.73346387110514     
   9564.67200000043        3.73315707756306     
   9564.80800000043        3.73285492883944     
   9564.94400000043        3.73255138411132     
   9565.08000000043        3.73224642505045     
   9565.21600000044        3.73194315596519     
   9565.35200000044        3.73164292542706     
   9565.48800000044        3.73133935005574     
   9565.62400000044        3.73103651396083     
   9565.76000000044        3.73073367224852     
   9565.89600000044        3.73042980631035     
   9566.03200000044        3.73012792916652     
   9566.16800000044        3.72982735631518     
   9566.30400000044        3.72952628734955     
   9566.44000000044        3.72922409302133     
   9566.57600000044        3.72892389423298     
   9566.71200000044        3.72862660690441     
   9566.84800000044        3.72832725613183     
   9566.98400000044        3.72802863680990     
