   9425.00000000000        3.60306717796164     
   9425.13600000000        3.60297266482744     
   9425.27200000000        3.60287826645825     
   9425.40800000000        3.60278398938274     
   9425.54400000000        3.60268983311591     
   9425.68000000000        3.60259579957694     
   9425.81600000000        3.60250189072553     
   9425.95200000000        3.60240809904429     
   9426.08800000000        3.60231444320315     
   9426.22400000000        3.60222092056829     
   9426.36000000000        3.60212753087958     
   9426.49600000000        3.60203427631542     
   9426.63200000001        3.60194115910151     
   9426.76800000001        3.60184817910701     
   9426.90400000001        3.60175534351305     
   9427.04000000001        3.60166265224250     
   9427.17600000001        3.60157010772323     
   9427.31200000001        3.60147771243718     
   9427.44800000001        3.60138546646983     
   9427.58400000001        3.60129337736909     
   9427.72000000001        3.60120144528586     
   9427.85600000001        3.60110967293339     
   9427.99200000001        3.60101806308687     
   9428.12800000001        3.60092661609718     
   9428.26400000001        3.60083535141710     
   9428.40000000001        3.60074424662767     
   9428.53600000001        3.60065331610907     
   9428.67200000001        3.60056256040548     
   9428.80800000001        3.60047198789460     
   9428.94400000001        3.60038159921297     
   9429.08000000001        3.60029139769929     
   9429.21600000001        3.60020138677215     
   9429.35200000001        3.60011156734870     
   9429.48800000001        3.60002196110280     
   9429.62400000001        3.59993254362422     
   9429.76000000001        3.59984333126678     
   9429.89600000002        3.59975432523814     
   9430.03200000002        3.59966553484615     
   9430.16800000002        3.59957696143006     
   9430.30400000002        3.59948862312928     
   9430.44000000002        3.59940049388103     
   9430.57600000002        3.59931259716337     
   9430.71200000002        3.59922493468039     
   9430.84800000002        3.59913752574542     
   9430.98400000002        3.59905034328654     
   9431.12000000002        3.59896341202907     
   9431.25600000002        3.59887673410603     
   9431.39200000002        3.59879033028776     
   9431.52800000002        3.59870417212338     
   9431.66400000002        3.59861828584623     
   9431.80000000002        3.59853269044949     
   9431.93600000002        3.59844735941908     
   9432.07200000002        3.59836231156380     
   9432.20800000002        3.59827757575735     
   9432.34400000002        3.59819312147146     
   9432.48000000002        3.59810898912647     
   9432.61600000002        3.59802514794128     
   9432.75200000002        3.59794162725017     
   9432.88800000002        3.59785844960773     
   9433.02400000002        3.59777558254971     
   9433.16000000003        3.59769307641115     
   9433.29600000003        3.59761089801988     
   9433.43200000003        3.59752909329688     
   9433.56800000003        3.59744762837056     
   9433.70400000003        3.59736655691538     
   9433.84000000003        3.59728584404743     
   9433.97600000003        3.59720553642403     
   9434.11200000003        3.59712560724676     
   9434.24800000003        3.59704610534527     
   9434.38400000003        3.59696701883696     
   9434.52000000003        3.59688833210507     
   9434.65600000003        3.59681010612637     
   9434.79200000003        3.59673232585622     
   9434.92800000003        3.59665497523400     
   9435.06400000003        3.59657811893242     
   9435.20000000003        3.59650174162558     
   9435.33600000003        3.59642582660713     
   9435.47200000003        3.59635044299894     
   9435.60800000003        3.59627557501697     
   9435.74400000003        3.59620123248448     
   9435.88000000003        3.59612743541333     
   9436.01600000003        3.59605416618250     
   9436.15200000003        3.59598149193271     
   9436.28800000004        3.59590940640962     
   9436.42400000004        3.59583792166671     
   9436.56000000004        3.59576705035426     
   9436.69600000004        3.59569681575047     
   9436.83200000004        3.59562723155914     
   9436.96800000004        3.59555831216770     
   9437.10400000004        3.59549008280047     
   9437.24000000004        3.59542255906310     
   9437.37600000004        3.59535575734563     
   9437.51200000004        3.59528970507918     
   9437.64800000004        3.59522442006764     
   9437.78400000004        3.59515996030614     
   9437.92000000004        3.59509627858211     
   9438.05600000004        3.59503343323405     
   9438.19200000004        3.59497144566560     
   9438.32800000004        3.59491039292031     
   9438.46400000004        3.59485021182928     
   9438.60000000004        3.59479096939300     
   9438.73600000004        3.59473275058932     
   9438.87200000004        3.59467548344837     
   9439.00800000004        3.59461930562714     
   9439.14400000004        3.59456414509810     
   9439.28000000004        3.59451013834918     
   9439.41600000004        3.59445727731131     
   9439.55200000005        3.59440553383446     
   9439.68800000005        3.59435507188878     
   9439.82400000005        3.59430587223187     
   9439.96000000005        3.59425797521330     
   9440.09600000005        3.59421143457896     
   9440.23200000005        3.59416621859223     
   9440.36800000005        3.59412260379349     
   9440.50400000005        3.59408042204607     
   9440.64000000005        3.59403979858612     
   9440.77600000005        3.59400080059841     
   9440.91200000005        3.59396348295902     
   9441.04800000005        3.59392801661520     
   9441.18400000005        3.59389428013387     
   9441.32000000005        3.59386254296675     
   9441.45600000005        3.59383268334828     
   9441.59200000005        3.59380500007305     
   9441.72800000005        3.59377948488039     
   9441.86400000005        3.59375622745517     
   9442.00000000005        3.59373534083794     
   9442.13600000005        3.59371693321886     
   9442.27200000005        3.59370112150982     
   9442.40800000005        3.59368823149208     
   9442.54400000005        3.59367824293536     
   9442.68000000005        3.59367110353917     
   9442.81600000006        3.59366740543727     
   9442.95200000006        3.59366742338857     
   9443.08800000006        3.59367085268093     
   9443.22400000006        3.59367854001994     
   9443.36000000006        3.59369050577610     
   9443.49600000006        3.59370757151670     
   9443.63200000006        3.59372984928780     
   9443.76800000006        3.59375790301419     
   9443.90400000006        3.59379409737980     
   9444.04000000006        3.59383861238603     
   9444.17600000006        3.59389477491244     
   9444.31200000006        3.59396958110680     
   9444.44800000006        3.59408144701586     
   9444.58400000006        3.59431843846483     
   9444.72000000006        3.59690314012260     
   9444.85600000006        3.59877154297925     
   9444.99200000006        3.59985654612724     
   9445.12800000006        3.60094195516537     
   9445.26400000006        3.60212205447078     
   9445.40000000006        3.60343202555760     
   9445.53600000006        3.60489286591143     
   9445.67200000006        3.60652592210785     
   9445.80800000006        3.60835375097292     
   9445.94400000006        3.61040687061480     
   9446.08000000007        3.61270448329980     
   9446.21600000007        3.61528109487487     
   9446.35200000007        3.61816702698640     
   9446.48800000007        3.62139588728800     
   9446.62400000007        3.62499895316733     
   9446.76000000007        3.62902188717965     
   9446.89600000007        3.63350808939715     
   9447.03200000007        3.63850020947610     
   9447.16800000007        3.64405937362530     
   9447.30400000007        3.65023219105115     
   9447.44000000007        3.65708376298775     
   9447.57600000007        3.66467944260486     
   9447.71200000007        3.67308979809527     
   9447.84800000007        3.68239083648204     
   9447.98400000007        3.69266039622319     
   9448.12000000007        3.70399390786637     
   9448.25600000007        3.71648109886090     
   9448.39200000007        3.73021845704843     
   9448.52800000007        3.74531724576217     
   9448.66400000007        3.76189470346101     
   9448.80000000007        3.78006474584206     
   9448.93600000007        3.79995903699712     
   9449.07200000007        3.82171392029205     
   9449.20800000008        3.84547220496067     
   9449.34400000008        3.87138557833861     
   9449.48000000008        3.89961217243742     
   9449.61600000008        3.93031922491673     
   9449.75200000008        3.96367691453646     
   9449.88800000008        3.99987451236273     
   9450.02400000008        4.03909744131227     
   9450.16000000008        4.08153920728682     
   9450.29600000008        4.12741062930800     
   9450.43200000008        4.17691732903560     
   9450.56800000008        4.23027378324938     
   9450.70400000008        4.28770534901471     
   9450.84000000008        4.34944282328711     
   9450.97600000008        4.41571123032612     
   9451.11200000008        4.48675332679558     
   9451.24800000008        4.56280183309234     
   9451.38400000008        4.64410044925586     
   9451.52000000008        4.73089114562115     
   9451.65600000008        4.82341876541048     
   9451.79200000008        4.92191901966164     
   9451.92800000008        5.02663255607188     
   9452.06400000008        5.13779361909189     
   9452.20000000008        5.25563124270598     
   9452.33600000008        5.38036782913405     
   9452.47200000009        5.51221725920656     
   9452.60800000009        5.65138324512117     
   9452.74400000009        5.79805781983363     
   9452.88000000009        5.95241933132309     
   9453.01600000009        6.11463042636406     
   9453.15200000009        6.28483642613499     
   9453.28800000009        6.46316351374478     
   9453.42400000009        6.64971705494500     
   9453.56000000009        6.84457944452859     
   9453.69600000009        7.04780597880979     
   9453.83200000009        7.25943167586580     
   9453.96800000009        7.47945676621887     
   9454.10400000009        7.70785331349863     
   9454.24000000009        7.94455966059357     
   9454.37600000009        8.18948691480322     
   9454.51200000009        8.44250514289768     
   9454.64800000009        8.70344851399245     
   9454.78400000009        8.97211997074730     
   9454.92000000009        9.24827814462661     
   9455.05600000009        9.53164281845455     
   9455.19200000009        9.82190004544217     
   9455.32800000009        10.1186899277660     
   9455.46400000009        10.4216125402264     
   9455.60000000009        10.7302335254462     
   9455.73600000010        11.0440711899073     
   9455.87200000010        11.3626120868194     
   9456.00800000010        11.6852966173380     
   9456.14400000010        12.0115366164122     
   9456.28000000010        12.3406976916988     
   9456.41600000010        12.6721230624626     
   9456.55200000010        13.0051105521713     
   9456.68800000010        13.3389410963086     
   9456.82400000010        13.6728549492014     
   9456.96000000010        14.0060768155961     
   9457.09600000010        14.3378069311130     
   9457.23200000010        14.6672216329668     
   9457.36800000010        14.9934863491168     
   9457.50400000010        15.3157564132193     
   9457.64000000010        15.6331693142402     
   9457.77600000010        15.9448705578511     
   9457.91200000010        16.2499918517900     
   9458.04800000010        16.5476792257777     
   9458.18400000010        16.8370809956230     
   9458.32000000010        17.1173599354456     
   9458.45600000010        17.3876901236447     
   9458.59200000010        17.6472697544230     
   9458.72800000010        17.8953228034283     
   9458.86400000011        18.1311008190613     
   9459.00000000011        18.3538835773612     
   9459.13600000011        18.5629920517724     
   9459.27200000011        18.7577848549350     
   9459.40800000011        18.9376691147751     
   9459.54400000011        19.1020884449559     
   9459.68000000011        19.2505470502923     
   9459.81600000011        19.3825963532278     
   9459.95200000011        19.4978434944026     
   9460.08800000011        19.5959525280435     
   9460.22400000011        19.6766514566689     
   9460.36000000011        19.7397183852555     
   9460.49600000011        19.7850027202644     
   9460.63200000011        19.8124120236278     
   9460.76800000011        19.8219160883079     
   9460.90400000011        19.8135503950904     
   9461.04000000011        19.7874113442284     
   9461.17600000011        19.7436563008930     
   9461.31200000011        19.6825025532976     
   9461.44800000011        19.6042297864595     
   9461.58400000011        19.5091730511496     
   9461.72000000011        19.3977224198122     
   9461.85600000011        19.2703199673897     
   9461.99200000011        19.1274639996279     
   9462.12800000012        18.9696890700398     
   9462.26400000012        18.7975846227470     
   9462.40000000012        18.6117751272412     
   9462.53600000012        18.4129227643434     
   9462.67200000012        18.2017244295013     
   9462.80800000012        17.9789057873848     
   9462.94400000012        17.7452186116814     
   9463.08000000012        17.5014368012195     
   9463.21600000012        17.2483495353638     
   9463.35200000012        16.9867602639195     
   9463.48800000012        16.7174807105639     
   9463.62400000012        16.4413314160590     
   9463.76000000012        16.1591305350975     
   9463.89600000012        15.8716947693534     
   9464.03200000012        15.5798338754087     
   9464.16800000012        15.2843510552523     
   9464.30400000012        14.9860324006012     
   9464.44000000012        14.6856489231007     
   9464.57600000012        14.3839516173537     
   9464.71200000012        14.0816710042130     
   9464.84800000012        13.7795114949023     
   9464.98400000012        13.4781511180427     
   9465.12000000012        13.1782382392649     
   9465.25600000012        12.8803894972507     
   9465.39200000013        12.5851878312958     
   9465.52800000013        12.2931858741194     
   9465.66400000013        12.0048972801899     
   9465.80000000013        11.7208033169569     
   9465.93600000013        11.4413482564301     
   9466.07200000013        11.1669367363447     
   9466.20800000013        10.8979377913662     
   9466.34400000013        10.6346844709604     
   9466.48000000013        10.3774735824417     
   9466.61600000013        10.1265650473190     
   9466.75200000013        9.88218524975865     
   9466.88800000013        9.64452388887737     
   9467.02400000013        9.41373508777060     
   9467.16000000013        9.18994992628904     
   9467.29600000013        8.97325891680280     
   9467.43200000013        8.76372537138610     
   9467.56800000013        8.56138639392916     
   9467.70400000013        8.36625140334284     
   9467.84000000013        8.17830470925984     
   9467.97600000013        7.99750886769732     
   9468.11200000013        7.82380159190396     
   9468.24800000013        7.65709944802156     
   9468.38400000013        7.49730914250606     
   9468.52000000014        7.34431172027327     
   9468.65600000014        7.19797324303637     
   9468.79200000014        7.05815522296416     
   9468.92800000014        6.92469861721447     
   9469.06400000014        6.79743633806794     
   9469.20000000014        6.67619486806445     
   9469.33600000014        6.56079104015099     
   9469.47200000014        6.45103744732065     
   9469.60800000014        6.34673997020876     
   9469.74400000014        6.24770318437107     
   9469.88000000014        6.15373005904066     
   9470.01600000014        6.06461665788068     
   9470.15200000014        5.98016761593394     
   9470.28800000014        5.90018248814484     
   9470.42400000014        5.82446041928741     
   9470.56000000014        5.75281232220475     
   9470.69600000014        5.68504233805666     
   9470.83200000014        5.62095948843189     
   9470.96800000014        5.56038505509691     
   9471.10400000014        5.50313666261165     
   9471.24000000014        5.44903660478493     
   9471.37600000014        5.39792098760185     
   9471.51200000014        5.34962036814462     
   9471.64800000014        5.30398244848670     
   9471.78400000015        5.26085278056201     
   9471.92000000015        5.22008267791774     
   9472.05600000015        5.18153790799820     
   9472.19200000015        5.14507923885070     
   9472.32800000015        5.11058496750532     
   9472.46400000015        5.07793160702979     
   9472.60000000015        5.04700134605291     
   9472.73600000015        5.01769058228385     
   9472.87200000015        4.98989005254035     
   9473.00800000015        4.96350797341087     
   9473.14400000015        4.93844971365011     
   9473.28000000015        4.91462645795777     
   9473.41600000015        4.89196177831221     
   9473.55200000015        4.87037344721473     
   9473.68800000015        4.84979518548033     
   9473.82400000015        4.83015481039689     
   9473.96000000015        4.81139542763642     
   9474.09600000015        4.79345532236669     
   9474.23200000015        4.77627662890143     
   9474.36800000015        4.75981441526133     
   9474.50400000015        4.74401558781723     
   9474.64000000015        4.72884175745043     
   9474.77600000015        4.71424656755669     
   9474.91200000015        4.70019739536243     
   9475.04800000016        4.68665280078901     
   9475.18400000016        4.67358508317547     
   9475.32000000016        4.66095993979519     
   9475.45600000016        4.64874942782927     
   9475.59200000016        4.63692597981272     
   9475.72800000016        4.62545260590788     
   9475.86400000016        4.61425420963336     
   9476.00000000016        4.60203410538121     
   9476.13600000016        4.58989299137780     
   9476.27200000016        4.57983400057690     
   9476.40800000016        4.57017912396123     
   9476.54400000016        4.56081373993668     
   9476.68000000016        4.55167824600729     
   9476.81600000016        4.54276001149818     
   9476.95200000016        4.53404041777354     
   9477.08800000016        4.52550744124457     
   9477.22400000016        4.51715328119208     
   9477.36000000016        4.50897514153898     
   9477.49600000016        4.50095537760404     
   9477.63200000016        4.49309075404077     
   9477.76800000016        4.48538065925420     
   9477.90400000016        4.47780793537777     
   9478.04000000016        4.47038013908038     
   9478.17600000017        4.46308421223550     
   9478.31200000017        4.45592532941204     
   9478.44800000017        4.44888454283580     
   9478.58400000017        4.44197326544676     
   9478.72000000017        4.43517720943771     
   9478.85600000017        4.42849865960089     
   9478.99200000017        4.42192878884678     
   9479.12800000017        4.41546831162372     
   9479.26400000017        4.40911251455286     
   9479.40000000017        4.40286212201831     
   9479.53600000017        4.39670955657927     
   9479.67200000017        4.39065438704176     
   9479.80800000017        4.38469220799139     
   9479.94400000017        4.37882313380665     
   9480.08000000017        4.37304563774297     
   9480.21600000017        4.36735294594098     
   9480.35200000017        4.36174713009649     
   9480.48800000017        4.35622329492949     
   9480.62400000017        4.35078019904490     
   9480.76000000017        4.34541654962927     
   9480.89600000017        4.34012825293585     
   9481.03200000017        4.33491471403348     
   9481.16800000017        4.32978113638145     
   9481.30400000017        4.32471243789177     
   9481.44000000018        4.31971664077605     
   9481.57600000018        4.31479080265998     
   9481.71200000018        4.30992768307590     
   9481.84800000018        4.30513597505761     
   9481.98400000018        4.30040258681824     
   9482.12000000018        4.29573441052351     
   9482.25600000018        4.29112702311269     
   9482.39200000018        4.28658095961354     
   9482.52800000018        4.28209406564200     
   9482.66400000018        4.27766137785610     
   9482.80000000018        4.27328689602788     
   9482.93600000018        4.26897015355825     
   9483.07200000018        4.26470450576431     
   9483.20800000018        4.26049226767964     
   9483.34400000018        4.25633250839246     
   9483.48000000018        4.25222037556037     
   9483.61600000018        4.24815998814317     
   9483.75200000018        4.24415109450903     
   9483.88800000018        4.24018710148836     
   9484.02400000018        4.23627032592537     
   9484.16000000018        4.23240045857884     
   9484.29600000018        4.22857550059059     
   9484.43200000018        4.22479705611419     
   9484.56800000018        4.22106136903301     
   9484.70400000019        4.21736526401536     
   9484.84000000019        4.21371143954779     
   9484.97600000019        4.21010036276929     
   9485.11200000019        4.20652927751264     
   9485.24800000019        4.20299898769794     
   9485.38400000019        4.19950791078181     
   9485.52000000019        4.19605230123135     
   9485.65600000019        4.19263441547355     
   9485.79200000019        4.18925713557000     
   9485.92800000019        4.18591323014177     
   9486.06400000019        4.18260414067211     
   9486.20000000019        4.17933456082432     
   9486.33600000019        4.17609464509696     
   9486.47200000019        4.17289080790554     
   9486.60800000019        4.16971910083769     
   9486.74400000019        4.16658042273602     
   9486.88000000019        4.16347494945550     
   9487.01600000019        4.16039798538259     
   9487.15200000019        4.15735833918551     
   9487.28800000019        4.15434316433434     
   9487.42400000019        4.15136305936443     
   9487.56000000019        4.14840739531521     
   9487.69600000019        4.14548601756409     
   9487.83200000019        4.14258847381621     
   9487.96800000020        4.13972332208507     
   9488.10400000020        4.13688301929996     
   9488.24000000020        4.13407274170493     
   9488.37600000020        4.13128744574251     
   9488.51200000020        4.12852749784422     
   9488.64800000020        4.12579670560601     
   9488.78400000020        4.12309252532087     
   9488.92000000020        4.12040888730876     
   9489.05600000020        4.11775255869730     
   9489.19200000020        4.11512318932543     
   9489.32800000020        4.11251395188447     
   9489.46400000020        4.10993053495844     
   9489.60000000020        4.10737032801720     
   9489.73600000020        4.10483306134147     
   9489.87200000020        4.10231940198516     
   9490.00800000020        4.09982960181017     
   9490.14400000020        4.09735936941222     
   9490.28000000020        4.09491142227220     
   9490.41600000020        4.09248433739515     
   9490.55200000020        4.09008091151852     
   9490.68800000020        4.08769717842732     
   9490.82400000020        4.08533588755247     
   9490.96000000020        4.08299045913682     
   9491.09600000021        4.08066697961918     
   9491.23200000021        4.07836440814769     
   9491.36800000021        4.07608276591856     
   9491.50400000021        4.07381779121939     
   9491.64000000021        4.07157131658803     
   9491.77600000021        4.06934638694406     
   9491.91200000021        4.06713517735240     
   9492.04800000021        4.06494760329322     
   9492.18400000021        4.06277509831746     
   9492.32000000021        4.06062071300821     
   9492.45600000021        4.05848312258437     
   9492.59200000021        4.05636652749641     
   9492.72800000021        4.05426359477852     
   9492.86400000021        4.05217702356580     
   9493.00000000021        4.05010842346215     
   9493.13600000021        4.04805576784956     
   9493.27200000021        4.04602056921954     
   9493.40800000021        4.04399886172565     
   9493.54400000021        4.04199505564850     
   9493.68000000021        4.04000607436766     
   9493.81600000021        4.03803148200578     
   9493.95200000021        4.03607427172401     
   9494.08800000021        4.03413016573595     
   9494.22400000021        4.03220205336925     
   9494.36000000022        4.03028671220315     
   9494.49600000022        4.02838777901546     
   9494.63200000022        4.02650200538913     
   9494.76800000022        4.02463272784842     
   9494.90400000022        4.02277411517771     
   9495.04000000022        4.02092975875987     
   9495.17600000022        4.01909932061086     
   9495.31200000022        4.01728484317766     
   9495.44800000022        4.01548030984123     
   9495.58400000022        4.01369102825322     
   9495.72000000022        4.01191539157772     
   9495.85600000022        4.01014945892520     
   9495.99200000022        4.00839641835069     
   9496.12800000022        4.00665832257284     
   9496.26400000022        4.00493200889474     
   9496.40000000022        4.00321601120113     
   9496.53600000022        4.00151156119239     
   9496.67200000022        3.99982475475334     
   9496.80800000022        3.99814436473737     
   9496.94400000022        3.99647822239209     
   9497.08000000022        3.99482214534286     
   9497.21600000022        3.99317730797886     
   9497.35200000022        3.99154294221020     
   9497.48800000022        3.98992240890836     
   9497.62400000023        3.98831257093402     
   9497.76000000023        3.98671179044546     
   9497.89600000023        3.98512367890103     
   9498.03200000023        3.98354382749310     
   9498.16800000023        3.98197720538088     
   9498.30400000023        3.98041950611777     
   9498.44000000023        3.97887034249397     
   9498.57600000023        3.97733398057964     
   9498.71200000023        3.97580925174203     
   9498.84800000023        3.97429236018442     
   9498.98400000023        3.97278368275215     
   9499.12000000023        3.97128699257362     
   9499.25600000023        3.96979929193473     
   9499.39200000023        3.96832052760862     
   9499.52800000023        3.96685352084557     
   9499.66400000023        3.96539333498782     
   9499.80000000023        3.96394619454225     
   9499.93600000023        3.96250373984836     
   9500.07200000023        3.96107121507830     
   9500.20800000023        3.95964769543408     
   9500.34400000023        3.95823467633052     
   9500.48000000023        3.95682975726172     
   9500.61600000023        3.95543317493110     
   9500.75200000024        3.95404820146475     
   9500.88800000024        3.95266791156042     
   9501.02400000024        3.95129748457064     
   9501.16000000024        3.94993503940880     
   9501.29600000024        3.94858057716019     
   9501.43200000024        3.94723543846906     
   9501.56800000024        3.94589780598781     
   9501.70400000024        3.94456774104676     
   9501.84000000024        3.94324647113429     
   9501.97600000024        3.94193446520972     
   9502.11200000024        3.94062810186685     
   9502.24800000024        3.93932824547218     
   9502.38400000024        3.93804026568992     
   9502.52000000024        3.93675554365399     
   9502.65600000024        3.93547819903799     
   9502.79200000024        3.93421388080148     
   9502.92800000024        3.93295175322090     
   9503.06400000024        3.93169983579724     
   9503.20000000024        3.93045286435166     
   9503.33600000024        3.92921372823800     
   9503.47200000024        3.92798334741540     
   9503.60800000024        3.92675698599516     
   9503.74400000024        3.92554269269379     
   9503.88000000024        3.92432996533219     
   9504.01600000025        3.92312411820300     
   9504.15200000025        3.92192919613932     
   9504.28800000025        3.92073698258217     
   9504.42400000025        3.91955513968397     
   9504.56000000025        3.91837623218337     
   9504.69600000025        3.91720607197830     
   9504.83200000025        3.91604300397143     
   9504.96800000025        3.91488367988442     
   9505.10400000025        3.91373457236945     
   9505.24000000025        3.91258744105576     
   9505.37600000025        3.91145006700204     
   9505.51200000025        3.91031553340028     
   9505.64800000025        3.90918907978909     
   9505.78400000025        3.90806961347527     
   9505.92000000025        3.90695454554963     
   9506.05600000025        3.90584545515072     
   9506.19200000025        3.90474315845608     
   9506.32800000025        3.90364567126114     
   9506.46400000025        3.90255386854065     
   9506.60000000025        3.90146905254859     
   9506.73600000025        3.90039077221621     
   9506.87200000025        3.89931550170967     
   9507.00800000025        3.89824663561264     
   9507.14400000025        3.89718492335852     
   9507.28000000026        3.89612637728046     
   9507.41600000026        3.89507514967940     
   9507.55200000026        3.89402688550830     
   9507.68800000026        3.89298620070165     
   9507.82400000026        3.89194991922903     
   9507.96000000026        3.89092015317133     
   9508.09600000026        3.88989286992248     
   9508.23200000026        3.88887552073194     
   9508.36800000026        3.88785797900028     
   9508.50400000026        3.88684873399132     
   9508.64000000026        3.88584316897303     
   9508.77600000026        3.88484193394312     
   9508.91200000026        3.88384882825133     
   9509.04800000026        3.88285643613179     
   9509.18400000026        3.88187374130388     
   9509.32000000026        3.88089069999169     
   9509.45600000026        3.87991583232954     
   9509.59200000026        3.87894375159464     
   9509.72800000026        3.87797779181951     
   9509.86400000026        3.87701500425882     
   9510.00000000026        3.87605839628945     
   9510.13600000026        3.87510403354433     
   9510.27200000026        3.87415760336399     
   9510.40800000027        3.87321342670507     
   9510.54400000027        3.87227269621774     
   9510.68000000027        3.87133920828779     
   9510.81600000027        3.87040598495978     
   9510.95200000027        3.86948146796612     
   9511.08800000027        3.86855991936208     
   9511.22400000027        3.86764071679262     
   9511.36000000027        3.86672911208155     
   9511.49600000027        3.86581922274180     
   9511.63200000027        3.86491259744168     
   9511.76800000027        3.86401241467527     
   9511.90400000027        3.86311456746449     
   9512.04000000027        3.86222319015080     
   9512.17600000027        3.86133284319268     
   9512.31200000027        3.86044833473636     
   9512.44800000027        3.85956830055141     
   9512.58400000027        3.85869082960357     
   9512.72000000027        3.85781680351467     
   9512.85600000027        3.85694817485028     
   9512.99200000027        3.85608271783972     
   9513.12800000027        3.85522234895813     
   9513.26400000027        3.85436261641722     
   9513.40000000027        3.85351142514319     
   9513.53600000027        3.85265931136516     
   9513.67200000028        3.85181256667076     
   9513.80800000028        3.85097133867800     
   9513.94400000028        3.85012988622140     
   9514.08000000028        3.84929524124262     
   9514.21600000028        3.84846408118500     
   9514.35200000028        3.84763339519454     
   9514.48800000028        3.84681012504751     
   9514.62400000028        3.84598854814348     
   9514.76000000028        3.84516866033419     
   9514.89600000028        3.84435667733410     
   9515.03200000028        3.84354606658788     
   9515.16800000028        3.84273666755084     
   9515.30400000028        3.84193315043021     
   9515.44000000028        3.84113180974954     
   9515.57600000028        3.84033408657570     
   9515.71200000028        3.83954037516438     
   9515.84800000028        3.83874987604038     
   9515.98400000028        3.83796225507032     
   9516.12000000028        3.83717809028380     
   9516.25600000028        3.83639676201763     
   9516.39200000028        3.83561818222105     
   9516.52800000028        3.83484362219730     
   9516.66400000028        3.83407372386000     
   9516.80000000028        3.83330304666125     
   9516.93600000029        3.83253786887505     
   9517.07200000029        3.83177423869739     
   9517.20800000029        3.83101648404937     
   9517.34400000029        3.83026051936934     
   9517.48000000029        3.82950812400651     
   9517.61600000029        3.82875663761597     
   9517.75200000029        3.82800967251304     
   9517.88800000029        3.82726561392231     
   9518.02400000029        3.82652515757779     
   9518.16000000029        3.82578502097811     
   9518.29600000029        3.82505279172322     
   9518.43200000029        3.82431861273687     
   9518.56800000029        3.82358864333668     
   9518.70400000029        3.82286190129316     
   9518.84000000029        3.82213837826274     
   9518.97600000029        3.82141635445781     
   9519.11200000029        3.82069870679004     
   9519.24800000029        3.81998126069966     
   9519.38400000029        3.81927120829873     
   9519.52000000029        3.81855870008587     
   9519.65600000029        3.81785191570764     
   9519.79200000029        3.81714845900827     
   9519.92800000029        3.81644600896001     
   9520.06400000029        3.81574510196282     
   9520.20000000030        3.81504899375316     
   9520.33600000030        3.81435494875334     
   9520.47200000030        3.81366390532309     
   9520.60800000030        3.81297426487286     
   9520.74400000030        3.81228749530743     
   9520.88000000030        3.81160591372358     
   9521.01600000030        3.81092341069004     
   9521.15200000030        3.81024465271988     
   9521.28800000030        3.80956703388759     
   9521.42400000030        3.80889370051690     
   9521.56000000030        3.80822423812995     
   9521.69600000030        3.80755440266253     
   9521.83200000030        3.80688657084652     
   9521.96800000030        3.80622279179997     
   9522.10400000030        3.80556389736382     
   9522.24000000030        3.80490231321769     
   9522.37600000030        3.80424618973161     
   9522.51200000030        3.80359178684184     
   9522.64800000030        3.80294020216665     
   9522.78400000030        3.80229047327702     
   9522.92000000030        3.80164373825831     
   9523.05600000030        3.80099677875997     
   9523.19200000030        3.80035705619807     
   9523.32800000031        3.79971480072494     
   9523.46400000031        3.79907763660197     
   9523.60000000031        3.79844199573740     
   9523.73600000031        3.79780830257044     
   9523.87200000031        3.79717854385575     
   9524.00800000031        3.79654699619246     
   9524.14400000031        3.79592015250047     
   9524.28000000031        3.79529659033014     
   9524.41600000031        3.79467406847302     
   9524.55200000031        3.79405308428164     
   9524.68800000031        3.79343415151241     
   9524.82400000031        3.79281701658114     
   9524.96000000031        3.79220303504347     
   9525.09600000031        3.79159213554390     
   9525.23200000031        3.79098077052682     
   9525.36800000031        3.79037167878067     
   9525.50400000031        3.78976804050909     
   9525.64000000031        3.78916447408553     
   9525.77600000031        3.78856106856719     
   9525.91200000031        3.78796249945745     
   9526.04800000031        3.78736188959330     
   9526.18400000031        3.78676716033667     
   9526.32000000031        3.78617312951590     
   9526.45600000031        3.78558044974573     
   9526.59200000032        3.78498997997056     
   9526.72800000032        3.78440298142257     
   9526.86400000032        3.78381613741145     
   9527.00000000032        3.78322981817984     
   9527.13600000032        3.78264924350550     
   9527.27200000032        3.78206844189121     
   9527.40800000032        3.78148977331443     
   9527.54400000032        3.78091147633814     
   9527.68000000032        3.78033648540348     
   9527.81600000032        3.77976582965769     
   9527.95200000032        3.77919256536642     
   9528.08800000032        3.77862364428985     
   9528.22400000032        3.77805774750236     
   9528.36000000032        3.77749038484766     
   9528.49600000032        3.77692547490549     
   9528.63200000032        3.77636398063192     
   9528.76800000032        3.77580442368000     
   9528.90400000032        3.77524369108406     
   9529.04000000032        3.77468935914002     
   9529.17600000032        3.77413459837168     
   9529.31200000032        3.77358003057957     
   9529.44800000032        3.77303001646877     
   9529.58400000032        3.77248042026883     
   9529.72000000032        3.77193329145122     
   9529.85600000033        3.77138468681975     
   9529.99200000033        3.77084121902720     
   9530.12800000033        3.77029846248549     
   9530.26400000033        3.76975744964577     
   9530.40000000033        3.76921768053090     
   9530.53600000033        3.76867982398555     
   9530.67200000033        3.76814652840059     
   9530.80800000033        3.76761028235430     
   9530.94400000033        3.76707818743946     
   9531.08000000033        3.76654790891287     
   9531.21600000033        3.76601638911242     
   9531.35200000033        3.76548755082380     
   9531.48800000033        3.76496226396219     
   9531.62400000033        3.76443784827793     
   9531.76000000033        3.76391267995935     
   9531.89600000033        3.76339380513086     
   9532.03200000033        3.76287374348075     
   9532.16800000033        3.76235358155167     
   9532.30400000033        3.76183644836044     
   9532.44000000033        3.76132020503506     
   9532.57600000033        3.76080722177474     
   9532.71200000033        3.76029239790307     
   9532.84800000033        3.75978128790436     
   9532.98400000034        3.75927130346583     
   9533.12000000034        3.75876355803164     
   9533.25600000034        3.75825685214844     
   9533.39200000034        3.75775115782380     
   9533.52800000034        3.75724693961301     
   9533.66400000034        3.75674270092857     
   9533.80000000034        3.75624213467736     
   9533.93600000034        3.75574182105916     
   9534.07200000034        3.75524116786692     
   9534.20800000034        3.75474407528830     
   9534.34400000034        3.75425074080781     
   9534.48000000034        3.75375557871575     
   9534.61600000034        3.75326289078411     
   9534.75200000034        3.75277156178877     
   9534.88800000034        3.75228064591387     
   9535.02400000034        3.75179003603785     
   9535.16000000034        3.75130247850925     
   9535.29600000034        3.75081664736612     
   9535.43200000034        3.75033077875767     
   9535.56800000034        3.74985011686120     
   9535.70400000034        3.74936740732075     
   9535.84000000034        3.74888680714260     
   9535.97600000034        3.74840947037977     
   9536.11200000034        3.74792951329755     
   9536.24800000035        3.74745295388156     
   9536.38400000035        3.74697644772332     
   9536.52000000035        3.74650355711681     
   9536.65600000035        3.74603044330496     
   9536.79200000035        3.74556129657813     
   9536.92800000035        3.74509198340103     
   9537.06400000035        3.74462158361949     
   9537.20000000035        3.74415687361070     
   9537.33600000035        3.74369101658207     
   9537.47200000035        3.74322522695538     
   9537.60800000035        3.74276293626292     
   9537.74400000035        3.74230124396707     
   9537.88000000035        3.74184033938946     
   9538.01600000035        3.74138288893264     
   9538.15200000035        3.74092317363544     
   9538.28800000035        3.74046589090489     
   9538.42400000035        3.74000799233844     
   9538.56000000035        3.73955650640623     
   9538.69600000035        3.73910299920316     
   9538.83200000035        3.73865089350609     
   9538.96800000035        3.73820093252742     
   9539.10400000035        3.73774942425213     
   9539.24000000035        3.73730217912024     
   9539.37600000035        3.73685435894707     
   9539.51200000036        3.73640599003505     
   9539.64800000036        3.73596081000681     
   9539.78400000036        3.73551896035710     
   9539.92000000036        3.73507520843576     
   9540.05600000036        3.73463347937837     
   9540.19200000036        3.73419180718569     
   9540.32800000036        3.73375164359564     
   9540.46400000036        3.73331215953368     
   9540.60000000036        3.73287298439980     
   9540.73600000036        3.73243543258827     
   9540.87200000036        3.73199847946736     
   9541.00800000036        3.73156638760403     
   9541.14400000036        3.73113124814881     
   9541.28000000036        3.73069840548557     
   9541.41600000036        3.73026612425014     
   9541.55200000036        3.72983379052257     
   9541.68800000036        3.72940404667986     
   9541.82400000036        3.72897584072236     
   9541.96000000036        3.72854716732176     
   9542.09600000036        3.72812040917293     
   9542.23200000036        3.72769306842472     
   9542.36800000036        3.72727091574194     
   9542.50400000036        3.72684733665778     
   9542.64000000037        3.72642239421577     
   9542.77600000037        3.72600237144991     
   9542.91200000037        3.72558178907695     
   9543.04800000037        3.72516180530147     
   9543.18400000037        3.72474329961642     
   9543.32000000037        3.72432557900518     
   9543.45600000037        3.72390901790051     
   9543.59200000037        3.72349641640001     
   9543.72800000037        3.72308031464056     
   9543.86400000037        3.72266771393830     
   9544.00000000037        3.72225550149935     
   9544.13600000037        3.72184517011450     
   9544.27200000037        3.72143581647563     
   9544.40800000037        3.72102732121271     
   9544.54400000037        3.72061999771542     
   9544.68000000037        3.72021369181793     
   9544.81600000037        3.71980839566490     
   9544.95200000037        3.71940404347490     
   9545.08800000037        3.71900099392788     
   9545.22400000037        3.71859723014240     
   9545.36000000037        3.71819840751026     
   9545.49600000037        3.71779798227196     
   9545.63200000037        3.71739891804300     
   9545.76800000037        3.71700059029476     
   9545.90400000038        3.71660226795232     
   9546.04000000038        3.71620600463820     
   9546.17600000038        3.71581238001928     
   9546.31200000038        3.71541615451270     
   9546.44800000038        3.71502287200500     
   9546.58400000038        3.71462946103765     
   9546.72000000038        3.71423958751771     
   9546.85600000038        3.71384878562831     
   9546.99200000038        3.71345753566539     
   9547.12800000038        3.71306878680345     
   9547.26400000038        3.71268014652735     
   9547.40000000038        3.71228966927939     
   9547.53600000038        3.71190414493707     
   9547.67200000038        3.71151766605097     
   9547.80800000038        3.71113121949993     
   9547.94400000038        3.71074898260568     
   9548.08000000038        3.71036331818870     
   9548.21600000038        3.70997972207427     
   9548.35200000038        3.70959715278736     
   9548.48800000038        3.70921344119595     
   9548.62400000038        3.70883212079393     
   9548.76000000038        3.70845220464343     
   9548.89600000038        3.70807085315714     
   9549.03200000038        3.70769173452654     
   9549.16800000039        3.70731192911179     
   9549.30400000039        3.70693655803547     
   9549.44000000039        3.70655942140454     
   9549.57600000039        3.70618066569177     
   9549.71200000039        3.70580472643934     
   9549.84800000039        3.70543068950154     
   9549.98400000039        3.70505524308262     
   9550.12000000039        3.70468276808236     
   9550.25600000039        3.70430952000665     
   9550.39200000039        3.70393700176603     
   9550.52800000039        3.70356585527056     
   9550.66400000039        3.70319604259827     
   9550.80000000039        3.70282697932133     
   9550.93600000039        3.70245865486723     
   9551.07200000039        3.70209091085044     
   9551.20800000039        3.70172420989755     
   9551.34400000039        3.70135782219755     
   9551.48000000039        3.70099332883108     
   9551.61600000039        3.70062979360260     
   9551.75200000039        3.70026450807145     
   9551.88800000039        3.69990212835640     
   9552.02400000039        3.69954358694022     
   9552.16000000039        3.69918174678659     
   9552.29600000039        3.69882290909926     
   9552.43200000040        3.69846578207733     
   9552.56800000040        3.69810877199263     
   9552.70400000040        3.69775194063376     
   9552.84000000040        3.69739705683877     
   9552.97600000040        3.69704107035090     
   9553.11200000040        3.69668732918872     
   9553.24800000040        3.69633402966370     
   9553.38400000040        3.69598226744420     
   9553.52000000040        3.69563145347703     
   9553.65600000040        3.69528086814298     
   9553.79200000040        3.69493276652576     
   9553.92800000040        3.69458421922832     
   9554.06400000040        3.69423440825398     
   9554.20000000040        3.69388757727464     
   9554.33600000040        3.69354152160327     
   9554.47200000040        3.69319320375963     
   9554.60800000040        3.69284979854518     
   9554.74400000040        3.69250469136124     
   9554.88000000040        3.69216005238836     
   9555.01600000040        3.69181672972879     
   9555.15200000040        3.69147480063722     
   9555.28800000040        3.69113244689378     
   9555.42400000040        3.69079080082404     
   9555.56000000041        3.69044972738327     
   9555.69600000041        3.69010700778882     
   9555.83200000041        3.68976665942979     
   9555.96800000041        3.68942604061536     
   9556.10400000041        3.68908694664133     
   9556.24000000041        3.68874798335619     
   9556.37600000041        3.68840810562553     
   9556.51200000041        3.68807216184616     
   9556.64800000041        3.68773401742899     
   9556.78400000041        3.68739390367465     
   9556.92000000041        3.68705725563069     
   9557.05600000041        3.68672125990435     
   9557.19200000041        3.68638381689376     
   9557.32800000041        3.68604779660441     
   9557.46400000041        3.68571396678000     
   9557.60000000041        3.68537840623219     
   9557.73600000041        3.68504363689461     
   9557.87200000041        3.68471243688425     
   9558.00800000041        3.68437648300896     
   9558.14400000041        3.68404389174950     
   9558.28000000041        3.68371182079977     
   9558.41600000041        3.68337982289511     
   9558.55200000041        3.68304901302677     
   9558.68800000041        3.68271771368034     
   9558.82400000042        3.68238857806617     
   9558.96000000042        3.68205987650299     
   9559.09600000042        3.68172921549842     
   9559.23200000042        3.68140138941738     
   9559.36800000042        3.68107812614470     
   9559.50400000042        3.68075226659543     
   9559.64000000042        3.68042572482316     
   9559.77600000042        3.68010285923239     
   9559.91200000042        3.67977875122368     
   9560.04800000042        3.67945576987778     
   9560.18400000042        3.67913480035521     
   9560.32000000042        3.67881230420372     
   9560.45600000042        3.67849205071428     
   9560.59200000042        3.67817283545977     
   9560.72800000042        3.67785508746784     
   9560.86400000042        3.67753813433854     
   9561.00000000042        3.67722233191615     
   9561.13600000042        3.67690604349277     
   9561.27200000042        3.67659241110377     
   9561.40800000042        3.67627856311463     
   9561.54400000042        3.67596436621964     
   9561.68000000042        3.67565234414131     
   9561.81600000042        3.67534040931092     
   9561.95200000042        3.67502703958860     
   9562.08800000043        3.67471915611492     
   9562.22400000043        3.67440953800150     
   9562.36000000043        3.67410084510924     
   9562.49600000043        3.67379194738255     
   9562.63200000043        3.67348626973072     
   9562.76800000043        3.67317788512165     
   9562.90400000043        3.67287083344502     
   9563.04000000043        3.67256502823255     
   9563.17600000043        3.67225712920975     
   9563.31200000043        3.67195187805788     
   9563.44800000043        3.67164829807188     
   9563.58400000043        3.67134249105861     
   9563.72000000043        3.67103868196400     
   9563.85600000043        3.67073460971954     
   9563.99200000043        3.67043196519812     
   9564.12800000043        3.67012795705603     
   9564.26400000043        3.66982453548954     
   9564.40000000043        3.66951897557878     
   9564.53600000043        3.66921666075046     
   9564.67200000043        3.66891334279706     
   9564.80800000043        3.66860939281776     
   9564.94400000043        3.66830827600810     
   9565.08000000043        3.66800634274802     
   9565.21600000044        3.66770317475760     
   9565.35200000044        3.66740033547672     
   9565.48800000044        3.66710109237926     
   9565.62400000044        3.66679684443784     
   9565.76000000044        3.66649568695716     
   9565.89600000044        3.66619398300343     
   9566.03200000044        3.66589227124807     
   9566.16800000044        3.66559156560922     
   9566.30400000044        3.66529245752124     
   9566.44000000044        3.66499131098752     
   9566.57600000044        3.66469125130102     
   9566.71200000044        3.66439168245457     
   9566.84800000044        3.66409311643884     
   9566.98400000044        3.66379450010732     
