124080	15294.6 124.481 54.6
124081	6015.08 78.8576 55.3
124084	5250.42 73.492 40.95
124085	6229.9 80.2643 57.75
124086	6781.56 83.1748 37.1
124087	8421.1 92.7088 47.25
124089	9063.74 95.8708 34.65
124091	15668.5 125.836 45.15
124092	13349.6 116.002 29.05
124102	34554.4 186.89 101.5
124103	3597.14 60.924 31.15
124106	3594.56 61.0823 37.1
124107	4388.92 67.137 32.2
124109	5064.8 71.8875 28
124110	10699.1 104.131 39.2
124111	14526.2 121.143 40.6
124112	18298.8 135.781 37.45
124113	6536.3 82.0724 54.25
124114	8162.06 91.9755 80.85
124115	8366.1 93.1058 82.25
124117	1866.78 43.9889 18.55
124121	4417.68 67.5989 41.3
124123	8048.14 91.4105 83.65
124125	8353.02 92.9801 79.45
124126	7349.84 87.4708 81.9
124127	8455.56 93.3853 72.1
124128	7981.88 90.686 65.8
124129	8191.68 92.0455 76.3
124132	4479.64 68.0178 39.9
124134	4139.7 65.2842 33.25
124137	8376.36 93.1678 82.6
124138	8571.1 94.2002 82.25
124139	8529.86 93.8165 73.85
124140	8134.76 91.7919 79.1
124141	8036.9 91.1797 75.25
124142	7057 84.3883 17.5
124144	36559.7 191.875 69.65
124146	24010.5 155.455 42.35
124149	17542.9 133.007 40.25
124150	36135.5 190.945 88.2
124152	40766.9 202.739 91.35
124153	39305.1 199.104 91.7
124154	38261.9 196.388 83.3
124155	11484.3 107.632 27.3
124156	40584.8 202.337 96.6
124159	22887.9 151.971 56.35
124162	36578.4 192.075 85.4
124165	39998.9 200.848 92.75
124166	39213 198.908 95.55
124167	37585.9 194.749 92.75
124170	25779.9 161.205 56.35
124171	38444.4 196.846 82.6
124172	45290.4 213.691 101.5
124173	48701.2 221.548 103.95
124174	47606.3 219.075 105.35
124175	49112.4 222.532 110.95
124176	48189.1 220.366 101.15
124177	43474 209.416 103.6
124178	8960.12 95.0787 21.7
124179	46323.7 216.098 101.85
124181	38803.1 197.84 91.7
124185	18154.1 135.252 37.8
124186	41722.4 205.173 101.5
124188	34061.1 185.374 82.25
124190	45259.3 213.651 105.35
124192	45007.5 212.983 96.25
124193	47426 218.728 113.05
124194	46822.9 217.241 100.8
